300,1648819473.0768313,172.0098876953125,89.40754699707031,1361.1258544921875,0.9507243633270264,0.30418187379837036,0.05997154489159584,0.29610276222229004,-0.9481843113899231,0.11519426107406616,0.09190408140420914,-0.09176024794578552,-0.9915310144424438
4,1648819473.0768435,91.25939178466797,-86.65141296386719,1524.42138671875,0.16188812255859375,-0.9853280782699585,0.05404434725642204,-0.9806302785873413,-0.16675212979316711,-0.10275188833475113,0.11025632917881012,-0.03636321425437927,-0.9932377934455872
300,1648819473.1084766,172.01539611816406,89.40996551513672,1361.110107421875,0.9506194591522217,0.30429571866989136,0.061047330498695374,0.2960833013057709,-0.948146402835846,0.11555533856153488,0.09304480254650116,-0.09177405387163162,-0.9914233088493347
4,1648819473.1084845,90.7326431274414,-86.74943542480469,1524.51171875,0.15816143155097961,-0.9861989617347717,0.04895440489053726,-0.9811131358146667,-0.1625506728887558,-0.10485360026359558,0.11136408150196075,-0.03144601732492447,-0.9932820200920105
300,1648819473.1382027,172.0248565673828,89.40625762939453,1361.0501708984375,0.9505088925361633,0.30438539385795593,0.06230875104665756,0.29601749777793884,-0.9481168985366821,0.1159653589129448,0.0943741425871849,-0.0917816236615181,-0.9912969470024109
4,1648819473.1382103,90.5950927734375,-86.7898941040039,1524.509033203125,0.15690848231315613,-0.9863550066947937,0.04983464628458023,-0.9811685681343079,-0.16144110262393951,-0.10604226589202881,0.11264067888259888,-0.032257258892059326,-0.9931120276451111
300,1648819473.168882,172.01609802246094,89.42076873779297,1361.0888671875,0.9505687952041626,0.30428069829940796,0.06190519034862518,0.29599425196647644,-0.9481806755065918,0.11550219357013702,0.09384239464998245,-0.09146919846534729,-0.9913763403892517
4,1648819473.1688898,90.73079681396484,-86.7475357055664,1524.517822265625,0.1576933115720749,-0.9860551953315735,0.053178828209638596,-0.9811031818389893,-0.16256043314933777,-0.10493192821741104,0.11211344599723816,-0.0356268510222435,-0.9930565357208252
300,1648819473.1983483,172.0155792236328,89.40955352783203,1361.1094970703125,0.9506126046180725,0.30424830317497253,0.06138960272073746,0.2960868775844574,-0.9482517242431641,0.11467855423688889,0.0931035578250885,-0.090838223695755,-0.9915039539337158
4,1648819473.1983566,91.13351440429688,-86.68702697753906,1524.543701171875,0.1605832427740097,-0.9855057001113892,0.05469478294253349,-0.9806990623474121,-0.16557176411151886,-0.10399677604436874,0.11154533177614212,-0.03693898394703865,-0.9930725693702698
300,1648819473.2288773,172.00816345214844,89.42379760742188,1361.1300048828125,0.9507017731666565,0.30411070585250854,0.06068605184555054,0.29594865441322327,-0.9482099413871765,0.11537879705429077,0.09263104200363159,-0.09173087030649185,-0.9914660453796387
4,1648819473.228885,91.50455474853516,-86.605224609375,1524.6116943359375,0.16330188512802124,-0.9850658178329468,0.05456971377134323,-0.9804028868675232,-0.16820962727069855,-0.10254596173763275,0.11019366979598999,-0.03675435483455658,-0.9932303428649902
300,1648819473.2606726,172.01316833496094,89.41604614257812,1361.072021484375,0.9506338238716125,0.30414628982543945,0.061566062271595,0.29589182138442993,-0.9482132196426392,0.11549780517816544,0.09350597858428955,-0.09157922863960266,-0.9913979172706604
4,1648819473.26068,91.94001007080078,-86.53251647949219,1524.5460205078125,0.1664876788854599,-0.9843234419822693,0.05821719020605087,-0.9797657132148743,-0.17179085314273834,-0.10269889235496521,0.11109010875225067,-0.039941105991601944,-0.9930074214935303
300,1648819473.2900364,172.0155792236328,89.41651153564453,1361.0596923828125,0.950616717338562,0.3042297661304474,0.06141749024391174,0.295997679233551,-0.9481916427612305,0.11540339142084122,0.09334469586610794,-0.09152495861053467,-0.9914181232452393
4,1648819473.2900438,92.18110656738281,-86.4932632446289,1524.5308837890625,0.16815660893917084,-0.9840118885040283,0.0586852990090847,-0.9793472290039062,-0.17354604601860046,-0.10373412072658539,0.11226021498441696,-0.04002970829606056,-0.9928722381591797
300,1648819473.320573,172.0172882080078,89.4082260131836,1361.101806640625,0.9506538510322571,0.30420657992362976,0.06095618009567261,0.2960573136806488,-0.9482252597808838,0.11497345566749573,0.0927758738398552,-0.09125343710184097,-0.9914965629577637
4,1648819473.3205817,92.7708511352539,-86.36949920654297,1524.527099609375,0.17305877804756165,-0.983076274394989,0.0600975900888443,-0.9786396622657776,-0.17851147055625916,-0.10197099298238754,0.11097337305545807,-0.04116690903902054,-0.9929704070091248
300,1648819473.350037,172.01129150390625,89.3974838256836,1361.1136474609375,0.9506613612174988,0.30422359704971313,0.0607537217438221,0.2960430681705475,-0.9481649398803711,0.11550639569759369,0.09274432063102722,-0.09182174503803253,-0.9914470314979553
4,1648819473.3500445,93.15054321289062,-86.31779479980469,1524.5010986328125,0.17538048326969147,-0.9824867248535156,0.06294042617082596,-0.9779699444770813,-0.18121229112148285,-0.10361924767494202,0.11321011930704117,-0.04338104650378227,-0.9926235675811768
300,1648819473.3810396,172.01644897460938,89.3922348022461,1361.1539306640625,0.9506993293762207,0.304168701171875,0.060433339327573776,0.2959565818309784,-0.9481116533279419,0.11616375297307968,0.09263093024492264,-0.09255115687847137,-0.991389811038971
4,1648819473.3810472,93.00895690917969,-86.36145782470703,1524.772216796875,0.1746239960193634,-0.9825791120529175,0.06359799951314926,-0.978314220905304,-0.18044769763946533,-0.10168565809726715,0.11139031499624252,-0.044462066143751144,-0.9927815794944763
300,1648819473.4124331,172.02072143554688,89.38472747802734,1361.12890625,0.9506345987319946,0.3042242228984833,0.061167698353528976,0.2960396409034729,-0.9482102394104004,0.11514270305633545,0.09302903711795807,-0.09135057032108307,-0.9914638996124268
4,1648819473.4124408,93.1008071899414,-86.36376190185547,1524.91650390625,0.17577549815177917,-0.9825507402420044,0.06080273911356926,-0.9781752824783325,-0.18127673864364624,-0.10154707729816437,0.11079727858304977,-0.041626252233982086,-0.992970883846283
300,1648819473.4421222,172.01611328125,89.39276885986328,1361.1787109375,0.9507139325141907,0.30415835976600647,0.060255758464336395,0.29604780673980713,-0.9481945633888245,0.11525103449821472,0.0921887457370758,-0.09173217415809631,-0.9915071725845337
4,1648819473.44213,93.0809326171875,-86.36438751220703,1524.8331298828125,0.17511604726314545,-0.9825005531311035,0.06345870345830917,-0.9780265092849731,-0.18100066483020782,-0.10345503687858582,0.11313070356845856,-0.043947651982307434,-0.9926077127456665
300,1648819473.4726636,172.0166473388672,89.37903594970703,1361.1348876953125,0.9506190419197083,0.304320752620697,0.060928329825401306,0.2961099147796631,-0.948125958442688,0.11565511673688889,0.09296398609876633,-0.0919024795293808,-0.9914190173149109
4,1648819473.4726715,93.19635772705078,-86.33576202392578,1524.7174072265625,0.17557625472545624,-0.9823718070983887,0.06417665630578995,-0.9780799746513367,-0.1814793348312378,-0.1021018773317337,0.11194873601198196,-0.04484323412179947,-0.9927016496658325
300,1648819473.5049798,172.0185546875,89.39921569824219,1361.1474609375,0.9506511688232422,0.3042598068714142,0.060731109231710434,0.29611948132514954,-0.9481908082962036,0.11509773880243301,0.09260429441928864,-0.09143413603305817,-0.9914959669113159
4,1648819473.504988,93.40994262695312,-86.25371551513672,1524.504638671875,0.17729151248931885,-0.9821709394454956,0.06251346319913864,-0.9778069853782654,-0.18299643695354462,-0.1020086258649826,0.11162964999675751,-0.043040841817855835,-0.9928173422813416
300,1648819473.534618,172.02003479003906,89.39691925048828,1361.152099609375,0.9507261514663696,0.30417299270629883,0.059987831860780716,0.2960534989833832,-0.9481486678123474,0.1156134381890297,0.09204386174678802,-0.09215711057186127,-0.9914811849594116
4,1648819473.534626,93.80952453613281,-86.17060089111328,1524.3934326171875,0.18036577105522156,-0.981342613697052,0.06659442186355591,-0.977321207523346,-0.1864408403635025,-0.10041454434394836,0.11095698922872543,-0.046972792595624924,-0.992714524269104
300,1648819473.5645404,172.0085906982422,89.40313720703125,1361.13720703125,0.9507009387016296,0.3042158782482147,0.06017012894153595,0.29607874155044556,-0.9481399655342102,0.11562015116214752,0.09222318977117538,-0.09210509061813354,-0.9914693832397461
4,1648819473.564548,94.26783752441406,-86.06075286865234,1524.4422607421875,0.18402279913425446,-0.9807149767875671,0.0658310204744339,-0.9765886664390564,-0.19001725316047668,-0.10083681344985962,0.11140120774507523,-0.045733556151390076,-0.9927226305007935
300,1648819473.5949738,172.01873779296875,89.38861846923828,1361.1016845703125,0.9505895972251892,0.3043380081653595,0.061300452798604965,0.29602906107902527,-0.9480684995651245,0.11633092910051346,0.09352095425128937,-0.09243626147508621,-0.9913169741630554
4,1648819473.5949814,94.5676498413086,-85.99457550048828,1524.34033203125,0.18658266961574554,-0.9802283644676208,0.06587305665016174,-0.9761750102043152,-0.19253548979759216,-0.10006241500377655,0.1107669249176979,-0.045633718371391296,-0.9927982091903687
300,1648819473.6241698,172.02432250976562,89.40917205810547,1361.089111328125,0.9505587816238403,0.30430594086647034,0.06193432956933975,0.2960450351238251,-0.9482011795043945,0.11520339548587799,0.09378328919410706,-0.09117225557565689,-0.9914092421531677
4,1648819473.6241775,94.82188415527344,-85.90900421142578,1524.1923828125,0.18812915682792664,-0.9797495603561401,0.06854324042797089,-0.975917637348175,-0.1943267583847046,-0.09910521656274796,0.11041808128356934,-0.04824797809123993,-0.992713451385498
410,1648819473.6241825,115.6041488647461,-237.3619842529297,1520.1937255859375,0.198290154337883,0.9731475114822388,0.11689725518226624,-0.9726465344429016,0.1806461662054062,0.1460331380367279,0.12099473923444748,-0.14265665411949158,0.9823489189147949
300,1648819473.656634,172.00643920898438,89.40850830078125,1361.24365234375,0.9508248567581177,0.30406153202056885,0.05898027867078781,0.2960451543331146,-0.9481635689735413,0.11551259458065033,0.09104588627815247,-0.09237141907215118,-0.9915534257888794
4,1648819473.6566415,94.92804718017578,-85.86032104492188,1524.0506591796875,0.1887306272983551,-0.9793875813484192,0.07197720557451248,-0.9759632349014282,-0.19519416987895966,-0.09692786633968353,0.1089794859290123,-0.05195384472608566,-0.9926853775978088
410,1648819473.6566465,115.59163665771484,-235.07382202148438,1519.423095703125,0.20109042525291443,0.9724071025848389,0.1182669922709465,-0.9722136855125427,0.1833486557006836,0.14554648101329803,0.11984632909297943,-0.14424879848957062,0.9822571873664856
300,1648819473.6861699,172.00289916992188,89.41854095458984,1361.19140625,0.9507510662078857,0.3041723668575287,0.059594929218292236,0.2960895001888275,-0.948137640953064,0.115611732006073,0.09167008846998215,-0.09227254986763,-0.9915050864219666
4,1648819473.6861775,95.03023529052734,-85.80593872070312,1524.0283203125,0.1895102858543396,-0.9792755842208862,0.07145069539546967,-0.9759348630905151,-0.19585853815078735,-0.09586723148822784,0.10787466913461685,-0.05156339704990387,-0.9928264021873474
410,1648819473.6861825,115.43927001953125,-233.10557556152344,1518.9013671875,0.20286379754543304,0.9717971086502075,0.12023571133613586,-0.9721595644950867,0.1851746290922165,0.1435830444097519,0.11726897954940796,-0.14601610600948334,0.9823071360588074
300,1648819473.716799,172.00726318359375,89.42352294921875,1361.12890625,0.9507145285606384,0.30409249663352966,0.060577392578125,0.29592031240463257,-0.9481924176216125,0.11559531092643738,0.09259068965911865,-0.09197206050157547,-0.9914475083351135
4,1648819473.7168067,95.15533447265625,-85.77162170410156,1523.9248046875,0.19036437571048737,-0.9791373014450073,0.07107455283403397,-0.9757192730903625,-0.19669383764266968,-0.09635064005851746,0.10832042992115021,-0.05100708082318306,-0.992806613445282
410,1648819473.7168124,115.31959533691406,-231.25535583496094,1518.505615234375,0.20381474494934082,0.9714635610580444,0.12131796777248383,-0.9721089601516724,0.1861312836408615,0.14268596470355988,0.1160331517457962,-0.1470157951116562,0.9823047518730164
300,1648819473.7461615,172.00462341308594,89.43360137939453,1361.1082763671875,0.9506948590278625,0.30410489439964294,0.06082303449511528,0.2958887815475464,-0.9481746554374695,0.11582149565219879,0.09289274364709854,-0.09211404621601105,-0.9914060235023499
4,1648819473.746169,95.3575439453125,-85.71932983398438,1523.9913330078125,0.19245034456253052,-0.9785938262939453,0.07291737198829651,-0.9753618240356445,-0.19892242550849915,-0.09538950026035309,0.10785248130559921,-0.05276308208703995,-0.9927657842636108
410,1648819473.7461739,115.32635498046875,-229.51707458496094,1518.22216796875,0.2037946730852127,0.9716591835021973,0.11977536976337433,-0.9720463752746582,0.1862543821334839,0.14295172691345215,0.1165916696190834,-0.14556001126766205,0.9824554324150085
300,1648819473.7769077,172.01483154296875,89.42398071289062,1361.09375,0.9506021738052368,0.30415889620780945,0.061990756541490555,0.29593533277511597,-0.9482895135879517,0.11475761234760284,0.09368973225355148,-0.09074357897043228,-0.9914574027061462
4,1648819473.7769158,95.51400756835938,-85.6942138671875,1524.0133056640625,0.19385875761508942,-0.978430986404419,0.07135503739118576,-0.9749724864959717,-0.20022153854370117,-0.09664347022771835,0.1088457852602005,-0.05083401873707771,-0.99275803565979
410,1648819473.7769206,115.46167755126953,-227.98777770996094,1518.1641845703125,0.2031104564666748,0.9724973440170288,0.1139957457780838,-0.9719129204750061,0.18610267341136932,0.14405213296413422,0.1188754066824913,-0.1400524377822876,0.9829821586608887
300,1648819473.8083582,172.01197814941406,89.43610382080078,1361.12744140625,0.9506653547286987,0.30412983894348145,0.06115904077887535,0.2959841191768646,-0.9482765197753906,0.11473899334669113,0.09289123117923737,-0.090976282954216,-0.9915112257003784
4,1648819473.8083656,95.53865051269531,-85.6791763305664,1524.02587890625,0.1940668523311615,-0.9784090518951416,0.07109027355909348,-0.9750176072120667,-0.20036180317401886,-0.09589502960443497,0.10806833952665329,-0.0507042221724987,-0.992849588394165
410,1648819473.8083708,115.5982666015625,-226.27308654785156,1518.2357177734375,0.2035435438156128,0.9731194972991943,0.10774244368076324,-0.9716069102287292,0.18720805644989014,0.14468303322792053,0.1206236258149147,-0.13413259387016296,0.9835945963859558
300,1648819473.8381147,172.01248168945312,89.42478942871094,1361.1016845703125,0.9506269693374634,0.304141640663147,0.06169424206018448,0.29599878191947937,-0.9483384490013123,0.11418824642896652,0.09323642402887344,-0.09028900414705276,-0.9915416836738586
4,1648819473.8381221,95.54462432861328,-85.6881332397461,1524.06298828125,0.19422312080860138,-0.9783803820610046,0.07105813175439835,-0.9749503135681152,-0.20053085684776306,-0.0962250605225563,0.10839405655860901,-0.05058901757001877,-0.9928199648857117
410,1648819473.8381274,115.55355072021484,-224.66156005859375,1518.197509765625,0.20491935312747955,0.9730947613716125,0.10533101111650467,-0.9712606072425842,0.18885165452957153,0.14487217366695404,0.12108241766691208,-0.1319909691810608,0.9838279485702515
300,1648819473.868051,172.0150909423828,89.42926788330078,1361.1478271484375,0.9505993723869324,0.3042868971824646,0.061403073370456696,0.29599905014038086,-0.9481175541877747,0.11600738763809204,0.09351685643196106,-0.09210129827260971,-0.9913485646247864
4,1648819473.8680592,95.51675415039062,-85.71640014648438,1524.082275390625,0.19322574138641357,-0.978478193283081,0.07241698354482651,-0.9747902750968933,-0.19984170794487,-0.09923332929611206,0.11156958341598511,-0.05141693353652954,-0.9924255609512329
410,1648819473.868064,115.33405303955078,-223.11135864257812,1518.0538330078125,0.20642979443073273,0.9724994897842407,0.10784923285245895,-0.9711277484893799,0.19016437232494354,0.14404316246509552,0.11957282572984695,-0.13447017967700958,0.9836768507957458
300,1648819473.8985896,172.014892578125,89.42105102539062,1361.1502685546875,0.9506699442863464,0.3041703999042511,0.06088520959019661,0.29608720541000366,-0.9482929110527039,0.11433707922697067,0.09251496940851212,-0.09066949039697647,-0.9915745258331299
4,1648819473.8985975,95.73172760009766,-85.6749038696289,1524.1776123046875,0.19505639374256134,-0.97807377576828,0.07297046482563019,-0.9745774269104004,-0.2016453742980957,-0.09766262024641037,0.11023540049791336,-0.0520656518638134,-0.9925408363342285
410,1648819473.898603,115.27655792236328,-221.75942993164062,1517.8829345703125,0.20706534385681152,0.9722643494606018,0.10874718427658081,-0.9710565805435181,0.19072644412517548,0.14377962052822113,0.11905083805322647,-0.13537143170833588,0.9836165308952332
300,1648819473.928253,172.01133728027344,89.42768096923828,1361.1990966796875,0.9507256150245667,0.3041328191757202,0.060199640691280365,0.29602915048599243,-0.9482024908065796,0.11523345112800598,0.092127725481987,-0.09173454344272614,-0.9915125966072083
4,1648819473.9282606,96.00128173828125,-85.62286376953125,1524.263916015625,0.19703824818134308,-0.9776357412338257,0.0735136866569519,-0.9741824269294739,-0.20366689562797546,-0.09740812331438065,0.11020196974277496,-0.05242261663079262,-0.9925257563591003
410,1648819473.9282653,115.36915588378906,-220.6031494140625,1517.755126953125,0.2080564647912979,0.9718509912490845,0.11053582280874252,-0.970859169960022,0.1914486140012741,0.14415235817432404,0.11893267184495926,-0.13730654120445251,0.9833625555038452
300,1648819473.960283,172.01596069335938,89.42780303955078,1361.2166748046875,0.9507384896278381,0.30409765243530273,0.06017463654279709,0.2960661053657532,-0.94828200340271,0.1144818440079689,0.09187618643045425,-0.09102662652730942,-0.9916011691093445
4,1648819473.9602907,96.1633071899414,-85.59953308105469,1524.2906494140625,0.19847331941127777,-0.9773076176643372,0.07401477545499802,-0.9736619591712952,-0.20525096356868744,-0.09926952421665192,0.11220846325159073,-0.052363015711307526,-0.9923040866851807
410,1648819473.9602954,115.45073699951172,-219.6323699951172,1517.73388671875,0.20960693061351776,0.9713365435600281,0.11211715638637543,-0.9704803824424744,0.19267837703227997,0.1450614482164383,0.11930093169212341,-0.13921339809894562,0.9830498099327087
300,1648819473.9908705,172.01661682128906,89.42028045654297,1361.1881103515625,0.9507197737693787,0.3041246831417084,0.06033311039209366,0.2959878742694855,-0.9481881856918335,0.11545712500810623,0.0923205018043518,-0.0919095054268837,-0.9914785027503967
4,1648819473.9908793,96.27510833740234,-85.5838623046875,1524.3712158203125,0.19933584332466125,-0.9770862460136414,0.07461731880903244,-0.9734922051429749,-0.20616589486598969,-0.09903814643621445,0.1121523529291153,-0.05289752781391144,-0.9922820925712585
410,1648819473.9908845,115.57034301757812,-219.00315856933594,1517.7762451171875,0.21061117947101593,0.9710034132003784,0.11311656981706619,-0.9702271819114685,0.19346944987773895,0.14570097625255585,0.11959154903888702,-0.14043502509593964,0.9828407168388367
300,1648819474.0203674,172.02000427246094,89.42579650878906,1361.1160888671875,0.9506321549415588,0.3041708767414093,0.061470210552215576,0.2960033714771271,-0.9482792615890503,0.1146668791770935,0.09316924959421158,-0.0908106341958046,-0.9915003180503845
4,1648819474.0203748,96.28369140625,-85.58380889892578,1524.3692626953125,0.1993638128042221,-0.9771769642829895,0.0733436644077301,-0.9734530448913574,-0.20607975125312805,-0.09960076212882996,0.11244221776723862,-0.0515398271381855,-0.992320716381073
410,1648819474.0203803,115.65172576904297,-218.6088409423828,1517.8927001953125,0.21144074201583862,0.971001923084259,0.11157111078500748,-0.9698691368103027,0.19430743157863617,0.14696425199508667,0.12102346867322922,-0.13928361237049103,0.9828292727470398
300,1648819474.050782,172.0198516845703,89.42887878417969,1361.1195068359375,0.9506424069404602,0.3040772080421448,0.06177419051527977,0.29598531126976013,-0.9484168291091919,0.11357052624225616,0.09312188625335693,-0.08968070149421692,-0.9916076064109802
4,1648819474.0507894,96.36009979248047,-85.552001953125,1524.3929443359375,0.19983352720737457,-0.9769630432128906,0.07489817589521408,-0.9735593199729919,-0.20660783350467682,-0.09744471311569214,0.1106744334101677,-0.05344509705901146,-0.992418646812439
410,1648819474.0507941,115.7364730834961,-218.45582580566406,1517.9010009765625,0.21142342686653137,0.9713031649589539,0.10895105451345444,-0.969615638256073,0.19439783692359924,0.14850912988185883,0.12306753545999527,-0.1370389610528946,0.9828910231590271
300,1648819474.0802376,172.01583862304688,89.41836547851562,1361.1309814453125,0.9506778120994568,0.3040919899940491,0.06115330755710602,0.29603201150894165,-0.9483712315559387,0.11382927000522614,0.09261060506105423,-0.0901116207242012,-0.991616427898407
4,1648819474.0802453,96.43607330322266,-85.5403060913086,1524.39404296875,0.19992755353450775,-0.9767513275146484,0.07736803591251373,-0.9734881520271301,-0.2069731056690216,-0.09738065302371979,0.11112979054450989,-0.05584779009222984,-0.9922354817390442
410,1648819474.0802503,115.69136047363281,-218.23878479003906,1517.8270263671875,0.21191802620887756,0.9709607362747192,0.11102267354726791,-0.9696400165557861,0.19471456110477448,0.1479339450597763,0.12202031910419464,-0.13900189101696014,0.982745885848999
300,1648819474.1128025,172.01681518554688,89.4175033569336,1361.125,0.9506496787071228,0.3041493594646454,0.06130491942167282,0.29602253437042236,-0.948306143283844,0.11439472436904907,0.0929289162158966,-0.09060167521238327,-0.9915419816970825
4,1648819474.1128097,96.2757797241211,-85.57743072509766,1524.3929443359375,0.19925183057785034,-0.9772548079490662,0.07260660827159882,-0.9735504388809204,-0.20585955679416656,-0.09910298138856888,0.11179563403129578,-0.05093974620103836,-0.992424726486206
410,1648819474.1128154,115.3652114868164,-217.88644409179688,1517.6353759765625,0.21264663338661194,0.9704726338386536,0.11386071145534515,-0.9697579741477966,0.1953188180923462,0.14635597169399261,0.11979532241821289,-0.14153942465782166,0.9826574325561523
300,1648819474.1426032,172.01087951660156,89.40696716308594,1361.14892578125,0.9507169723510742,0.30411675572395325,0.06041724979877472,0.29603707790374756,-0.9482574462890625,0.11476009339094162,0.09219157695770264,-0.09121862053871155,-0.9915542602539062
4,1648819474.1426108,96.2508544921875,-85.5947265625,1524.346435546875,0.19880862534046173,-0.9772348999977112,0.07407461851835251,-0.9736244082450867,-0.20557571947574615,-0.09896548092365265,0.11194045841693878,-0.0524456650018692,-0.9923299551010132
410,1648819474.1426167,115.11784362792969,-217.44505310058594,1517.4063720703125,0.21240803599357605,0.970438539981842,0.11459425091743469,-0.9699092507362366,0.19509267807006836,0.14565348625183105,0.11899125576019287,-0.14208398759365082,0.9826765656471252
300,1648819474.1722155,172.01156616210938,89.4042739868164,1361.115478515625,0.9506884217262268,0.3041244447231293,0.06082654371857643,0.29610154032707214,-0.9483591914176941,0.11374834924936295,0.09227906912565231,-0.09012839943170547,-0.9916458129882812
4,1648819474.1722226,96.2236099243164,-85.60537719726562,1524.3831787109375,0.1984911412000656,-0.9771829843521118,0.07559556514024734,-0.9737902283668518,-0.20536507666110992,-0.09776392579078674,0.11105793714523315,-0.05420894920825958,-0.9923343658447266
410,1648819474.1722279,114.84418487548828,-216.8325653076172,1517.2225341796875,0.21197043359279633,0.9703413248062134,0.11621647328138351,-0.9699689745903015,0.19437763094902039,0.1462107002735138,0.11928440630435944,-0.14371871948242188,0.9824032783508301
300,1648819474.2047174,172.01744079589844,89.40087890625,1361.126708984375,0.9505860805511475,0.30435824394226074,0.06125468388199806,0.2960771918296814,-0.94808429479599,0.11607955396175385,0.0934043750166893,-0.09220749884843826,-0.9913492798805237
4,1648819474.204725,96.12307739257812,-85.64776611328125,1524.4583740234375,0.19761110842227936,-0.9774450659751892,0.07450518757104874,-0.9738432765007019,-0.20444145798683167,-0.09916136413812637,0.11215673387050629,-0.052960991859436035,-0.9922781586647034
410,1648819474.2047303,114.46435546875,-215.95657348632812,1517.2156982421875,0.21129834651947021,0.970460057258606,0.11644862592220306,-0.9702355265617371,0.19383075833320618,0.1451641172170639,0.11830465495586395,-0.14365553855895996,0.982530951499939
300,1648819474.2345102,172.02252197265625,89.39848327636719,1361.1253662109375,0.9506232142448425,0.3042386770248413,0.0612725168466568,0.2960904538631439,-0.9482538104057312,0.11465232074260712,0.09298356622457504,-0.09084895253181458,-0.991514265537262
4,1648819474.2345176,95.8495864868164,-85.7238998413086,1524.5096435546875,0.19534887373447418,-0.9779525399208069,0.07380783557891846,-0.9743292331695557,-0.20210950076580048,-0.09916829317808151,0.11189915239810944,-0.05254071578383446,-0.9923295974731445
410,1648819474.2345228,113.97142028808594,-214.92819213867188,1517.2626953125,0.2115388810634613,0.9702786207199097,0.11751897633075714,-0.9701341986656189,0.19384586811065674,0.14581990242004395,0.11870536208152771,-0.14485575258731842,0.9823063611984253
300,1648819474.2642164,172.017333984375,89.39897155761719,1361.1318359375,0.9506736397743225,0.30416396260261536,0.060859568417072296,0.2961072325706482,-0.9483177661895752,0.11407846957445145,0.09241276979446411,-0.09043043851852417,-0.9916058778762817
4,1648819474.2642238,95.68807220458984,-85.75740814208984,1524.543701171875,0.19399352371692657,-0.9780608415603638,0.0759175568819046,-0.9745793342590332,-0.2009868025779724,-0.0989922434091568,0.11207886785268784,-0.05478382483124733,-0.992188036441803
410,1648819474.2642288,113.5171890258789,-213.956298828125,1517.257080078125,0.2107374668121338,0.9705994725227356,0.1163029745221138,-0.9702458381652832,0.19316913187503815,0.14597482979297638,0.11921694874763489,-0.1436048448085785,0.9824280738830566
300,1648819474.2947824,172.01597595214844,89.3989486694336,1361.10986328125,0.9506286978721619,0.30419009923934937,0.06142847239971161,0.29601505398750305,-0.948261022567749,0.11478730291128159,0.09316738694906235,-0.09093635529279709,-0.9914889931678772
4,1648819474.2947898,95.54283905029297,-85.81855773925781,1524.6329345703125,0.19292354583740234,-0.9784117937088013,0.07410024106502533,-0.974703311920166,-0.19978129863739014,-0.10020438581705093,0.11284499615430832,-0.05289396271109581,-0.9922037124633789
410,1648819474.294795,113.03134155273438,-212.82589721679688,1517.38232421875,0.20919795334339142,0.9709762334823608,0.11593703925609589,-0.9702375531196594,0.19131308794021606,0.14845338463783264,0.12196443974971771,-0.14354261755943298,0.9820998907089233
300,1648819474.3242252,172.01638793945312,89.396240234375,1361.1446533203125,0.9506887793540955,0.3041153848171234,0.06086567044258118,0.29602429270744324,-0.9482998251914978,0.11444214731454849,0.0925225242972374,-0.09078115224838257,-0.991563618183136
4,1648819474.3242333,95.37898254394531,-85.87338256835938,1524.695068359375,0.1920083612203598,-0.9786514639854431,0.07330803573131561,-0.9747823476791382,-0.19883780181407928,-0.10130608081817627,0.11371975392103195,-0.0520077645778656,-0.9921507239341736
410,1648819474.324242,112.54326629638672,-211.80320739746094,1517.5047607421875,0.20773112773895264,0.9713919758796692,0.1150888130068779,-0.9705038070678711,0.1899518221616745,0.14846080541610718,0.12235230952501297,-0.1425340622663498,0.9821985363960266
300,1648819474.3565369,172.0140838623047,89.38817596435547,1361.093994140625,0.9506396055221558,0.30423521995544434,0.06103486567735672,0.2960435748100281,-0.948184072971344,0.11534786969423294,0.09296517819166183,-0.09158527851104736,-0.9914482235908508
4,1648819474.3565443,95.14623260498047,-85.9431381225586,1524.750732421875,0.19026872515678406,-0.9791533946990967,0.0711088627576828,-0.9750127196311951,-0.19693006575107574,-0.10280468314886093,0.11466502398252487,-0.04977153241634369,-0.9921566247940063
410,1648819474.356549,111.9343490600586,-210.79733276367188,1517.486572265625,0.20620059967041016,0.9717012643814087,0.11522980034351349,-0.9705901741981506,0.18815645575523376,0.15017294883728027,0.12424201518297195,-0.14280666410923004,0.9819216728210449
300,1648819474.3860345,172.01861572265625,89.38981628417969,1361.1409912109375,0.9506579041481018,0.3042149543762207,0.06085079535841942,0.29599419236183167,-0.9481394290924072,0.11584041267633438,0.09293542802333832,-0.09211312234401703,-0.9914021492004395
4,1648819474.3860419,94.97615051269531,-85.97966003417969,1524.75146484375,0.18884485960006714,-0.9794902205467224,0.07026072591543198,-0.9753262400627136,-0.19541101157665253,-0.10272905975580215,0.11435183137655258,-0.04912727326154709,-0.9922248721122742
410,1648819474.3860466,111.3365707397461,-209.8455352783203,1517.4417724609375,0.20455223321914673,0.9719569683074951,0.1160086989402771,-0.970831036567688,0.18630124628543854,0.1509271264076233,0.1250821053981781,-0.14349733293056488,0.9817143082618713
300,1648819474.4165912,172.0162353515625,89.4004135131836,1361.131103515625,0.9507092237472534,0.3040429949760437,0.060908298939466476,0.2959119975566864,-0.948288083076477,0.11482952535152435,0.09267172962427139,-0.09114599227905273,-0.9915161728858948
4,1648819474.4165993,94.7667236328125,-86.01091766357422,1524.786865234375,0.18725571036338806,-0.9797714948654175,0.07059140503406525,-0.9757473468780518,-0.19381721317768097,-0.10174490511417389,0.11336858570575714,-0.04982706159353256,-0.9923027753829956
410,1648819474.4166048,110.74171447753906,-208.90707397460938,1517.422119140625,0.20271770656108856,0.9723180532455444,0.11620297282934189,-0.970970094203949,0.184198796749115,0.15260374546051025,0.1269749253988266,-0.14376509189605713,0.9814320802688599
300,1648819474.4467416,172.01039123535156,89.37966918945312,1361.1322021484375,0.9507098197937012,0.30418357253074646,0.060192737728357315,0.2960912585258484,-0.9481973052024841,0.11511638015508652,0.09209110587835312,-0.09161972999572754,-0.9915266036987305
4,1648819474.446749,94.64470672607422,-86.04966735839844,1524.7584228515625,0.18622788786888123,-0.9799776673316956,0.07044828683137894,-0.9759232401847839,-0.19279052317142487,-0.10200782865285873,0.11354715377092361,-0.04975541681051254,-0.992285966873169
410,1648819474.446754,110.19622039794922,-208.0840606689453,1517.3074951171875,0.20096564292907715,0.9727267026901245,0.1158256083726883,-0.9710817337036133,0.18226374685764313,0.15420818328857422,0.12889161705970764,-0.14346668124198914,0.9812259078025818
300,1648819474.4763541,172.00747680664062,89.39823150634766,1361.11083984375,0.9507275223731995,0.3041093647480011,0.06028807908296585,0.2959277927875519,-0.9481427669525146,0.11598313599824905,0.09243325889110565,-0.09242743998765945,-0.991419792175293
4,1648819474.4763615,94.4299545288086,-86.0841293334961,1524.7261962890625,0.18465058505535126,-0.9803525805473328,0.06937547028064728,-0.9761990308761597,-0.19112224876880646,-0.10250698775053024,0.11375218629837036,-0.04879629239439964,-0.992310106754303
410,1648819474.4763665,109.50985717773438,-207.20660400390625,1517.2222900390625,0.19956955313682556,0.9726364016532898,0.11895550042390823,-0.9715901017189026,0.18065577745437622,0.15289269387722015,0.12721900641918182,-0.14608870446681976,0.9810572862625122
300,1648819474.5088427,172.01199340820312,89.38821411132812,1361.111572265625,0.9506375193595886,0.30425921082496643,0.06094790995121002,0.29612767696380615,-0.9482254385948181,0.11479074507951736,0.09271849691867828,-0.09107602387666702,-0.9915182590484619
4,1648819474.5088503,94.39210510253906,-86.09405517578125,1524.7247314453125,0.184337317943573,-0.9803754687309265,0.06988375633955002,-0.9763940572738647,-0.1908048689365387,-0.10123322904109955,0.11258073151111603,-0.04957302287220955,-0.9924052357673645
410,1648819474.5088558,108.89855194091797,-206.331787109375,1517.0396728515625,0.19743108749389648,0.9725587368011475,0.12308710068464279,-0.9721848964691162,0.1781051605939865,0.1521020233631134,0.12600570917129517,-0.1496930867433548,0.9806704521179199
300,1648819474.5385714,172.01292419433594,89.39849090576172,1361.1920166015625,0.9507606029510498,0.30408158898353577,0.059905048459768295,0.2959896922111511,-0.9481943845748901,0.11540132015943527,0.09189304709434509,-0.09198775887489319,-0.9915109276771545
4,1648819474.538583,94.41358947753906,-86.08462524414062,1524.6051025390625,0.18432876467704773,-0.9803823232650757,0.06980956345796585,-0.9763435125350952,-0.19081158936023712,-0.10170704126358032,0.1130322590470314,-0.04941058158874512,-0.9923619627952576
410,1648819474.5385878,108.4017562866211,-205.31051635742188,1516.71337890625,0.1957375705242157,0.9727837443351746,0.12401051074266434,-0.9724194407463074,0.17617978155612946,0.1528433859348297,0.1268354058265686,-0.15050742030143738,0.9804388284683228
300,1648819474.5684009,172.01881408691406,89.39800262451172,1361.196533203125,0.9507225155830383,0.30413398146629333,0.06024251878261566,0.29609936475753784,-0.9482758641242981,0.11444686353206635,0.0919337049126625,-0.09096943587064743,-0.9916011095046997
4,1648819474.5684083,94.34013366699219,-86.08690643310547,1524.6470947265625,0.18389299511909485,-0.980368435382843,0.07114117592573166,-0.9766600131988525,-0.19041001796722412,-0.09939447045326233,0.11098919063806534,-0.05120279639959335,-0.9925017356872559
410,1648819474.5684135,107.91842651367188,-204.14410400390625,1516.4931640625,0.19613824784755707,0.9721593856811523,0.12820246815681458,-0.9726473689079285,0.1762896627187729,0.15125831961631775,0.12444642931222916,-0.15436333417892456,0.9801453948020935
300,1648819474.5988102,172.02548217773438,89.38446807861328,1361.1900634765625,0.9507678151130676,0.3040831387042999,0.05978331342339516,0.29606926441192627,-0.9482571482658386,0.11467938870191574,0.09156202524900436,-0.09133347123861313,-0.9916020631790161
4,1648819474.5988178,94.47738647460938,-86.06846618652344,1524.62939453125,0.1850314438343048,-0.9803240895271301,0.06876114010810852,-0.9764062762260437,-0.19131623208522797,-0.10014424473047256,0.11132893711328506,-0.04860897362232208,-0.9925941228866577
410,1648819474.5988297,107.66129302978516,-202.8622589111328,1516.0584716796875,0.19642451405525208,0.9719680547714233,0.12921123206615448,-0.9727250337600708,0.17658154666423798,0.15041598677635193,0.12338320910930634,-0.15523238480091095,0.9801425933837891
300,1648819474.6284688,172.01690673828125,89.37847137451172,1361.14306640625,0.9506128430366516,0.30435195565223694,0.06086937338113785,0.29616600275039673,-0.9481337666511536,0.11544699966907501,0.09284882992506027,-0.09171796590089798,-0.991446852684021
4,1648819474.628476,94.67662811279297,-86.03522491455078,1524.6373291015625,0.18628014624118805,-0.9799376130104065,0.0708657056093216,-0.9760226011276245,-0.19283725321292877,-0.10096346586942673,0.11260344833135605,-0.05035904422402382,-0.9923630356788635
410,1648819474.6284804,107.68230438232422,-201.75732421875,1515.84423828125,0.19793707132339478,0.9712044596672058,0.13260027766227722,-0.9726317524909973,0.17780636250972748,0.14957399666309357,0.12168976664543152,-0.15857747197151184,0.9798187613487244
300,1648819474.6604245,172.02279663085938,89.3801040649414,1361.153076171875,0.9505802392959595,0.30432820320129395,0.06149417906999588,0.2961106300354004,-0.948184609413147,0.11517156660556793,0.09335778653621674,-0.09127073734998703,-0.9914403557777405
4,1648819474.660432,94.89984130859375,-86.0093765258789,1524.703369140625,0.18779367208480835,-0.9795193076133728,0.07263277471065521,-0.9756267070770264,-0.19457098841667175,-0.10146261751651764,0.11351682245731354,-0.0518084391951561,-0.9921843409538269
410,1648819474.6604376,108.03005981445312,-200.76210021972656,1515.7685546875,0.20064431428909302,0.9706807136535645,0.13236607611179352,-0.9721841216087341,0.18062184751033783,0.14910981059074402,0.12082981318235397,-0.15860222280025482,0.9799211621284485
300,1648819474.6909444,172.01724243164062,89.37871551513672,1361.166015625,0.9506713151931763,0.3042074143886566,0.06067826226353645,0.29610323905944824,-0.948236346244812,0.11476372182369232,0.09244931489229202,-0.09113555401563644,-0.9915379285812378
4,1648819474.6909516,95.29264831542969,-85.93528747558594,1524.75830078125,0.19012010097503662,-0.9788065552711487,0.07610584795475006,-0.9751605987548828,-0.19724741578102112,-0.10077306628227234,0.11364901810884476,-0.055056437849998474,-0.991994321346283
410,1648819474.6909568,108.67536163330078,-199.8926239013672,1515.7183837890625,0.20389898121356964,0.9702976942062378,0.1301831156015396,-0.9714289903640747,0.1840299665927887,0.14986218512058258,0.12145333737134933,-0.15702039003372192,0.9800987839698792
300,1648819474.720523,172.02017211914062,89.37860107421875,1361.1546630859375,0.9506130814552307,0.3042862117290497,0.06119336187839508,0.2960512042045593,-0.9481446146965027,0.11565259844064713,0.09321164339780807,-0.09182450920343399,-0.9914029836654663
4,1648819474.7205303,95.72858428955078,-85.84478759765625,1524.9078369140625,0.19310924410820007,-0.9778783917427063,0.08039070665836334,-0.9745900630950928,-0.20064595341682434,-0.09957598149776459,0.11350326985120773,-0.05911894142627716,-0.9917771816253662
410,1648819474.7205353,109.37203979492188,-199.17820739746094,1515.9356689453125,0.20736375451087952,0.9698238372802734,0.1282261461019516,-0.9704647064208984,0.18741749227046967,0.1518976092338562,0.12328210473060608,-0.15593701601028442,0.9800434708595276
300,1648819474.75101,172.01754760742188,89.37351989746094,1361.2105712890625,0.9507051706314087,0.30426937341690063,0.05983121320605278,0.2960776686668396,-0.9480270743370056,0.11654488742351532,0.09218265116214752,-0.0930851474404335,-0.9913816452026367
4,1648819474.7510178,96.31067657470703,-85.73089599609375,1524.9100341796875,0.19693544507026672,-0.9769554138183594,0.08230788260698318,-0.9734396934509277,-0.20484130084514618,-0.10225077718496323,0.11675450205802917,-0.0599849596619606,-0.9913476705551147
410,1648819474.7510269,110.0517578125,-198.55877685546875,1516.226806640625,0.2097528725862503,0.9695058465003967,0.1267363578081131,-0.9696834683418274,0.18964634835720062,0.15410451591014862,0.12537014484405518,-0.15521802008152008,0.9798926711082458
300,1648819474.780548,172.01544189453125,89.37114715576172,1361.1307373046875,0.9506272077560425,0.3043786585330963,0.06051112338900566,0.29616573452949524,-0.9480555057525635,0.11608880758285522,0.09270285815000534,-0.09243585169315338,-0.9913938641548157
4,1648819474.7805552,96.67814636230469,-85.65370178222656,1525.0020751953125,0.19949057698249817,-0.9762321710586548,0.08470086008310318,-0.9729958176612854,-0.20758630335330963,-0.10093085467815399,0.11611468344926834,-0.06227882578969002,-0.9912813305854797
410,1648819474.7805605,110.4085464477539,-197.87802124023438,1516.419189453125,0.2119707316160202,0.9685397148132324,0.13038115203380585,-0.9691416025161743,0.19114971160888672,0.15564803779125214,0.12582898139953613,-0.15935063362121582,0.9791702628135681
300,1648819474.8120291,172.01426696777344,89.36672973632812,1361.129150390625,0.9506167769432068,0.30436262488365173,0.060754772275686264,0.2961711883544922,-0.9481112957000732,0.11561816930770874,0.09279213845729828,-0.09191475808620453,-0.9914339780807495
4,1648819474.8120365,97.05485534667969,-85.59425354003906,1525.1744384765625,0.20194798707962036,-0.9755211472511292,0.08703739196062088,-0.9724493622779846,-0.2102881222963333,-0.10060413926839828,0.11644439399242401,-0.06432265043258667,-0.9911121726036072
410,1648819474.812042,110.65249633789062,-196.76881408691406,1516.563232421875,0.21373428404331207,0.9682839512825012,0.1293981820344925,-0.9686106443405151,0.19284439086914062,0.15685820579528809,0.12692955136299133,-0.15886244177818298,0.9791075587272644
