300,1648819968.8944335,172.07431030273438,89.32188415527344,1361.1324462890625,0.9505337476730347,0.30462297797203064,0.06074908375740051,0.2964915335178375,-0.9480894207954407,0.11497469246387482,0.09261950105428696,-0.09127573668956757,-0.9915091395378113
4,1648819968.894442,136.51524353027344,-78.98384094238281,1530.8642578125,0.18782542645931244,-0.9186867475509644,0.3474712371826172,-0.9726066589355469,-0.22329287230968475,-0.0646267831325531,0.13695961236953735,-0.32581427693367004,-0.9354609251022339
300,1648819968.924276,172.07070922851562,89.31043243408203,1361.122802734375,0.9505364298820496,0.3045990765094757,0.06082671508193016,0.296509712934494,-0.9481474161148071,0.11444878578186035,0.09253368526697159,-0.0907520279288292,-0.9915652275085449
4,1648819968.9242842,136.4639129638672,-79.00514221191406,1530.8885498046875,0.18742622435092926,-0.9188283681869507,0.3473123013973236,-0.9726684093475342,-0.22294273972511292,-0.06490568816661835,0.13706794381141663,-0.32565465569496155,-0.9355006217956543
300,1648819968.9565346,172.0660858154297,89.32585906982422,1361.1710205078125,0.9505597352981567,0.30459004640579224,0.06050679460167885,0.29647624492645264,-0.9480881094932556,0.1150251254439354,0.09240128099918365,-0.0913994312286377,-0.9915180802345276
4,1648819968.9565425,136.4422149658203,-79.00460815429688,1530.8607177734375,0.18740257620811462,-0.9192193746566772,0.3462888300418854,-0.972639799118042,-0.22292651236057281,-0.06538808345794678,0.1373029500246048,-0.32456040382385254,-0.9358463883399963
300,1648819968.9862711,172.0669403076172,89.31593322753906,1361.1644287109375,0.9505699872970581,0.30459341406822205,0.06032836437225342,0.29651299118995667,-0.9480987191200256,0.11484259366989136,0.09217754006385803,-0.09127778559923172,-0.9915501475334167
4,1648819968.9862797,136.45053100585938,-78.9901351928711,1530.808349609375,0.18782322108745575,-0.9190810918807983,0.3464279770851135,-0.9727725386619568,-0.22282306849956512,-0.06374543160200119,0.13577936589717865,-0.32502272725105286,-0.9359081983566284
300,1648819969.0159893,172.0733642578125,89.30809020996094,1361.153564453125,0.9505529999732971,0.30462706089019775,0.06042616814374924,0.29656293988227844,-0.9481161236763,0.11456985026597977,0.09219209849834442,-0.09098455309867859,-0.9915757179260254
4,1648819969.0159976,136.19932556152344,-79.04484558105469,1530.614990234375,0.18627707660198212,-0.9203857779502869,0.3437889516353607,-0.9733526706695557,-0.2205067276954651,-0.06293968856334686,0.13373658061027527,-0.32290366291999817,-0.936935305595398
300,1648819969.0469193,172.07032775878906,89.32010650634766,1361.1473388671875,0.9505706429481506,0.30460697412490845,0.060250233858823776,0.2965102791786194,-0.9480690360069275,0.11509476602077484,0.0921800509095192,-0.09154088795185089,-0.9915256500244141
4,1648819969.0469275,135.84486389160156,-79.13653564453125,1530.450439453125,0.18321314454078674,-0.9210307002067566,0.3437083661556244,-0.973901629447937,-0.2176956832408905,-0.06421966105699539,0.13397210836410522,-0.32297223806381226,-0.9368780255317688
300,1648819969.0767286,172.0693359375,89.33731079101562,1361.1212158203125,0.9505639672279358,0.3045692443847656,0.06054538115859032,0.29645806550979614,-0.9481016993522644,0.1149599552154541,0.09241645038127899,-0.09132762253284454,-0.9915233254432678
4,1648819969.0767367,135.40225219726562,-79.2548828125,1530.4293212890625,0.17984382808208466,-0.9222517013549805,0.3422103822231293,-0.9745557904243469,-0.2143552452325821,-0.06552012264728546,0.13378064334392548,-0.3217197060585022,-0.9373362064361572
300,1648819969.1080766,172.07069396972656,89.33846282958984,1361.1234130859375,0.950556218624115,0.30458083748817444,0.06060809642076492,0.29652640223503113,-0.9481614828109741,0.11428873986005783,0.0922764241695404,-0.09066597372293472,-0.991597056388855
4,1648819969.1080842,134.82955932617188,-79.42790985107422,1530.34619140625,0.17535902559757233,-0.9239784479141235,0.3398720920085907,-0.975354015827179,-0.2100071907043457,-0.06768719851970673,0.13391710817813873,-0.3196260631084442,-0.9380327463150024
300,1648819969.138878,172.07403564453125,89.33980560302734,1361.147216796875,0.9505386352539062,0.3046264946460724,0.060654908418655396,0.2964067757129669,-0.9479896426200867,0.11601158231496811,0.09284042567014694,-0.09229496866464615,-0.9913941025733948
4,1648819969.1388867,134.46031188964844,-79.54019927978516,1530.407470703125,0.17240414023399353,-0.924553632736206,0.33981966972351074,-0.9758808016777039,-0.20721878111362457,-0.06868050992488861,0.13391582667827606,-0.31978267431259155,-0.937979519367218
300,1648819969.1687527,172.07376098632812,89.33033752441406,1361.141357421875,0.9505616426467896,0.30461499094963074,0.060350868850946426,0.2964887320995331,-0.9480493068695068,0.11531225591897964,0.09234143793582916,-0.09171805530786514,-0.9914942383766174
4,1648819969.1687605,134.40435791015625,-79.58592224121094,1530.604248046875,0.17176134884357452,-0.9241621494293213,0.34120720624923706,-0.9758782386779785,-0.20699340105056763,-0.06939273327589035,0.13475778698921204,-0.3210577070713043,-0.9374232292175293
300,1648819969.1985219,172.0782470703125,89.31983947753906,1361.103759765625,0.950496256351471,0.30464908480644226,0.06120343506336212,0.2965610921382904,-0.9481775164604187,0.11406558007001877,0.09278169274330139,-0.0902683436870575,-0.9915862083435059
4,1648819969.1985297,134.38836669921875,-79.63361358642578,1530.8787841796875,0.1714836061000824,-0.9240807294845581,0.34156718850135803,-0.9756752848625183,-0.20735523104667664,-0.07114460319280624,0.1365690976381302,-0.3210585117340088,-0.9371607899665833
300,1648819969.2282217,172.07888793945312,89.31419372558594,1361.149169921875,0.950495183467865,0.30468350648880005,0.061048127710819244,0.2965239882469177,-0.9480786323547363,0.11497990787029266,0.09291090816259384,-0.09118561446666718,-0.9914901852607727
4,1648819969.228229,134.508544921875,-79.6540298461914,1531.2216796875,0.17182256281375885,-0.9234980940818787,0.3429698050022125,-0.9751235246658325,-0.20892804861068726,-0.07404861599206924,0.14003977179527283,-0.32171469926834106,-0.9364232420921326
300,1648819969.2603328,172.07644653320312,89.3057861328125,1361.1654052734375,0.9505124688148499,0.3046981692314148,0.060705170035362244,0.2965090870857239,-0.9480039477348328,0.11563258618116379,0.09278178215026855,-0.09191057831048965,-0.9914352893829346
4,1648819969.2603397,134.81997680664062,-79.62692260742188,1531.6378173828125,0.1740274727344513,-0.922381579875946,0.34485745429992676,-0.9744231700897217,-0.211860790848732,-0.07492976635694504,0.1421756148338318,-0.3229972720146179,-0.9356595873832703
300,1648819969.2904594,172.0745086669922,89.30619049072266,1361.162841796875,0.9505129456520081,0.30472883582115173,0.06054329127073288,0.29655489325523376,-0.9479899406433105,0.11562985926866531,0.09263018518686295,-0.09195327013731003,-0.9914455413818359
4,1648819969.2904665,135.2135009765625,-79.56495666503906,1532.07763671875,0.17631620168685913,-0.9203211665153503,0.3491726815700531,-0.9735068678855896,-0.2155047357082367,-0.07643363624811172,0.1455918550491333,-0.3264455199241638,-0.9339359402656555
300,1648819969.3203213,172.07630920410156,89.3124771118164,1361.1995849609375,0.9506007432937622,0.304564893245697,0.059987228363752365,0.29649490118026733,-0.9480769038200378,0.1150691881775856,0.09191854298114777,-0.09159894287586212,-0.9915445446968079
4,1648819969.320329,135.4840545654297,-79.52912139892578,1532.355224609375,0.17792727053165436,-0.9192259907722473,0.3512341380119324,-0.9728555679321289,-0.21798747777938843,-0.07767529785633087,0.14796580374240875,-0.32787951827049255,-0.9330601096153259
300,1648819969.3499663,172.0770263671875,89.29460144042969,1361.189208984375,0.9505965709686279,0.30459049344062805,0.059923261404037476,0.29648563265800476,-0.9480264186859131,0.11550814658403397,0.09199152141809464,-0.09203525632619858,-0.9914973974227905
4,1648819969.349974,135.50108337402344,-79.5606918334961,1532.486328125,0.17766760289669037,-0.919148862361908,0.3515673279762268,-0.9726871252059937,-0.21824851632118225,-0.07904002070426941,0.14937859773635864,-0.32792216539382935,-0.9328199625015259
300,1648819969.3806796,172.0773468017578,89.2958755493164,1361.15869140625,0.9504824280738831,0.30471739172935486,0.061077527701854706,0.2965747117996216,-0.9480881690979004,0.11477064341306686,0.09287949651479721,-0.09097342938184738,-0.9915125966072083
4,1648819969.3806884,135.4664764404297,-79.58547973632812,1532.6251220703125,0.17719852924346924,-0.9189689755439758,0.3522735834121704,-0.9726482033729553,-0.21814244985580444,-0.07980819791555405,0.15018709003925323,-0.32849636673927307,-0.9324880838394165
300,1648819969.4124935,172.07907104492188,89.2939224243164,1361.1832275390625,0.9505629539489746,0.30465996265411377,0.06010284647345543,0.29651668667793274,-0.9479883909225464,0.11574026197195053,0.09223822504281998,-0.09219691157341003,-0.9914594292640686
4,1648819969.412501,135.59503173828125,-79.55819702148438,1532.7088623046875,0.17789961397647858,-0.9182330965995789,0.35383567214012146,-0.9724531173706055,-0.2190820574760437,-0.07961145788431168,0.15062092244625092,-0.3299257755279541,-0.9319132566452026
300,1648819969.4425914,172.0789337158203,89.3058090209961,1361.15869140625,0.9505442380905151,0.3046126663684845,0.06063642352819443,0.2965056598186493,-0.9481032490730286,0.11482410132884979,0.09246646612882614,-0.09116634726524353,-0.9915334582328796
4,1648819969.4425988,135.99891662597656,-79.45369720458984,1532.876708984375,0.18066009879112244,-0.9169157147407532,0.35584762692451477,-0.9716982841491699,-0.22237937152385712,-0.07968586683273315,0.15219838917255402,-0.3313804864883423,-0.9311404824256897
300,1648819969.4723876,172.08103942871094,89.30226135253906,1361.137939453125,0.950502872467041,0.3046622574329376,0.061034902930259705,0.2965562045574188,-0.948136031627655,0.1144222617149353,0.09272953122854233,-0.09065840393304825,-0.9915555119514465
4,1648819969.4723954,136.38900756835938,-79.36002349853516,1533.032470703125,0.18337726593017578,-0.915770411491394,0.35740360617637634,-0.9709740877151489,-0.22552551329135895,-0.07967189699411392,0.15356479585170746,-0.33241963386535645,-0.9305455684661865
300,1648819969.504113,172.08438110351562,89.31407928466797,1361.1214599609375,0.9505023956298828,0.30465683341026306,0.061069291085004807,0.29653990268707275,-0.9481311440467834,0.1145050898194313,0.09278645366430283,-0.09072788059711456,-0.9915438294410706
4,1648819969.504121,136.81285095214844,-79.23804473876953,1533.1829833984375,0.1866130381822586,-0.9143393635749817,0.3593870997428894,-0.9702637791633606,-0.2289273887872696,-0.07861562818288803,0.1541549116373062,-0.33402958512306213,-0.9298712015151978
300,1648819969.534803,172.0878143310547,89.30659484863281,1361.1427001953125,0.9505492448806763,0.3046397268772125,0.06042126566171646,0.296531081199646,-0.9480676054954529,0.1150529682636261,0.09233314543962479,-0.09144673496484756,-0.99152010679245
4,1648819969.5348105,137.2335662841797,-79.12722778320312,1533.3204345703125,0.18967972695827484,-0.9129228591918945,0.36137720942497253,-0.9695078134536743,-0.23231419920921326,-0.07800427079200745,0.1551649421453476,-0.33556219935417175,-0.9291511178016663
300,1648819969.5646787,172.08641052246094,89.29818725585938,1361.1337890625,0.9505295157432556,0.3047143816947937,0.06035589426755905,0.2966383397579193,-0.9480689167976379,0.11476502567529678,0.09219210594892502,-0.09118366986513138,-0.9915574193000793
4,1648819969.5646868,137.48825073242188,-79.05064392089844,1533.4044189453125,0.19203391671180725,-0.9125532507896423,0.36106714606285095,-0.9691556692123413,-0.2342475801706314,-0.07658585160970688,0.15446777641773224,-0.3352231979370117,-0.9293896555900574
300,1648819969.5947044,172.08480834960938,89.29798889160156,1361.11669921875,0.9504940509796143,0.3047568202018738,0.060698751360177994,0.29657548666000366,-0.9479926824569702,0.11555458605289459,0.09275802224874496,-0.09183219075202942,-0.9914448261260986
4,1648819969.5947127,137.44937133789062,-79.05491638183594,1533.3807373046875,0.19210538268089294,-0.9126076698303223,0.3608916997909546,-0.9692051410675049,-0.2341614067554474,-0.0762222409248352,0.15406790375709534,-0.3351353704929352,-0.9294877052307129
300,1648819969.6240647,172.08164978027344,89.30432891845703,1361.10791015625,0.9504993557929993,0.30472108721733093,0.06079531088471413,0.29656845331192017,-0.948043704032898,0.11515337973833084,0.09272627532482147,-0.09142323583364487,-0.991485595703125
4,1648819969.624072,137.24002075195312,-79.10768127441406,1533.230712890625,0.1904163509607315,-0.9133045077323914,0.3600229024887085,-0.9694784879684448,-0.23263877630233765,-0.07739921659231186,0.15444433689117432,-0.3342963755130768,-0.92972731590271
300,1648819969.6561277,172.07789611816406,89.30740356445312,1361.1256103515625,0.9505788683891296,0.30455490946769714,0.06038328632712364,0.2964893877506256,-0.9481319785118103,0.11462907493114471,0.09216216951608658,-0.09106097370386124,-0.9915714859962463
4,1648819969.656135,136.99789428710938,-79.17001342773438,1533.084716796875,0.18876154720783234,-0.9145868420600891,0.3576311469078064,-0.9698922038078308,-0.2306920737028122,-0.07804012298583984,0.1538771390914917,-0.3321326673030853,-0.9305964112281799
300,1648819969.68607,172.08103942871094,89.3094253540039,1361.1351318359375,0.9506001472473145,0.30452388525009155,0.06020434573292732,0.29650649428367615,-0.9481678009033203,0.11428803950548172,0.09188725799322128,-0.0907912477850914,-0.991621732711792
4,1648819969.6860778,136.65504455566406,-79.26732635498047,1532.938232421875,0.18616393208503723,-0.9156385660171509,0.3562990128993988,-0.9704161286354065,-0.228098064661026,-0.07914391160011292,0.153738334774971,-0.3310245871543884,-0.9310141205787659
300,1648819969.716627,172.08377075195312,89.30328369140625,1361.1212158203125,0.950519859790802,0.3046315610408783,0.06092311814427376,0.296586811542511,-0.948192298412323,0.11387568712234497,0.09245695918798447,-0.09017210453748703,-0.9916253089904785
4,1648819969.7166338,136.2423858642578,-79.39839935302734,1532.8966064453125,0.1833709329366684,-0.9175598621368408,0.3527875244617462,-0.9709886908531189,-0.22508682310581207,-0.08072714507579803,0.15347981452941895,-0.32774966955184937,-0.932214617729187
300,1648819969.7467628,172.07968139648438,89.30101013183594,1361.1334228515625,0.9505109190940857,0.3047277331352234,0.06058044731616974,0.2965615689754486,-0.9480024576187134,0.11551007628440857,0.09262953698635101,-0.09182775765657425,-0.9914572238922119
4,1648819969.7467701,136.0964813232422,-79.44379425048828,1532.9443359375,0.18254990875720978,-0.9180459380149841,0.35194772481918335,-0.9712717533111572,-0.223968505859375,-0.08043184131383896,0.15266533195972443,-0.3271540701389313,-0.9325575232505798
300,1648819969.7764947,172.08010864257812,89.29668426513672,1361.097412109375,0.9504119753837585,0.3048776388168335,0.06137388199567795,0.296661376953125,-0.9480016231536865,0.11526057124137878,0.09332291036844254,-0.09133776277303696,-0.9914374947547913
4,1648819969.776503,136.09378051757812,-79.44074249267578,1532.9117431640625,0.1825256049633026,-0.9177618622779846,0.352700412273407,-0.9713649749755859,-0.22382083535194397,-0.07971425354480743,0.15210039913654327,-0.3280509412288666,-0.9323347210884094
300,1648819969.8088048,172.0857391357422,89.2972183227539,1361.09326171875,0.9504428505897522,0.30478382110595703,0.06136113032698631,0.29658472537994385,-0.9480459690093994,0.11509290337562561,0.09325162321329117,-0.09119045734405518,-0.9914577603340149
4,1648819969.8088126,135.73043823242188,-79.53948211669922,1532.6890869140625,0.18002934753894806,-0.9196245074272156,0.34911346435546875,-0.9718179106712341,-0.22119128704071045,-0.08151264488697052,0.15218187868595123,-0.32460007071495056,-0.933528482913971
300,1648819969.838528,172.084228515625,89.30795288085938,1361.10302734375,0.9505029320716858,0.30463525652885437,0.06116790324449539,0.296428382396698,-0.9480612874031067,0.11536882072687149,0.09313633292913437,-0.09152650088071823,-0.9914376139640808
4,1648819969.8385365,135.3551788330078,-79.63501739501953,1532.5499267578125,0.17750553786754608,-0.9210968017578125,0.3465147912502289,-0.9724493622779846,-0.21823295950889587,-0.08195473998785019,0.15110920369625092,-0.3224206864833832,-0.934457540512085
300,1648819969.8685284,172.0865020751953,89.29991912841797,1361.0921630859375,0.9504683613777161,0.30472052097320557,0.06128038838505745,0.29654890298843384,-0.9480828642845154,0.11488109081983566,0.0931055098772049,-0.09101821482181549,-0.9914872646331787
4,1648819969.8685365,135.0511474609375,-79.71426391601562,1532.4117431640625,0.17511336505413055,-0.9217249751091003,0.34606119990348816,-0.9729949235916138,-0.21570517122745514,-0.08217170089483261,0.15038689970970154,-0.3223264217376709,-0.9346065521240234
300,1648819969.8982987,172.08497619628906,89.30533599853516,1361.080810546875,0.9504224061965942,0.3048064410686493,0.061564937233924866,0.29658663272857666,-0.9480428099632263,0.11511362344026566,0.09345357120037079,-0.09114722907543182,-0.9914426803588867
4,1648819969.898307,135.1875,-79.66442108154297,1532.3846435546875,0.17566561698913574,-0.9208260774612427,0.34816792607307434,-0.9728450179100037,-0.21651960909366608,-0.08180390298366547,0.15071234107017517,-0.3243432939052582,-0.9338561296463013
300,1648819969.9280593,172.08175659179688,89.34214782714844,1361.09326171875,0.9504740834236145,0.3046802580356598,0.061391837894916534,0.29655468463897705,-0.9481533169746399,0.11428286880254745,0.09302861243486404,-0.09041687101125717,-0.991549551486969
4,1648819969.928067,135.6484375,-79.4827651977539,1532.44482421875,0.1786794513463974,-0.9193699955940247,0.35047462582588196,-0.972526490688324,-0.2190498262643814,-0.07879982888698578,0.1492176055908203,-0.3267659544944763,-0.9332513809204102
300,1648819969.960267,172.0784912109375,89.33468627929688,1361.10302734375,0.9505063891410828,0.30468466877937317,0.06086729094386101,0.29650190472602844,-0.94803386926651,0.11540547013282776,0.09286652505397797,-0.09164636582136154,-0.9914518594741821
4,1648819969.9602747,136.3035125732422,-79.3001708984375,1532.619140625,0.1839127242565155,-0.916930079460144,0.3541402816772461,-0.9715098142623901,-0.22435684502124786,-0.07637234032154083,0.1494818925857544,-0.33000490069389343,-0.9320686459541321
300,1648819969.991021,172.08543395996094,89.30848693847656,1361.07568359375,0.950468897819519,0.3046844005584717,0.061451490968465805,0.29659998416900635,-0.9481988549232483,0.11378654837608337,0.09293722361326218,-0.08992406725883484,-0.991602897644043
4,1648819969.99103,136.86761474609375,-79.18310546875,1532.787109375,0.18775290250778198,-0.915742814540863,0.35519570112228394,-0.9703518152236938,-0.22896963357925415,-0.07739654183387756,0.15220434963703156,-0.3301333487033844,-0.9315823912620544
300,1648819970.0204484,172.0867156982422,89.3221206665039,1361.07470703125,0.9504393339157104,0.30469563603401184,0.06185152381658554,0.2965877652168274,-0.9482189416885376,0.11365100741386414,0.09327775239944458,-0.08967398852109909,-0.991593599319458
4,1648819970.020456,137.13331604003906,-79.09187316894531,1532.9532470703125,0.18981342017650604,-0.9143694043159485,0.3576303720474243,-0.9700396060943604,-0.23090945184230804,-0.07552491873502731,0.15163791179656982,-0.33258000016212463,-0.9308041930198669
300,1648819970.0503876,172.09561157226562,89.27274322509766,1361.142333984375,0.9504008293151855,0.3048945963382721,0.061461783945560455,0.2966252267360687,-0.9479547739028931,0.11573760211467743,0.09355076402425766,-0.09176599979400635,-0.9913764595985413
4,1648819970.0503955,137.03500366210938,-79.15809631347656,1532.9434814453125,0.18932244181632996,-0.9148384928703308,0.3566897511482239,-0.9702905416488647,-0.2300315946340561,-0.07497826218605042,0.15064290165901184,-0.3318976163864136,-0.9312092661857605
300,1648819970.0801694,172.0869903564453,89.30567169189453,1361.1470947265625,0.9504494071006775,0.3048098087310791,0.06113048642873764,0.29661309719085693,-0.9480128288269043,0.11529260128736496,0.09309480339288712,-0.09144768118858337,-0.9914487600326538
4,1648819970.0801773,136.59521484375,-79.23069763183594,1532.7327880859375,0.18628264963626862,-0.9161545634269714,0.3549078702926636,-0.9710924029350281,-0.2265656441450119,-0.07515046000480652,0.14925935864448547,-0.33064907789230347,-0.9318759441375732
300,1648819970.1126633,172.08950805664062,89.28142547607422,1361.1158447265625,0.9504622220993042,0.3048170804977417,0.06089438125491142,0.29658371210098267,-0.9479461312294006,0.1159147322177887,0.09305738657712936,-0.09211229532957077,-0.9913907647132874
4,1648819970.112671,135.6676483154297,-79.49475860595703,1532.3360595703125,0.17965231835842133,-0.9196262359619141,0.34930309653282166,-0.9726449251174927,-0.2192084938287735,-0.07687298208475113,0.14726461470127106,-0.3259374797344208,-0.9338511228561401
300,1648819970.1423516,172.08837890625,89.28572082519531,1361.1248779296875,0.9505045413970947,0.3047376275062561,0.06063084304332733,0.2966286838054657,-0.948062002658844,0.11484687775373459,0.09247996658086777,-0.09117763489484787,-0.9915311932563782
4,1648819970.142359,134.72760009765625,-79.7365493774414,1531.945068359375,0.17226189374923706,-0.9223378896713257,0.34585922956466675,-0.9741288423538208,-0.2116471529006958,-0.07923717796802521,0.1462835818529129,-0.32326191663742065,-0.934934675693512
300,1648819970.172249,172.08956909179688,89.2901611328125,1361.1239013671875,0.9505809545516968,0.30461710691452026,0.060035333037376404,0.29662153124809265,-0.9481404423713684,0.11421633511781693,0.09171418100595474,-0.0907641053199768,-0.9916402697563171
4,1648819970.1722572,133.9827423095703,-79.92718505859375,1531.7545166015625,0.1668776571750641,-0.9243699312210083,0.3430628180503845,-0.975352942943573,-0.20570625364780426,-0.07982227206230164,0.14435547590255737,-0.32128676772117615,-0.9359146952629089
300,1648819970.2040558,172.0919647216797,89.28241729736328,1361.1142578125,0.9505237340927124,0.30469730496406555,0.06053212657570839,0.2966015040874481,-0.9480757117271423,0.11480402946472168,0.09236951917409897,-0.09117003530263901,-0.9915421605110168
4,1648819970.2040644,133.65060424804688,-80.03038787841797,1531.7911376953125,0.1640835702419281,-0.9254876971244812,0.3413929343223572,-0.9758337140083313,-0.20291690528392792,-0.08107613772153854,0.1443093717098236,-0.3198394775390625,-0.9364174008369446
300,1648819970.2340407,172.0927276611328,89.2702407836914,1361.0960693359375,0.9505385160446167,0.3046649992465973,0.06046295166015625,0.29651784896850586,-0.9480265974998474,0.11542416363954544,0.0924861878156662,-0.09178677201271057,-0.9914743900299072
4,1648819970.2340503,133.79705810546875,-80.02352142333984,1532.0726318359375,0.16529570519924164,-0.92482590675354,0.342599481344223,-0.975399911403656,-0.2046695351600647,-0.08188646286725998,0.14585039019584656,-0.3206360340118408,-0.9359060525894165
300,1648819970.264857,172.09056091308594,89.25236511230469,1361.0606689453125,0.9504827260971069,0.3047792911529541,0.06076362729072571,0.29664871096611023,-0.9480436444282532,0.11494703590869904,0.09264004975557327,-0.09122972190380096,-0.9915114641189575
4,1648819970.264865,134.1695556640625,-79.96003723144531,1532.3238525390625,0.1675783097743988,-0.9234841465950012,0.3451007306575775,-0.9747576117515564,-0.2075919508934021,-0.08217786252498627,0.14753009378910065,-0.3226183354854584,-0.9349611401557922
300,1648819970.2948368,172.09420776367188,89.25469970703125,1361.0721435546875,0.950506865978241,0.3047054708003998,0.060755655169487,0.2966277599334717,-0.9481174945831299,0.11439040303230286,0.09245888143777847,-0.09070704877376556,-0.9915763139724731
4,1648819970.2948444,134.54014587402344,-79.88011932373047,1532.5482177734375,0.17100290954113007,-0.9228235483169556,0.3451879024505615,-0.97392737865448,-0.2113298624753952,-0.08249349892139435,0.1490754634141922,-0.3220813274383545,-0.9349011182785034
300,1648819970.3249063,172.0951385498047,89.23262023925781,1361.064453125,0.9504007697105408,0.3048844337463379,0.06151266023516655,0.29668930172920227,-0.9480365514755249,0.11490074545145035,0.0933476984500885,-0.09095161408185959,-0.9914706349372864
4,1648819970.3249137,135.02804565429688,-79.78738403320312,1532.7264404296875,0.173629492521286,-0.9202765226364136,0.35063353180885315,-0.9730514883995056,-0.21517138183116913,-0.08289775252342224,0.15173515677452087,-0.326790988445282,-0.9328365921974182
300,1648819970.3567321,172.0838623046875,89.25718688964844,1361.100830078125,0.9503677487373352,0.30486252903938293,0.06212857738137245,0.29664579033851624,-0.9480944275856018,0.11453469097614288,0.09382109344005585,-0.09041989594697952,-0.9914745688438416
4,1648819970.3567393,135.28970336914062,-79.70426940917969,1532.7568359375,0.1760922372341156,-0.9198793172836304,0.3504476249217987,-0.9725748896598816,-0.21753811836242676,-0.08231167495250702,0.15195253491401672,-0.3263421356678009,-0.9329583048820496
300,1648819970.3864157,172.08840942382812,89.2316665649414,1361.1192626953125,0.9504324197769165,0.30491191148757935,0.06088510528206825,0.29679787158966064,-0.9480332136154175,0.114647276699543,0.09267842024564743,-0.09089391678571701,-0.9915387034416199
4,1648819970.3864236,135.6197967529297,-79.62071990966797,1532.8133544921875,0.1781754046678543,-0.9187285900115967,0.35240790247917175,-0.9722759127616882,-0.2194921374320984,-0.08063963055610657,0.1514367014169693,-0.32826969027519226,-0.9323657751083374
300,1648819970.4160583,172.0931396484375,89.23888397216797,1361.0986328125,0.9504637718200684,0.3048493266105652,0.060708075761795044,0.29667168855667114,-0.9479688405990601,0.11550294607877731,0.0927603617310524,-0.09177099913358688,-0.9914502501487732
4,1648819970.4160664,135.89065551757812,-79.54098510742188,1532.7564697265625,0.18034064769744873,-0.9173973798751831,0.35476651787757874,-0.9717456698417664,-0.222011998295784,-0.08013155311346054,0.15227490663528442,-0.33029183745384216,-0.9315146803855896
300,1648819970.4461596,172.092529296875,89.25411987304688,1361.095947265625,0.9504507184028625,0.3048979938030243,0.06066812947392464,0.2966229319572449,-0.9478521943092346,0.11658085137605667,0.09304969012737274,-0.092808797955513,-0.9913265109062195
4,1648819970.4461672,136.39599609375,-79.386474609375,1532.8818359375,0.18342581391334534,-0.9162488579750061,0.35615018010139465,-0.9712542295455933,-0.224833682179451,-0.07819879800081253,0.15172411501407623,-0.3315686881542206,-0.9311509132385254
300,1648819970.476911,172.09713745117188,89.24922180175781,1361.08544921875,0.9504519701004028,0.3048669695854187,0.0608045868575573,0.2966831624507904,-0.9479689002037048,0.11547302454710007,0.09284476935863495,-0.0917118638753891,-0.9914478063583374
4,1648819970.476919,136.74960327148438,-79.28954315185547,1532.9835205078125,0.1861717849969864,-0.914817214012146,0.3583984971046448,-0.9706507921218872,-0.2277717888355255,-0.07718158513307571,0.1522401124238968,-0.33351075649261475,-0.9303727746009827
300,1648819970.5087543,172.10769653320312,89.24150085449219,1361.093994140625,0.9504437446594238,0.30486249923706055,0.060955505818128586,0.29671838879585266,-0.9480273723602295,0.11490128934383392,0.09281658381223679,-0.09112059324979782,-0.991504967212677
4,1648819970.5087664,136.845947265625,-79.2706069946289,1533.0606689453125,0.18689756095409393,-0.9143877625465393,0.3591160774230957,-0.9705871939659119,-0.2283443808555603,-0.07628428190946579,0.15175555646419525,-0.3342961370944977,-0.9301700592041016
300,1648819970.5385873,172.10699462890625,89.22930145263672,1361.0831298828125,0.9504203796386719,0.3048631250858307,0.06131495162844658,0.2967022657394409,-0.9480533003807068,0.1147288903594017,0.09310644865036011,-0.09084838628768921,-0.9915027618408203
4,1648819970.538595,136.82093811035156,-79.28516387939453,1532.9981689453125,0.18600386381149292,-0.9141355752944946,0.3602203130722046,-0.970658004283905,-0.2278231680393219,-0.0769394040107727,0.15239958465099335,-0.3353396952152252,-0.9296889901161194
410,1648819970.5386,165.82577514648438,-237.68362426757812,1528.2689208984375,0.19965337216854095,0.9673622250556946,-0.15604111552238464,-0.9732404947280884,0.21426093578338623,0.08303698897361755,0.11376035958528519,0.13528691232204437,0.9842540621757507
300,1648819971.4129527,172.10975646972656,89.19612121582031,1361.1112060546875,0.9503875374794006,0.30501267313957214,0.061080507934093475,0.29689204692840576,-0.9480186104774475,0.1145242378115654,0.09283680468797684,-0.09070808440446854,-0.9915409088134766
4,1648819971.4129596,135.94140625,-79.76082611083984,1534.227783203125,0.1736392378807068,-0.911012589931488,0.37403935194015503,-0.9718040823936462,-0.22002753615379333,-0.0847625657916069,0.15951871871948242,-0.34877488017082214,-0.923531174659729
410,1648819971.412964,147.2407989501953,-204.1121826171875,1527.4775390625,0.17960308492183685,0.9833276867866516,-0.028449170291423798,-0.9731917381286621,0.18182659149169922,0.14084382355213165,0.14366845786571503,0.0023905099369585514,0.9896230101585388
300,1648819971.4422264,172.10426330566406,89.18254852294922,1361.115234375,0.9504296183586121,0.3049643635749817,0.0606655552983284,0.29684603214263916,-0.9479866623878479,0.11490725725889206,0.09255275875329971,-0.09120292961597443,-0.9915220737457275
4,1648819971.442234,136.05836486816406,-79.74217987060547,1534.29541015625,0.17438684403896332,-0.9106049537658691,0.374683678150177,-0.9716578722000122,-0.2208089977502823,-0.08440565317869186,0.15959373116493225,-0.3493451178073883,-0.9233026504516602
410,1648819971.442239,147.5655517578125,-207.72828674316406,1528.05908203125,0.17987357079982758,0.9835000038146973,-0.019318928942084312,-0.9732968807220459,0.1807861179113388,0.14145533740520477,0.14261391758918762,-0.006641024257987738,0.9897561073303223
300,1648819971.4726143,172.10153198242188,89.18502044677734,1361.120361328125,0.9504110813140869,0.3049756586551666,0.06089853122830391,0.2968437969684601,-0.9479975700378418,0.11482296884059906,0.09274987131357193,-0.09105166792869568,-0.9915175437927246
4,1648819971.4726226,136.1231231689453,-79.72945404052734,1534.29296875,0.17454132437705994,-0.9099108576774597,0.37629449367523193,-0.9715513586997986,-0.2212744802236557,-0.08441312611103058,0.16007278859615326,-0.35085582733154297,-0.922646701335907
410,1648819971.4726274,147.6945037841797,-210.7797088623047,1528.5220947265625,0.18057270348072052,0.9834974408149719,-0.011237512342631817,-0.9730190634727478,0.18029387295246124,0.14397239685058594,0.1436225324869156,-0.015063170343637466,0.989517867565155
300,1648819971.5042322,172.10757446289062,89.17387390136719,1361.13427734375,0.9504544138908386,0.3049374520778656,0.06041152775287628,0.29685452580451965,-0.9479996562004089,0.1147780641913414,0.09227024018764496,-0.09115788340568542,-0.9915525317192078
4,1648819971.5042393,135.97447204589844,-79.79212951660156,1534.2889404296875,0.17359960079193115,-0.9110380411148071,0.373995840549469,-0.9716848731040955,-0.22026203572750092,-0.08551696687936783,0.1602862924337387,-0.3485603928565979,-0.9234792590141296
410,1648819971.5042644,147.5108184814453,-213.36489868164062,1528.9935302734375,0.1811537891626358,0.983451783657074,-0.0024313158355653286,-0.9724240303039551,0.1794905960559845,0.1489115059375763,0.14688368141651154,-0.024611614644527435,0.988847553730011
300,1648819971.5346484,172.1106719970703,89.17501831054688,1361.1199951171875,0.9504353404045105,0.30487754940986633,0.06101120263338089,0.296798437833786,-0.9480928778648376,0.11415132880210876,0.09264646470546722,-0.09038542956113815,-0.9915881752967834
4,1648819971.534656,135.8703155517578,-79.83269500732422,1534.326171875,0.17259390652179718,-0.91119384765625,0.3740817606449127,-0.9717945456504822,-0.21948647499084473,-0.08626164495944977,0.16070696711540222,-0.34864237904548645,-0.9233751893043518
410,1648819971.5346608,147.34059143066406,-215.2198486328125,1529.5830078125,0.18139347434043884,0.9834054112434387,0.003187708090990782,-0.9721375703811646,0.178823783993721,0.1515607386827469,0.14847561717033386,-0.030591020360589027,0.9884427785873413
300,1648819971.5647483,172.11074829101562,89.1566390991211,1361.0858154296875,0.9503832459449768,0.3050079345703125,0.061170294880867004,0.2968744933605194,-0.9480181336402893,0.11457371711730957,0.0929364413022995,-0.09072904288768768,-0.991529643535614
4,1648819971.5647602,135.82911682128906,-79.86893463134766,1534.4371337890625,0.17209959030151367,-0.9107658267021179,0.37534967064857483,-0.9718790650367737,-0.2191540151834488,-0.08615428954362869,0.16072575747966766,-0.3499673902988434,-0.9228705763816833
410,1648819971.5647655,147.26608276367188,-216.81747436523438,1530.33349609375,0.18082447350025177,0.983498752117157,0.0057166400365531445,-0.9718732237815857,0.17778928577899933,0.1544456034898758,0.15088070929050446,-0.033483393490314484,0.9879847764968872
300,1648819971.5947995,172.1121063232422,89.16693115234375,1361.07763671875,0.9503964185714722,0.30493706464767456,0.061319563537836075,0.2968721389770508,-0.9481241703033447,0.1136990636587143,0.09280961751937866,-0.08985510468482971,-0.9916211366653442
4,1648819971.5948076,135.75204467773438,-79.9024658203125,1534.56494140625,0.17141802608966827,-0.9110670685768127,0.3749302625656128,-0.9718629121780396,-0.2187776118516922,-0.08728624135255814,0.16154997050762177,-0.34941837191581726,-0.9229346513748169
410,1648819971.5948133,147.17837524414062,-218.41354370117188,1531.1190185546875,0.1803438514471054,0.9835631847381592,0.008922100067138672,-0.9714818596839905,0.17669430375099182,0.15812073647975922,0.15394525229930878,-0.03718376159667969,0.9873794913291931
300,1648819971.6254723,172.11587524414062,89.14808654785156,1361.0545654296875,0.9503148794174194,0.30503877997398376,0.06207231804728508,0.29689323902130127,-0.9481017589569092,0.11383072286844254,0.093573659658432,-0.08974618464708328,-0.9915591478347778
4,1648819971.6254795,135.6671905517578,-79.95867919921875,1534.705078125,0.1704893559217453,-0.9113526940345764,0.3746594190597534,-0.9717932343482971,-0.21839027106761932,-0.08901458978652954,0.16294565796852112,-0.3489154577255249,-0.9228795766830444
410,1648819971.6254842,147.08592224121094,-220.40402221679688,1531.8299560546875,0.17874497175216675,0.9838235378265381,0.011894055642187595,-0.9715164303779602,0.17457158863544464,0.16025157272815704,0.15558290481567383,-0.04019943252205849,0.9870045185089111
300,1648819971.6566353,172.10543823242188,89.16371154785156,1361.039794921875,0.9503208994865417,0.3050210773944855,0.062067531049251556,0.29684898257255554,-0.9480811953544617,0.1141173243522644,0.09365324676036835,-0.09002339094877243,-0.9915265440940857
4,1648819971.6566436,135.53738403320312,-80.01160430908203,1534.835693359375,0.16906212270259857,-0.9112022519111633,0.37567073106765747,-0.971686840057373,-0.21792267262935638,-0.09129321575164795,0.16505375504493713,-0.34960007667541504,-0.9222456812858582
410,1648819971.6566484,147.09698486328125,-222.39695739746094,1532.34716796875,0.17840270698070526,0.9838606119155884,0.013813245110213757,-0.9714417457580566,0.17388410866260529,0.16144728660583496,0.15643972158432007,-0.042221393436193466,0.9867846369743347
300,1648819971.6865513,172.10948181152344,89.15168762207031,1361.0625,0.9503424763679504,0.3049960136413574,0.061859432607889175,0.29687780141830444,-0.9481167793273926,0.11374591290950775,0.09334202110767365,-0.08973287791013718,-0.9915822148323059
4,1648819971.6865592,135.37046813964844,-80.08446502685547,1535.030517578125,0.16763511300086975,-0.9111588001251221,0.3764147460460663,-0.9718252420425415,-0.21690328419208527,-0.09224215149879456,0.16569285094738007,-0.3503463566303253,-0.9218477606773376
410,1648819971.6865647,147.1693115234375,-224.4827423095703,1532.776611328125,0.17805376648902893,0.9839261174201965,0.013647428713738918,-0.9715885519981384,0.17358966171741486,0.16087990999221802,0.15592488646507263,-0.041904959827661514,0.9868796467781067
300,1648819971.7168124,172.10581970214844,89.1674575805664,1361.081298828125,0.950366735458374,0.3049699366092682,0.061615075916051865,0.29682597517967224,-0.9480717182159424,0.11425545811653137,0.09325999021530151,-0.09029562771320343,-0.9915388226509094
4,1648819971.7168202,135.23191833496094,-80.11925506591797,1535.079345703125,0.1664671003818512,-0.9118742942810059,0.3751986622810364,-0.9719564318656921,-0.2158420830965042,-0.09334272146224976,0.16610047221183777,-0.3491382598876953,-0.9222326874732971
410,1648819971.7168252,147.24913024902344,-226.5541534423828,1532.9359130859375,0.1773597151041031,0.9840295910835266,0.015142146497964859,-0.9721252918243408,0.17277517914772034,0.15849655866622925,0.1533491164445877,-0.04283096641302109,0.9872434139251709
300,1648819971.7469351,172.1068878173828,89.14479064941406,1361.08740234375,0.9503272175788879,0.3050800859928131,0.06167953833937645,0.29693976044654846,-0.9480485916137695,0.11415188014507294,0.09330066293478012,-0.09016653150320053,-0.9915467500686646
4,1648819971.7469428,135.1470489501953,-80.15337371826172,1534.9952392578125,0.16603603959083557,-0.9120517373085022,0.3749581575393677,-0.9721572995185852,-0.21514953672885895,-0.09284866601228714,0.1653548628091812,-0.34910207986831665,-0.9223803281784058
410,1648819971.7469475,147.0555419921875,-228.55897521972656,1532.6868896484375,0.1769300401210785,0.983944296836853,0.023438315838575363,-0.9727684259414673,0.1711985319852829,0.15624557435512543,0.1497243344783783,-0.0504445880651474,0.9874401092529297
300,1648819971.776323,172.1031036376953,89.16181945800781,1361.1162109375,0.950400173664093,0.3049951493740082,0.06097077950835228,0.2969001531600952,-0.9480361938476562,0.11435782164335251,0.09268108010292053,-0.09058345854282379,-0.9915668964385986
4,1648819971.776331,134.95777893066406,-80.17372131347656,1534.7503662109375,0.1646028608083725,-0.9123011231422424,0.37498337030410767,-0.9726864695549011,-0.21321511268615723,-0.0917624831199646,0.16366714239120483,-0.34963688254356384,-0.9224787950515747
410,1648819971.7763395,146.4185028076172,-230.37649536132812,1532.080810546875,0.17667341232299805,0.9835684299468994,0.037143997848033905,-0.9733996987342834,0.1690049022436142,0.1546943485736847,0.1458749622106552,-0.06348633766174316,0.9872638583183289
300,1648819971.809031,172.1077117919922,89.15523529052734,1361.10595703125,0.9504139423370361,0.30495041608810425,0.06097990274429321,0.2968495786190033,-0.9480454325675964,0.114412322640419,0.09270180016756058,-0.09063720703125,-0.9915600419044495
4,1648819971.8090389,134.78919982910156,-80.19096374511719,1534.484130859375,0.16343845427036285,-0.9126765131950378,0.3745790719985962,-0.9733263254165649,-0.21113796532154083,-0.08975864201784134,0.16100846230983734,-0.3499176502227783,-0.9228401184082031
410,1648819971.8090444,145.36737060546875,-231.93939208984375,1531.18212890625,0.17609934508800507,0.982852041721344,0.054689232259988785,-0.9742786884307861,0.16608870029449463,0.15230104327201843,0.1406061351299286,-0.08010266721248627,0.986819863319397
300,1648819971.8388045,172.10865783691406,89.15811157226562,1361.11181640625,0.9504523873329163,0.3049261271953583,0.06050058826804161,0.29686862230300903,-0.9480388760566711,0.11441751569509506,0.09224579483270645,-0.09078767150640488,-0.9915887713432312
4,1648819971.8388124,134.6907196044922,-80.19976043701172,1534.2215576171875,0.16262733936309814,-0.913606584072113,0.3726598024368286,-0.9736506938934326,-0.20978593826293945,-0.08941024541854858,0.15986457467079163,-0.34829992055892944,-0.9236506223678589
410,1648819971.8388174,144.26498413085938,-232.93544006347656,1530.335205078125,0.17504291236400604,0.9818925261497498,0.07243675738573074,-0.975134551525116,0.16274084150791168,0.15042619407176971,0.1359139382839203,-0.09696662425994873,0.9859639406204224
