300,1648820432.794524,172.18746948242188,89.1050796508789,1361.178955078125,0.9502930641174316,0.3053590953350067,0.06081908196210861,0.2972069978713989,-0.9478493332862854,0.11510694772005081,0.09279628098011017,-0.09130947291851044,-0.9914895296096802
4,1648820432.7945318,200.90414428710938,-18.59921646118164,1423.143310546875,0.1891302913427353,-0.9537087678909302,0.2338147908449173,-0.8173570036888123,-0.02093706838786602,0.5757509469985962,-0.5442033410072327,-0.3000020980834961,-0.7834803462028503
300,1648820432.8241267,172.1895751953125,89.10209655761719,1361.1644287109375,0.9502826929092407,0.30538079142570496,0.06087145209312439,0.2972845435142517,-0.9479036331176758,0.11445758491754532,0.09265342354774475,-0.09067092090845108,-0.9915614724159241
4,1648820432.8241343,200.91290283203125,-18.602638244628906,1423.1546630859375,0.1897060126066208,-0.95386803150177,0.23269593715667725,-0.8172057271003723,-0.022029738873243332,0.5759248733520508,-0.5442301034927368,-0.2994168698787689,-0.7836856245994568
300,1648820432.8562722,172.18356323242188,89.10253143310547,1361.2139892578125,0.9503856301307678,0.30523964762687683,0.05996597930788994,0.29720833897590637,-0.9479038715362549,0.1146535575389862,0.0918387919664383,-0.09114270657300949,-0.9915940165519714
4,1648820432.8562806,200.98117065429688,-18.55879783630371,1423.1466064453125,0.1907675564289093,-0.9538743495941162,0.23180054128170013,-0.8165947198867798,-0.023157726973295212,0.5767467617988586,-0.5447759628295898,-0.29931166768074036,-0.7833464741706848
300,1648820432.8868792,172.18321228027344,89.10358428955078,1361.212646484375,0.950329601764679,0.30536332726478577,0.06022387370467186,0.2972765862941742,-0.947841465473175,0.11499232798814774,0.09219712018966675,-0.09137746691703796,-0.9915391206741333
4,1648820432.886888,201.0619354248047,-18.497573852539062,1423.1600341796875,0.1915738582611084,-0.9542276263237,0.22967177629470825,-0.8156111836433411,-0.02460823394358158,0.5780768394470215,-0.5459650754928589,-0.29806727170944214,-0.7829930186271667
300,1648820432.9163058,172.18487548828125,89.10541534423828,1361.2098388671875,0.9503437280654907,0.3053051233291626,0.06029541417956352,0.29726967215538025,-0.947918713092804,0.11437144130468369,0.09207333624362946,-0.09076818823814392,-0.991606593132019
4,1648820432.916314,201.0716094970703,-18.477935791015625,1423.1221923828125,0.1920032501220703,-0.9544691443443298,0.22830547392368317,-0.8158585429191589,-0.025943661108613014,0.5776692628860474,-0.5454444289207458,-0.29717934131622314,-0.7836930751800537
300,1648820432.94623,172.18869018554688,89.11479187011719,1361.12841796875,0.9502222537994385,0.30538105964660645,0.061807043850421906,0.2972867488861084,-0.9480141997337341,0.11353255063295364,0.09326464682817459,-0.08950673788785934,-0.9916099309921265
4,1648820432.9462383,201.0718536376953,-18.524423599243164,1423.1641845703125,0.19246838986873627,-0.954190731048584,0.22907637059688568,-0.8168109059333801,-0.02640281803905964,0.5763010382652283,-0.5438528060913086,-0.2980318069458008,-0.7844750881195068
300,1648820432.9765484,172.1893768310547,89.1063232421875,1361.15869140625,0.9503200054168701,0.30524852871894836,0.060952797532081604,0.2972182631492615,-0.9480185508728027,0.11367541551589966,0.09248363971710205,-0.08991173654794693,-0.991646409034729
4,1648820432.9765565,201.03448486328125,-18.68986701965332,1423.275634765625,0.19195939600467682,-0.9544347524642944,0.22848621010780334,-0.8173176646232605,-0.02659296989440918,0.5755732655525208,-0.543271005153656,-0.2972325086593628,-0.7851811647415161
300,1648820433.0086503,172.18630981445312,89.10699462890625,1361.1820068359375,0.9503151178359985,0.3053060472011566,0.060740284621715546,0.29716965556144714,-0.9478718638420105,0.11501779407262802,0.0926896333694458,-0.09125298261642456,-0.9915046691894531
4,1648820433.008658,201.04478454589844,-18.842182159423828,1423.3885498046875,0.19195982813835144,-0.9543220400810242,0.22895602881908417,-0.8180178999900818,-0.02669392339885235,0.5745730400085449,-0.5422160029411316,-0.29758507013320923,-0.785776674747467
300,1648820433.0381143,172.1854705810547,89.10018920898438,1361.1622314453125,0.9502489566802979,0.3054383099079132,0.061109740287065506,0.29726895689964294,-0.9478423595428467,0.11500426381826401,0.09304911643266678,-0.09111665189266205,-0.9914835691452026
4,1648820433.038123,201.14195251464844,-19.001789093017578,1423.5833740234375,0.19250258803367615,-0.9542593955993652,0.22876136004924774,-0.8189418911933899,-0.02779298461973667,0.5732030868530273,-0.5406264662742615,-0.29768532514572144,-0.7868332266807556
300,1648820433.0680664,172.18565368652344,89.09060668945312,1361.166259765625,0.9502920508384705,0.30532267689704895,0.061017535626888275,0.2972801923751831,-0.9479912519454956,0.11374133080244064,0.09257189929485321,-0.08994817733764648,-0.9916349053382874
4,1648820433.068074,201.37466430664062,-19.216205596923828,1423.841552734375,0.19430610537528992,-0.9536594152450562,0.22973646223545074,-0.8200903534889221,-0.02942289039492607,0.5714771747589111,-0.538235068321228,-0.29944613575935364,-0.7878039479255676
300,1648820433.0981946,172.18736267089844,89.09783172607422,1361.183837890625,0.9503147006034851,0.305311381816864,0.06071983277797699,0.2972432076931,-0.9479348659515381,0.11430661380290985,0.09245755523443222,-0.09057870507240295,-0.9915881752967834
4,1648820433.098203,201.60179138183594,-19.45357894897461,1424.130615234375,0.1961621791124344,-0.9532095789909363,0.2300257533788681,-0.8213117718696594,-0.031563159078359604,0.5696057677268982,-0.535693347454071,-0.3006579577922821,-0.7890737652778625
300,1648820433.1286051,172.1926727294922,89.09114074707031,1361.1741943359375,0.9503079056739807,0.30528199672698975,0.06097331643104553,0.29728126525878906,-0.9480392336845398,0.1133379265666008,0.09240512549877167,-0.08957970887422562,-0.9916837811470032
4,1648820433.1286123,201.80044555664062,-19.686737060546875,1424.3651123046875,0.19788362085819244,-0.9526228308677673,0.23098018765449524,-0.823414146900177,-0.03370058536529541,0.5664392113685608,-0.5318187475204468,-0.3022814095020294,-0.7910719513893127
300,1648820433.1607733,172.18936157226562,89.09684753417969,1361.174560546875,0.9503145217895508,0.30527952313423157,0.060882534831762314,0.2972967326641083,-0.9480469226837158,0.11323290318250656,0.09228718280792236,-0.08950670063495636,-0.9917013645172119
4,1648820433.1607814,202.0783233642578,-19.806486129760742,1424.5513916015625,0.19980350136756897,-0.9523067474365234,0.23063045740127563,-0.8234513998031616,-0.03562932461500168,0.5662670135498047,-0.5310426950454712,-0.3030551075935364,-0.791297197341919
300,1648820433.1903787,172.1906280517578,89.08392333984375,1361.1837158203125,0.9503064751625061,0.30533939599990845,0.06070796772837639,0.2973040044307709,-0.9479568004608154,0.11396600306034088,0.09234684705734253,-0.09025390446186066,-0.991628110408783
4,1648820433.1903868,202.32530212402344,-19.806562423706055,1424.6846923828125,0.20239737629890442,-0.9511293172836304,0.23321299254894257,-0.8233477473258972,-0.036333538591861725,0.5663729906082153,-0.5302205085754395,-0.30664780735969543,-0.7904640436172485
300,1648820433.2209127,172.1907196044922,89.09784698486328,1361.16259765625,0.950340211391449,0.3052452802658081,0.060653362423181534,0.2972068786621094,-0.9479767084121704,0.11405382305383682,0.09231236577033997,-0.09036333113908768,-0.9916213750839233
4,1648820433.220921,202.5213165283203,-19.70815658569336,1424.6573486328125,0.203190416097641,-0.951012372970581,0.23300015926361084,-0.8235782384872437,-0.03729808330535889,0.56597501039505,-0.5295587778091431,-0.30689457058906555,-0.7908117175102234
300,1648820433.2506828,172.1992950439453,89.09749603271484,1361.1634521484375,0.9503271579742432,0.3052704334259033,0.06073113903403282,0.29722273349761963,-0.9479689002037048,0.11407727003097534,0.09239564836025238,-0.09036005288362503,-0.9916138648986816
4,1648820433.2506912,202.45956420898438,-19.656625747680664,1424.5557861328125,0.20280921459197998,-0.9506663680076599,0.23473788797855377,-0.8233538269996643,-0.035794418305158615,0.5663985013961792,-0.5300536751747131,-0.30814316868782043,-0.7899942398071289
300,1648820433.280921,172.2005615234375,89.11441040039062,1361.1529541015625,0.9503473043441772,0.30526983737945557,0.060417696833610535,0.29722321033477783,-0.9479331970214844,0.1143723726272583,0.09218637645244598,-0.09073594212532043,-0.9915990233421326
4,1648820433.2809296,202.27732849121094,-19.604625701904297,1424.4407958984375,0.20073573291301727,-0.9510027766227722,0.2351570576429367,-0.8227865099906921,-0.033377062529325485,0.5673696398735046,-0.531721293926239,-0.307375431060791,-0.7891722321510315
300,1648820433.3129377,172.19598388671875,89.11304473876953,1361.15234375,0.9503099918365479,0.3053322434425354,0.060688748955726624,0.2972276508808136,-0.9478889107704163,0.11472707241773605,0.09255606681108475,-0.0909879133105278,-0.9915415048599243
4,1648820433.3129456,202.1148681640625,-19.533348083496094,1424.3226318359375,0.1986687034368515,-0.9514296650886536,0.2351856380701065,-0.8219684958457947,-0.03106144443154335,0.5686853528022766,-0.5337589383125305,-0.30629515647888184,-0.7882161736488342
300,1648820433.3429422,172.19967651367188,89.126220703125,1361.097412109375,0.950246274471283,0.3053378462791443,0.06165119633078575,0.2972398102283478,-0.9480061531066895,0.11372268944978714,0.09316955506801605,-0.0897393673658371,-0.9915978312492371
4,1648820433.34295,202.06871032714844,-19.381689071655273,1424.2159423828125,0.19829154014587402,-0.9510393738746643,0.23707500100135803,-0.8209588527679443,-0.02901802398264408,0.5702495574951172,-0.5354503393173218,-0.30770447850227356,-0.7865182161331177
300,1648820433.3729453,172.1996307373047,89.13179779052734,1361.1171875,0.9503215551376343,0.3052796423435211,0.0607721209526062,0.2972142696380615,-0.9479535818099976,0.11422652751207352,0.09248018264770508,-0.09048959612846375,-0.9915941953659058
4,1648820433.372954,202.1298065185547,-19.17568588256836,1424.0684814453125,0.19851891696453094,-0.951176643371582,0.2363329827785492,-0.8200878500938416,-0.029163964092731476,0.5714939832687378,-0.5366992950439453,-0.3072661757469177,-0.7858380079269409
300,1648820433.4044108,172.20083618164062,89.13224792480469,1361.142578125,0.9503180980682373,0.305367648601532,0.060382965952157974,0.2973123788833618,-0.9478901624679565,0.11449697613716125,0.09220009297132492,-0.09085594117641449,-0.9915868043899536
4,1648820433.4044194,202.20184326171875,-19.005054473876953,1423.931884765625,0.19936372339725494,-0.9513016939163208,0.23511523008346558,-0.8189124464988708,-0.029967928305268288,0.5731355547904968,-0.5381789207458496,-0.3068012297153473,-0.7850072979927063
300,1648820433.434856,172.2009735107422,89.13555145263672,1361.103759765625,0.9502298831939697,0.30547136068344116,0.06124104931950569,0.29733914136886597,-0.9478839039802551,0.11447948217391968,0.09301961213350296,-0.09057246148586273,-0.9915362000465393
4,1648820433.4348645,202.27999877929688,-18.854524612426758,1423.7918701171875,0.2004481703042984,-0.951056718826294,0.23518425226211548,-0.8193565607070923,-0.03113388456404209,0.5724381804466248,-0.5370990037918091,-0.3074439465999603,-0.7854953408241272
300,1648820433.4643836,172.19834899902344,89.13897705078125,1361.1309814453125,0.9503517150878906,0.30530866980552673,0.060151513665914536,0.29724985361099243,-0.9478774070739746,0.11476468294858932,0.09205491095781326,-0.09118679165840149,-0.9915698766708374
4,1648820433.4643915,202.45396423339844,-18.738285064697266,1423.7747802734375,0.2025335729122162,-0.9506746530532837,0.23494219779968262,-0.8180900812149048,-0.032389890402555466,0.5741772055625916,-0.5382459759712219,-0.30849406123161316,-0.7842975854873657
300,1648820433.494861,172.20455932617188,89.11764526367188,1361.0963134765625,0.9502963423728943,0.3054296374320984,0.06041206791996956,0.2973475158214569,-0.9478479623794556,0.11475510150194168,0.0923110619187355,-0.09108797460794449,-0.9915551543235779
4,1648820433.4948702,202.69241333007812,-18.652259826660156,1423.7918701171875,0.20487108826637268,-0.9505912065505981,0.23324711620807648,-0.817320704460144,-0.035031888633966446,0.5751169919967651,-0.5385301113128662,-0.30846256017684937,-0.7841148972511292
300,1648820433.524166,172.20880126953125,89.1331787109375,1361.095703125,0.9503551125526428,0.3052849769592285,0.060218628495931625,0.297238826751709,-0.9479052424430847,0.11456301063299179,0.09205592423677444,-0.09097622334957123,-0.9915891289710999
4,1648820433.5241737,202.8302764892578,-18.634632110595703,1423.8155517578125,0.2062721997499466,-0.9508993625640869,0.23074263334274292,-0.8169282674789429,-0.03755785524845123,0.5755150318145752,-0.538590669631958,-0.3072129487991333,-0.7845637202262878
300,1648820433.5562565,172.22230529785156,89.13496398925781,1361.0601806640625,0.9502710700035095,0.30537983775138855,0.06105734407901764,0.2972566783428192,-0.9478995203971863,0.1145641878247261,0.09286182373762131,-0.09071733802556992,-0.9915376901626587
4,1648820433.5562642,202.86074829101562,-18.70488739013672,1423.877685546875,0.20750659704208374,-0.9504991173744202,0.23128429055213928,-0.8171349763870239,-0.038437314331531525,0.5751634240150452,-0.5378023982048035,-0.3083406984806061,-0.7846620678901672
300,1648820433.5868616,172.22134399414062,89.13832092285156,1361.065185546875,0.9503219723701477,0.3053443729877472,0.060439661145210266,0.2972634434700012,-0.9478788375854492,0.114717498421669,0.09231781959533691,-0.09105206280946732,-0.9915578365325928
4,1648820433.586869,202.90650939941406,-18.73159408569336,1423.8873291015625,0.20803958177566528,-0.9507759213447571,0.22966207563877106,-0.8178733587265015,-0.040311895310878754,0.5739844441413879,-0.536472499370575,-0.30724596977233887,-0.7860007882118225
300,1648820433.6162674,172.22549438476562,89.13400268554688,1361.0081787109375,0.9502430558204651,0.3054162859916687,0.0613105483353138,0.2972865402698517,-0.9479115009307861,0.11438735574483871,0.09305273741483688,-0.09046899527311325,-0.9915425181388855
4,1648820433.6162746,202.8976287841797,-18.734651565551758,1423.8956298828125,0.20842936635017395,-0.9510505199432373,0.22816693782806396,-0.8175476789474487,-0.04137329012155533,0.5743727087974548,-0.5368174314498901,-0.30625349283218384,-0.7861525416374207
300,1648820433.6463642,172.22463989257812,89.13427734375,1361.0208740234375,0.9503007531166077,0.30535927414894104,0.06069740653038025,0.2972583770751953,-0.9478852152824402,0.11467831581830978,0.09255225956439972,-0.090936079621315,-0.991546630859375
4,1648820433.646372,202.9466094970703,-18.71668243408203,1423.9315185546875,0.208811953663826,-0.951145589351654,0.2274196296930313,-0.817353367805481,-0.04205230996012688,0.5745999217033386,-0.5369645953178406,-0.3058655261993408,-0.7862030863761902
300,1648820433.676701,172.22865295410156,89.13601684570312,1360.994873046875,0.9502866864204407,0.30534595251083374,0.06098432466387749,0.29727569222450256,-0.9479531049728394,0.11407055705785751,0.09264126420021057,-0.09027057141065598,-0.9915991425514221
4,1648820433.6767097,202.91236877441406,-18.67925453186035,1423.8668212890625,0.20869864523410797,-0.951464056968689,0.22618813812732697,-0.8166698217391968,-0.042308270931243896,0.575552225112915,-0.5380476117134094,-0.30483800172805786,-0.7858616709709167
300,1648820433.7081842,172.2334747314453,89.15516662597656,1360.9517822265625,0.9502953290939331,0.30529314279556274,0.06111327186226845,0.2972587049007416,-0.9480193257331848,0.11356350779533386,0.09260672330856323,-0.0897524282336235,-0.9916493892669678
4,1648820433.7081928,202.951904296875,-18.48467445373535,1423.6524658203125,0.20934687554836273,-0.9517281651496887,0.2244713008403778,-0.8156102299690247,-0.04332173988223076,0.5769776701927185,-0.5394014120101929,-0.3038695454597473,-0.7853084802627563
300,1648820433.7389085,172.23858642578125,89.14827728271484,1360.9432373046875,0.9502220153808594,0.30536192655563354,0.06190471723675728,0.29726117849349976,-0.9480251669883728,0.11350792646408081,0.09334822744131088,-0.08945586532354355,-0.9916066527366638
4,1648820433.7389162,202.8816680908203,-18.251550674438477,1423.4228515625,0.20934972167015076,-0.9519976377487183,0.22332313656806946,-0.814048707485199,-0.043144967406988144,0.5791919231414795,-0.5417540669441223,-0.30304956436157227,-0.784004807472229
300,1648820433.768444,172.23675537109375,89.1419677734375,1360.968017578125,0.9502283930778503,0.30541807413101196,0.06152865290641785,0.2972881495952606,-0.9479362964630127,0.11417777091264725,0.09319719672203064,-0.09020321816205978,-0.9915531277656555
4,1648820433.7684522,202.74703979492188,-18.01650619506836,1423.189697265625,0.20874063670635223,-0.9521357417106628,0.22330452501773834,-0.812828779220581,-0.041939910501241684,0.5809909105300903,-0.543816864490509,-0.3027847707271576,-0.7826778888702393
300,1648820433.798657,172.23675537109375,89.15140533447266,1360.95068359375,0.9502332210540771,0.30541425943374634,0.061473190784454346,0.2973068952560425,-0.9479528069496155,0.11399141699075699,0.09308828413486481,-0.09004203230142593,-0.9915780425071716
4,1648820433.7986655,202.6263885498047,-17.795988082885742,1422.9410400390625,0.2079954743385315,-0.9525637030601501,0.22217167913913727,-0.8117092251777649,-0.04135742411017418,0.582595705986023,-0.545771062374115,-0.301516056060791,-0.7818068861961365
300,1648820433.8289983,172.23870849609375,89.14390563964844,1360.962646484375,0.9503080248832703,0.3053410053253174,0.060675352811813354,0.2972668409347534,-0.9479145407676697,0.11441370099782944,0.09245024621486664,-0.09069149196147919,-0.9915785193443298
4,1648820433.8290055,202.62132263183594,-17.63416862487793,1422.7813720703125,0.20786455273628235,-0.9525238275527954,0.22246508300304413,-0.8115227818489075,-0.040960244834423065,0.5828834176063538,-0.5460981130599976,-0.3016962707042694,-0.7815089225769043
300,1648820433.8601296,172.23968505859375,89.16533660888672,1360.955078125,0.9502474665641785,0.3053829073905945,0.061409078538417816,0.29726141691207886,-0.9479414224624634,0.11420464515686035,0.09308835864067078,-0.09026812016963959,-0.9915574789047241
4,1648820433.8601372,202.51315307617188,-17.5858211517334,1422.7646484375,0.20696695148944855,-0.952428936958313,0.2237047702074051,-0.8108431100845337,-0.03904026374220848,0.5839600563049316,-0.5474469661712646,-0.30224987864494324,-0.7803504467010498
300,1648820433.8906467,172.23663330078125,89.15757751464844,1360.9549560546875,0.9502381086349487,0.3054012954235077,0.061461955308914185,0.2972066104412079,-0.9478707909584045,0.11493141949176788,0.09335819631814957,-0.09094531834125519,-0.991470217704773
4,1648820433.8906565,202.481689453125,-17.652536392211914,1422.8126220703125,0.20613421499729156,-0.9523812532424927,0.22467456758022308,-0.8102332949638367,-0.03738150745630264,0.5849142670631409,-0.5486626625061035,-0.3026096522808075,-0.7793565988540649
300,1648820433.9201899,172.23878479003906,89.15711212158203,1360.9365234375,0.950229287147522,0.3053947985172272,0.06163011118769646,0.29729822278022766,-0.94798743724823,0.11372598260641098,0.09315589815378189,-0.0897432416677475,-0.9915987849235535
4,1648820433.9201982,202.52471923828125,-17.732629776000977,1422.894287109375,0.20562300086021423,-0.9523151516914368,0.22542202472686768,-0.8115453124046326,-0.03720186650753021,0.5831039547920227,-0.5469126105308533,-0.3028397858142853,-0.7804964184761047
300,1648820433.9501314,172.2376708984375,89.16014099121094,1360.9722900390625,0.9503081440925598,0.30528002977371216,0.060979414731264114,0.2972865700721741,-0.9480475783348083,0.11325395852327347,0.09238556027412415,-0.08949779719114304,-0.9916930198669434
4,1648820433.9501388,202.64617919921875,-17.825605392456055,1422.9632568359375,0.20624546706676483,-0.9517178535461426,0.22736741602420807,-0.8119873404502869,-0.036800894886255264,0.5825137495994568,-0.5460214018821716,-0.30476027727127075,-0.7803728580474854
300,1648820433.9806125,172.23898315429688,89.13873291015625,1360.9921875,0.9503496289253235,0.3052397668361664,0.0605328194797039,0.2972928285598755,-0.9480535984039307,0.11318710446357727,0.09193756431341171,-0.08957134932279587,-0.9917280077934265
4,1648820433.9806209,202.7051544189453,-17.918560028076172,1423.0870361328125,0.20658773183822632,-0.9510576128959656,0.22980637848377228,-0.8123853802680969,-0.03583080321550369,0.582019031047821,-0.5452994704246521,-0.306929349899292,-0.780027449131012
300,1648820434.0129972,172.2442169189453,89.15198516845703,1360.973388671875,0.950312614440918,0.30528298020362854,0.060895759612321854,0.2971513569355011,-0.947902262210846,0.11481460928916931,0.0927741751074791,-0.09101451188325882,-0.9915186762809753
4,1648820434.0130053,202.8116912841797,-17.946935653686523,1423.119140625,0.20713038742542267,-0.950843095779419,0.2302052527666092,-0.8124581575393677,-0.03610290586948395,0.5819005966186523,-0.5449850559234619,-0.3075614273548126,-0.779998242855072
300,1648820434.0425968,172.24827575683594,89.1453857421875,1360.9339599609375,0.9502168297767639,0.3054307699203491,0.06164420396089554,0.29726624488830566,-0.9479122757911682,0.11443374305963516,0.09338488429784775,-0.09041212499141693,-0.9915164709091187
4,1648820434.0426044,202.91714477539062,-17.945371627807617,1423.1766357421875,0.2080952674150467,-0.9503821730613708,0.2312360256910324,-0.812526285648346,-0.03635604307055473,0.5817897319793701,-0.5445157289505005,-0.30895301699638367,-0.7797760367393494
300,1648820434.0730114,172.24160766601562,89.13887786865234,1360.9820556640625,0.9502263069152832,0.3054371476173401,0.061466097831726074,0.2972777783870697,-0.9478945136070251,0.1145511120557785,0.0932515412569046,-0.09057697653770447,-0.9915139675140381
4,1648820434.07302,203.0199432373047,-17.930194854736328,1423.185302734375,0.2085767686367035,-0.950454831123352,0.23050232231616974,-0.8123958110809326,-0.03715338930487633,0.5819215774536133,-0.544526219367981,-0.3086344301700592,-0.7798948287963867
300,1648820434.1044338,172.2379913330078,89.12798309326172,1361.017822265625,0.9502724409103394,0.30544090270996094,0.06072961539030075,0.29738783836364746,-0.9479105472564697,0.11413198709487915,0.09242682158946991,-0.09039623290300369,-0.991607666015625
4,1648820434.1044414,203.01083374023438,-17.918771743774414,1423.2518310546875,0.2088085114955902,-0.9501521587371826,0.2315380722284317,-0.8124502897262573,-0.03675336018204689,0.5818708539009094,-0.5443560481071472,-0.3096127510070801,-0.7796258330345154
300,1648820434.134839,172.24176025390625,89.1312484741211,1361.013427734375,0.9503755569458008,0.3052644729614258,0.05999910831451416,0.2972636818885803,-0.9479303956031799,0.11429045349359512,0.09176379442214966,-0.09078329801559448,-0.9916338920593262
4,1648820434.1348498,202.9337158203125,-17.908618927001953,1423.1812744140625,0.20790749788284302,-0.9503570199012756,0.23150816559791565,-0.812303364276886,-0.0358983613550663,0.5821293592453003,-0.5449199676513672,-0.3090839087963104,-0.7794417142868042
300,1648820434.16425,172.2448272705078,89.13113403320312,1360.9755859375,0.9503417611122131,0.3052995502948761,0.06035511940717697,0.29731348156929016,-0.9479760527610779,0.11378075927495956,0.09195242077112198,-0.0901862159371376,-0.9916709065437317
4,1648820434.164258,202.83824157714844,-17.919069290161133,1423.142578125,0.2070627361536026,-0.950400173664093,0.23208731412887573,-0.8120938539505005,-0.03468501195311546,0.5824950933456421,-0.5455535054206848,-0.309089720249176,-0.7789961099624634
300,1648820434.1946108,172.2427520751953,89.1357421875,1360.97607421875,0.9502832293510437,0.30536940693855286,0.06092076376080513,0.2972632348537445,-0.9479032754898071,0.11451597511768341,0.09271666407585144,-0.09071310609579086,-0.9915516972541809
4,1648820434.1946192,202.68679809570312,-17.922170639038086,1423.07958984375,0.20515574514865875,-0.9511318206787109,0.2307799905538559,-0.8124650716781616,-0.03402706980705261,0.5820159912109375,-0.545721173286438,-0.3069046139717102,-0.7797422409057617
300,1648820434.2249525,172.2393798828125,89.13168334960938,1360.9840087890625,0.9503304958343506,0.30531102418899536,0.06047412380576134,0.29729560017585754,-0.9479576945304871,0.11398030817508698,0.09212635457515717,-0.0903402715921402,-0.9916407465934753
4,1648820434.2249608,202.62322998046875,-17.935361862182617,1423.0811767578125,0.20496805012226105,-0.950994074344635,0.23151333630084991,-0.811953604221344,-0.03312629833817482,0.5827812552452087,-0.5465523600578308,-0.30742961168289185,-0.7789528369903564
300,1648820434.256071,172.23333740234375,89.1843032836914,1360.964111328125,0.9503380656242371,0.3051873445510864,0.06097738817334175,0.2971703112125397,-0.9480533003807068,0.11351114511489868,0.09245197474956512,-0.08975329250097275,-0.9916637539863586
4,1648820434.2560792,203.0715789794922,-17.845497131347656,1423.222900390625,0.20813873410224915,-0.9499340057373047,0.23303145170211792,-0.8116092085838318,-0.03477245569229126,0.5831649303436279,-0.5458651185035706,-0.31050968170166016,-0.7782126665115356
300,1648820434.2864814,172.24246215820312,89.11351776123047,1360.971435546875,0.9502907991409302,0.30535128712654114,0.060893137007951736,0.29736706614494324,-0.9480245113372803,0.11323609203100204,0.09230496734380722,-0.08949960768222809,-0.9917003512382507
4,1648820434.28649,203.12095642089844,-17.821796417236328,1423.179443359375,0.20953214168548584,-0.9502546191215515,0.2304612398147583,-0.8115841150283813,-0.0375559963285923,0.5830273032188416,-0.5453692078590393,-0.3092016279697418,-0.7790807485580444
410,1648820434.2864945,217.29617309570312,-188.0188446044922,1275.09033203125,0.028612200170755386,0.9917286038398743,-0.12512260675430298,-0.7982179522514343,-0.05267813429236412,-0.6000608801841736,-0.601688802242279,0.11704418063163757,0.7901083827018738
300,1648820434.3168108,172.23561096191406,89.14482879638672,1360.992431640625,0.9503546357154846,0.3052457571029663,0.060423851013183594,0.2971743047237396,-0.9479169249534607,0.11463391035795212,0.09226831048727036,-0.0909864604473114,-0.9915684461593628
4,1648820434.316819,203.2252655029297,-17.791458129882812,1423.209228515625,0.21089114248752594,-0.9499624371528625,0.23042626678943634,-0.8113433122634888,-0.03863239660859108,0.5832920074462891,-0.5452035665512085,-0.30996593832969666,-0.7788929343223572
410,1648820434.316824,217.73812866210938,-187.25302124023438,1274.192626953125,0.03094063512980938,0.9918528199195862,-0.12357465922832489,-0.8007596135139465,-0.04939378425478935,-0.5969458222389221,-0.598186194896698,0.11742347478866577,0.7927073836326599
300,1648820434.3468308,172.24098205566406,89.13770294189453,1360.9688720703125,0.9502781629562378,0.3054359555244446,0.06066563352942467,0.2972939908504486,-0.9478172063827515,0.1151471734046936,0.0926700159907341,-0.09138631820678711,-0.9914942383766174
4,1648820434.3468425,203.135009765625,-17.81634521484375,1423.19970703125,0.21010689437389374,-0.9497969150543213,0.23182082176208496,-0.8115584254264832,-0.0372108556330204,0.5830851197242737,-0.5451861619949341,-0.3106463551521301,-0.7786339521408081
410,1648820434.346848,217.9852752685547,-186.42881774902344,1274.0797119140625,0.033878788352012634,0.9915067553520203,-0.12556490302085876,-0.8001946210861206,-0.048362232744693756,-0.5977872610092163,-0.5987827181816101,0.12072867900133133,0.7917599678039551
300,1648820434.376219,172.239990234375,89.12039184570312,1360.972900390625,0.9502647519111633,0.30541983246803284,0.06095638871192932,0.29729658365249634,-0.9478751420974731,0.11466244608163834,0.09279923141002655,-0.09083755314350128,-0.991532564163208
4,1648820434.3762271,203.08200073242188,-17.8128604888916,1423.1571044921875,0.209088996052742,-0.9498047232627869,0.2327074110507965,-0.8119336366653442,-0.035988323390483856,0.5826393961906433,-0.5450189113616943,-0.31076645851135254,-0.7787031531333923
410,1648820434.376232,218.09225463867188,-186.1409912109375,1274.25341796875,0.03432995080947876,0.9915639758110046,-0.12498939782381058,-0.797846794128418,-0.04812660440802574,-0.6009361743927002,-0.6018819808959961,0.12035249918699265,0.7894639372825623
300,1648820434.4097488,172.2379608154297,89.15502166748047,1360.9718017578125,0.9502543210983276,0.3053991198539734,0.061221811920404434,0.2972821593284607,-0.9479189515113831,0.11433728039264679,0.09295181930065155,-0.09044934064149857,-0.991553783416748
4,1648820434.409757,202.88482666015625,-17.73546028137207,1423.0595703125,0.2071414589881897,-0.9503474235534668,0.23223306238651276,-0.8116848468780518,-0.034432847052812576,0.5830798745155334,-0.54613196849823,-0.30928006768226624,-0.7785150408744812
410,1648820434.4097621,218.34471130371094,-186.0892791748047,1274.43310546875,0.03689391165971756,0.9912709593772888,-0.12657290697097778,-0.7986288666725159,-0.04688779637217522,-0.5999945402145386,-0.6006919145584106,0.12322091311216354,0.7899277210235596
300,1648820434.4384773,172.24501037597656,89.12696838378906,1360.9833984375,0.9503405094146729,0.3052673041820526,0.06053752824664116,0.2973591983318329,-0.9480834007263184,0.11276261508464813,0.09181736409664154,-0.08916149288415909,-0.9917761087417603
4,1648820434.4384859,202.95814514160156,-17.69284439086914,1423.0341796875,0.2075970619916916,-0.9496932029724121,0.23449145257472992,-0.8114821314811707,-0.033329613506793976,0.5834259986877441,-0.5462601780891418,-0.31140315532684326,-0.7775782346725464
410,1648820434.4384904,218.6078643798828,-186.2476043701172,1274.66552734375,0.038463469594717026,0.9911518096923828,-0.12703809142112732,-0.7974338531494141,-0.046167321503162384,-0.601637601852417,-0.602179229259491,0.12444555014371872,0.7886022329330444
300,1648820434.4681723,172.23410034179688,89.1422119140625,1360.958984375,0.9502919316291809,0.3053637742996216,0.06081295385956764,0.29734575748443604,-0.9479784369468689,0.11367643624544144,0.09236203879117966,-0.08994331955909729,-0.9916549324989319
4,1648820434.4681802,203.18014526367188,-17.618986129760742,1423.055419921875,0.20915628969669342,-0.9487497806549072,0.23691248893737793,-0.8108408451080322,-0.032836753875017166,0.5843448638916016,-0.5466175675392151,-0.3143177032470703,-0.7761530876159668
410,1648820434.4681852,218.66561889648438,-186.677978515625,1275.0821533203125,0.04372137784957886,0.9906725287437439,-0.12905947864055634,-0.7957762479782104,-0.04356864467263222,-0.604021430015564,-0.6040104031562805,0.1291111260652542,0.7864488363265991
300,1648820434.4986293,172.24180603027344,89.1341323852539,1360.976806640625,0.9502440094947815,0.30539941787719727,0.06138039380311966,0.2972601652145386,-0.9479156732559204,0.11442133784294128,0.09312764555215836,-0.09048224240541458,-0.9915342926979065
4,1648820434.4986372,203.21591186523438,-17.57671356201172,1423.0516357421875,0.20921102166175842,-0.9486570358276367,0.2372351884841919,-0.8102355003356934,-0.032337699085474014,0.5852116942405701,-0.547493577003479,-0.3146491050720215,-0.7754009962081909
410,1648820434.4986422,218.5931854248047,-187.47076416015625,1275.2662353515625,0.04801345244050026,0.9902040362358093,-0.13111315667629242,-0.7955032587051392,-0.04147302731871605,-0.6045283675193787,-0.6040440797805786,0.1333264261484146,0.7857192754745483
300,1648820434.529153,172.23939514160156,89.14147186279297,1360.9619140625,0.95025235414505,0.3053785562515259,0.06135436147451401,0.29733410477638245,-0.9480109810829163,0.11343551427125931,0.09280537813901901,-0.08954962342977524,-0.9916491508483887
4,1648820434.5291605,203.31942749023438,-17.521434783935547,1423.0577392578125,0.20977529883384705,-0.9484377503395081,0.2376134693622589,-0.8101337552070618,-0.03253883495926857,0.5853413343429565,-0.5474281311035156,-0.31528884172439575,-0.7751873135566711
410,1648820434.5291653,218.2809295654297,-188.2563018798828,1275.4552001953125,0.05270371213555336,0.9893877506256104,-0.13540373742580414,-0.7943968176841736,-0.04062340408563614,-0.6060391068458557,-0.6051082611083984,0.1395048052072525,0.7838255167007446
300,1648820434.560431,172.23727416992188,89.14168548583984,1360.9776611328125,0.9502884149551392,0.30531933903694153,0.061090677976608276,0.29727205634117126,-0.9479960799217224,0.11372224241495132,0.09263532608747482,-0.08990837633609772,-0.9916325807571411
4,1648820434.5604393,203.3711700439453,-17.50394058227539,1423.0823974609375,0.20983006060123444,-0.9485986828804016,0.23692180216312408,-0.8099874258041382,-0.03292938694357872,0.5855219960212708,-0.5476236939430237,-0.31476378440856934,-0.7752625346183777
300,1648820434.5908673,172.235107421875,89.13725280761719,1360.9918212890625,0.9502744674682617,0.30534687638282776,0.061169564723968506,0.297247052192688,-0.9479456543922424,0.11420684307813644,0.09285812824964523,-0.09034537523984909,-0.9915720224380493
4,1648820434.5908756,203.42686462402344,-17.51616096496582,1423.08837890625,0.21031998097896576,-0.9484021663665771,0.23727385699748993,-0.8100854158401489,-0.03319672495126724,0.5853713154792786,-0.5472906827926636,-0.31532737612724304,-0.7752686738967896
300,1648820434.6204622,172.23512268066406,89.14451599121094,1361.0123291015625,0.9502583742141724,0.30541327595710754,0.06108847260475159,0.29726332426071167,-0.9478666186332703,0.11481871455907822,0.09297088533639908,-0.09094807505607605,-0.9915063381195068
4,1648820434.6204696,203.45587158203125,-17.530561447143555,1423.1375732421875,0.21068820357322693,-0.9482396841049194,0.23759621381759644,-0.8101959824562073,-0.033383551985025406,0.5852077007293701,-0.5469853281974792,-0.3157958388328552,-0.7752935290336609
300,1648820434.6500547,172.23715209960938,89.1407470703125,1360.9937744140625,0.9502630233764648,0.30536389350891113,0.06126217916607857,0.29724743962287903,-0.9479351043701172,0.11429361253976822,0.09297370910644531,-0.09039896726608276,-0.9915562868118286
4,1648820434.6500623,203.53515625,-17.55512046813965,1423.1907958984375,0.21100996434688568,-0.9481433033943176,0.2376953363418579,-0.810149610042572,-0.03357706218957901,0.585260808467865,-0.5469300150871277,-0.31606465578079224,-0.7752230167388916
300,1648820434.6808689,172.23472595214844,89.14754486083984,1360.996337890625,0.950290322303772,0.30534371733665466,0.06093831732869148,0.29719647765159607,-0.9478731155395508,0.11493818461894989,0.09285744279623032,-0.09111399203538895,-0.9915017485618591
4,1648820434.6808767,203.5122528076172,-17.54442024230957,1423.17724609375,0.2107991725206375,-0.947956383228302,0.23862598836421967,-0.810457170009613,-0.03299626708030701,0.5848678946495056,-0.5465555191040039,-0.3166857957839966,-0.7752336263656616
410,1648820434.6808813,217.00131225585938,-187.11184692382812,1272.3349609375,0.06226558983325958,0.9897292256355286,-0.12868213653564453,-0.8014395833015442,-0.027259543538093567,-0.5974541902542114,-0.5948256254196167,0.14033178985118866,0.7915108799934387
300,1648820434.7124763,172.2320098876953,89.14685821533203,1361.0234375,0.9503452181816101,0.3052949607372284,0.06032413989305496,0.2971715033054352,-0.9478382468223572,0.11528970301151276,0.09237489104270935,-0.09163840115070343,-0.9914985299110413
4,1648820434.712484,203.39535522460938,-17.515100479125977,1423.0810546875,0.21003472805023193,-0.9479325413703918,0.23939356207847595,-0.8105137944221497,-0.0318867452442646,0.5848509669303894,-0.5467658042907715,-0.316870778799057,-0.7750096917152405
410,1648820434.712489,216.86322021484375,-185.80120849609375,1272.15771484375,0.06502281129360199,0.9896888732910156,-0.12762431800365448,-0.8033499121665955,-0.023950600996613503,-0.5950254201889038,-0.5919467210769653,0.1412172168493271,0.7935091853141785
300,1648820434.7422948,172.23272705078125,89.15418243408203,1360.9749755859375,0.9503374695777893,0.30521470308303833,0.060849878937006,0.2971270978450775,-0.9479610919952393,0.11439058929681778,0.09259700775146484,-0.09062951058149338,-0.9915705323219299
4,1648820434.7423027,203.27719116210938,-17.47042465209961,1422.9901123046875,0.20909319818019867,-0.9483787417411804,0.23844869434833527,-0.8098704814910889,-0.03127574920654297,0.5857744216918945,-0.5480783581733704,-0.31559398770332336,-0.7746034860610962
410,1648820434.7423074,216.677734375,-184.36001586914062,1272.3480224609375,0.06586091965436935,0.9900277853012085,-0.12452854216098785,-0.8043439388275146,-0.02117973007261753,-0.593786358833313,-0.5905024409294128,0.1392710953950882,0.7949278950691223
300,1648820434.7729843,172.2320556640625,89.14463806152344,1360.954345703125,0.9502492547035217,0.3053549826145172,0.061519745737314224,0.29724201560020447,-0.9479712247848511,0.11400755494832993,0.09313172847032547,-0.09004934132099152,-0.9915732741355896
4,1648820434.7729926,203.19888305664062,-17.415119171142578,1422.900390625,0.2083536833524704,-0.9487707614898682,0.23753488063812256,-0.8100001215934753,-0.03126905485987663,0.585595428943634,-0.5481683611869812,-0.31441426277160645,-0.7750194668769836
410,1648820434.7729979,217.1161346435547,-183.10565185546875,1272.7635498046875,0.06596215814352036,0.9900945425033569,-0.12394265085458755,-0.8042789697647095,-0.020761873573064804,-0.5938891172409058,-0.5905796885490417,0.13885867595672607,0.7949427366256714
300,1648820434.8046708,172.23097229003906,89.14881896972656,1360.996826171875,0.9502960443496704,0.30535146594047546,0.0608101487159729,0.29727259278297424,-0.9479225277900696,0.11433221399784088,0.09255482256412506,-0.09057226032018661,-0.9915797114372253
4,1648820434.804679,203.21517944335938,-17.339242935180664,1422.88623046875,0.20855917036533356,-0.9486021995544434,0.2380271553993225,-0.809420645236969,-0.030811764299869537,0.5864204168319702,-0.5489456653594971,-0.31496742367744446,-0.7742442488670349
410,1648820434.804684,217.77914428710938,-181.8353729248047,1273.4903564453125,0.06705199182033539,0.9901929497718811,-0.12256396561861038,-0.8036723136901855,-0.019196873530745506,-0.59476238489151,-0.5912823677062988,0.13838127255439758,0.7945034503936768
300,1648820434.834392,172.23068237304688,89.15565490722656,1360.9869384765625,0.9503375291824341,0.30530330538749695,0.06040249019861221,0.2972220182418823,-0.9478868246078491,0.11475884169340134,0.0922909751534462,-0.09110668301582336,-0.9915553331375122
4,1648820434.8344038,203.2246856689453,-17.259428024291992,1422.81103515625,0.20883437991142273,-0.948879063129425,0.23667842149734497,-0.8086475729942322,-0.03144349157810211,0.5874525308609009,-0.5499793887138367,-0.3140696883201599,-0.7738752365112305
410,1648820434.8344088,218.19480895996094,-180.40211486816406,1274.27197265625,0.0705944076180458,0.9901480078697205,-0.12092706561088562,-0.8040128946304321,-0.015272591263055801,-0.5944156646728516,-0.5904063582420349,0.13918934762477875,0.7950136065483093
300,1648820434.864961,172.22959899902344,89.14904022216797,1360.9801025390625,0.9503337144851685,0.30532994866371155,0.06032762676477432,0.29726555943489075,-0.9478862881660461,0.11465050280094147,0.0921899601817131,-0.09102290868759155,-0.991572380065918
4,1648820434.864969,203.1727294921875,-17.20490074157715,1422.7457275390625,0.20871800184249878,-0.9491263628005981,0.23578791320323944,-0.8079027533531189,-0.03146950528025627,0.5884750485420227,-0.5511170625686646,-0.31331902742385864,-0.7733700275421143
410,1648820434.8649738,218.97032165527344,-179.03094482421875,1275.2413330078125,0.07600787281990051,0.9897680282592773,-0.12075605243444443,-0.8038340210914612,-0.010833402164280415,-0.5947549939155579,-0.5899776816368103,0.1422738879919052,0.7947857975959778
300,1648820434.894267,172.22714233398438,89.16520690917969,1360.9444580078125,0.9502426385879517,0.3054650127887726,0.06107417866587639,0.2972535490989685,-0.9477885365486145,0.11548661440610886,0.09316252917051315,-0.09158578515052795,-0.9914296865463257
4,1648820434.8942754,203.14158630371094,-17.117000579833984,1422.6610107421875,0.20885977149009705,-0.9490518569946289,0.23596219718456268,-0.8081455230712891,-0.0316229946911335,0.5881333351135254,-0.5507071614265442,-0.3135291635990143,-0.7735767960548401
