300,1648820766.9728456,172.1920623779297,88.94241333007812,1361.1973876953125,0.9501503705978394,0.30575308203697205,0.061068419367074966,0.29767027497291565,-0.947824239730835,0.11411219835281372,0.09277228266000748,-0.09024549275636673,-0.9915891289710999
4,1648820766.9728537,166.86314392089844,-60.617794036865234,1609.158447265625,-0.013972047716379166,-0.9975097179412842,0.06913120299577713,-0.8097051978111267,-0.02927788533270359,-0.5861060619354248,0.5866705179214478,-0.06416499614715576,-0.8072797656059265
410,1648820766.9728587,146.8231658935547,-160.07846069335938,1656.080078125,0.02078516036272049,0.9343963861465454,0.3556281328201294,-0.8163169622421265,-0.18950696289539337,0.545631468296051,0.5772300362586975,-0.30164632201194763,0.7588247060775757
300,1648820767.0047183,172.18585205078125,88.94491577148438,1361.2579345703125,0.9503032565116882,0.3055580258369446,0.05964924767613411,0.297627329826355,-0.9478670358657837,0.11386845260858536,0.09133297204971313,-0.09045631438493729,-0.9917035698890686
4,1648820767.0047264,166.8244171142578,-60.593597412109375,1609.17724609375,-0.013836382888257504,-0.9975875020027161,0.06802786141633987,-0.8101168870925903,-0.02869492396712303,-0.5855657458305359,0.5861051082611084,-0.06321263313293457,-0.8077654242515564
410,1648820767.0047314,146.77337646484375,-160.0624237060547,1656.155517578125,0.020334649831056595,0.9347509145736694,0.3547213673591614,-0.816372811794281,-0.18929432332515717,0.5456217527389526,0.5771672129631042,-0.30067989230155945,0.7592559456825256
300,1648820767.0343764,172.1864776611328,88.94119262695312,1361.2581787109375,0.9502988457679749,0.3056255578994751,0.059372883290052414,0.29761502146720886,-0.9477333426475525,0.11500775814056396,0.09141897410154343,-0.09162148088216782,-0.9915886521339417
4,1648820767.0343854,166.797119140625,-60.56790542602539,1609.247314453125,-0.014588345773518085,-0.9974872469902039,0.06932778656482697,-0.8101176023483276,-0.02884960174560547,-0.5855571627616882,0.5860859155654907,-0.0647059753537178,-0.8076611161231995
410,1648820767.0343904,146.7640380859375,-160.02963256835938,1656.2562255859375,0.020593656226992607,0.9347276091575623,0.35476788878440857,-0.8164330720901489,-0.18909116089344025,0.545602023601532,0.5770727396011353,-0.30088016390800476,0.7592484354972839
300,1648820767.0649865,172.18746948242188,88.92802429199219,1361.213623046875,0.9502582550048828,0.3056448698043823,0.05992049723863602,0.29767340421676636,-0.947831928730011,0.11404038220643997,0.09165041893720627,-0.09053107351064682,-0.9916674494743347
4,1648820767.0649946,166.75660705566406,-60.59369659423828,1609.2384033203125,-0.015387997031211853,-0.9974126815795898,0.07022199779748917,-0.8098520636558533,-0.028757499530911446,-0.5859288573265076,0.5864322781562805,-0.06588570028543472,-0.8073142170906067
410,1648820767.0649993,146.73483276367188,-160.06503295898438,1656.2646484375,0.02073819935321808,0.934737503528595,0.3547333776950836,-0.815762996673584,-0.1893090456724167,0.5465279817581177,0.5780144333839417,-0.30071237683296204,0.7585983276367188
300,1648820767.0943077,172.18858337402344,88.93106079101562,1361.18310546875,0.9501941800117493,0.3057263195514679,0.060518257319927216,0.2976292669773102,-0.9477537274360657,0.11480292677879333,0.0924546867609024,-0.09107306599617004,-0.991543173789978
4,1648820767.0943165,166.72164916992188,-60.61271286010742,1609.2139892578125,-0.01572374626994133,-0.9974404573440552,0.06975202262401581,-0.8091330528259277,-0.028290346264839172,-0.586944043636322,0.5874150395393372,-0.06566762924194336,-0.8066172003746033
410,1648820767.094322,146.60552978515625,-160.02639770507812,1656.280029296875,0.020482348278164864,0.9342054128646851,0.35614699125289917,-0.8164514899253845,-0.18997198343276978,0.5452684164047241,0.5770506262779236,-0.30194512009620667,0.7588423490524292
300,1648820767.1246269,172.1923065185547,88.93511962890625,1361.175048828125,0.9502193331718445,0.30560067296028137,0.060756951570510864,0.2975749969482422,-0.9478908777236938,0.1138068288564682,0.0923703983426094,-0.09006170183420181,-0.9916433691978455
4,1648820767.124635,166.61883544921875,-60.59925079345703,1609.2320556640625,-0.015245581977069378,-0.997689425945282,0.06620685011148453,-0.8092852234840393,-0.02657451294362545,-0.5868144035339355,0.5872179865837097,-0.06252655386924744,-0.8070102334022522
410,1648820767.1246402,146.48683166503906,-160.00755310058594,1656.2882080078125,0.020756296813488007,0.9338489174842834,0.3570649325847626,-0.816582441329956,-0.19022880494594574,0.5449826717376709,0.576855480670929,-0.3028847873210907,0.7586162090301514
300,1648820767.1569371,172.1847381591797,88.93932342529297,1361.1522216796875,0.9502427577972412,0.3055800199508667,0.060494277626276016,0.29760289192199707,-0.9479140043258667,0.11354107409715652,0.09203925728797913,-0.0898883119225502,-0.991689920425415
4,1648820767.156945,166.6276397705078,-60.60028839111328,1609.068115234375,-0.015275144949555397,-0.9976447820663452,0.06686987727880478,-0.8094662427902222,-0.026921147480607033,-0.586548924446106,0.5869677066802979,-0.06308852881193161,-0.8071485757827759
410,1648820767.1569495,146.48199462890625,-160.0203399658203,1656.221435546875,0.021085353568196297,0.9332833886146545,0.35852134227752686,-0.8164093494415283,-0.19091764092445374,0.5450011491775513,0.5770885348320007,-0.3041917085647583,0.7579156756401062
300,1648820767.1861794,172.17776489257812,88.93611145019531,1361.144775390625,0.9502289891242981,0.30568793416023254,0.0601649172604084,0.2976513206958771,-0.9477832317352295,0.11450156569480896,0.0920250415802002,-0.09089453518390656,-0.9915995001792908
4,1648820767.1861875,166.66334533691406,-60.604957580566406,1609.0673828125,-0.01590954139828682,-0.9973989725112915,0.0703008770942688,-0.8101683259010315,-0.02834629826247692,-0.5855115652084351,0.5859813690185547,-0.06627076119184494,-0.8076100945472717
410,1648820767.1861928,146.48252868652344,-160.0232391357422,1656.163818359375,0.02049901708960533,0.934046745300293,0.35656195878982544,-0.8166685700416565,-0.19008760154247284,0.5449028611183167,0.5767427682876587,-0.30236291885375977,0.758910059928894
300,1648820767.2160594,172.17703247070312,88.93838500976562,1361.1048583984375,0.9502086043357849,0.3056749701499939,0.06055092439055443,0.29763394594192505,-0.9478285908699036,0.11417098343372345,0.09229110926389694,-0.09046424180269241,-0.9916141033172607
4,1648820767.216068,166.63702392578125,-60.62628936767578,1609.034423828125,-0.01535041630268097,-0.9976063370704651,0.06742366403341293,-0.8100259304046631,-0.027125205844640732,-0.5857663154602051,0.5861930847167969,-0.06360667943954468,-0.8076706528663635
410,1648820767.2160735,146.4456787109375,-160.01541137695312,1656.166748046875,0.020881948992609978,0.9333885312080383,0.35825932025909424,-0.8172580003738403,-0.19047312438488007,0.5438836216926575,0.5758935213088989,-0.3041476309299469,0.7588418126106262
300,1648820767.2469032,172.1748046875,88.94062042236328,1361.1766357421875,0.9502183198928833,0.30568739771842957,0.060335319489240646,0.29763078689575195,-0.9477839469909668,0.1145491674542427,0.09220107644796371,-0.09088906645774841,-0.9915836453437805
4,1648820767.246911,166.63992309570312,-60.61088943481445,1609.1800537109375,-0.015550355426967144,-0.9975786805152893,0.06778594851493835,-0.8102220892906189,-0.027154751121997833,-0.5854936838150024,0.5859166979789734,-0.06402630358934402,-0.8078380227088928
410,1648820767.2469156,146.4839630126953,-160.01138305664062,1656.2724609375,0.021682079881429672,0.9330866932868958,0.3589973449707031,-0.8176096081733704,-0.1901024580001831,0.5434846878051758,0.5753645896911621,-0.30530354380607605,0.7587788105010986
300,1648820767.2763212,172.18392944335938,88.93012237548828,1361.199951171875,0.9502407312393188,0.30565008521080017,0.06017084792256355,0.2976067364215851,-0.9477890133857727,0.1145697683095932,0.09204752743244171,-0.09096161276102066,-0.9915912747383118
4,1648820767.27633,166.60000610351562,-60.59961700439453,1609.1900634765625,-0.015174075029790401,-0.9977384805679321,0.06548023968935013,-0.8095328211784363,-0.026178844273090363,-0.5864906907081604,0.5868785381317139,-0.06190785393118858,-0.8073047995567322
410,1648820767.2763348,146.56277465820312,-160.0165557861328,1656.27783203125,0.022727135568857193,0.9330955743789673,0.35890960693359375,-0.8172324299812317,-0.1894487887620926,0.5442795753479004,0.5758599042892456,-0.305682510137558,0.75825035572052
300,1648820767.308925,172.1842498779297,88.93142700195312,1361.149658203125,0.9501664042472839,0.30571305751800537,0.06101900711655617,0.29770350456237793,-0.9479020237922668,0.11337732523679733,0.0925009697675705,-0.08956175297498703,-0.9916765093803406
4,1648820767.3089337,166.62509155273438,-60.592411041259766,1609.152099609375,-0.014727442525327206,-0.9977492094039917,0.06541839987039566,-0.8099367618560791,-0.026461206376552582,-0.585919976234436,0.5863322615623474,-0.06161386892199516,-0.807724118232727
410,1648820767.308939,146.68026733398438,-160.05538940429688,1656.27783203125,0.023988166823983192,0.9328739047050476,0.35940349102020264,-0.8165798187255859,-0.18911561369895935,0.5453738570213318,0.5767338871955872,-0.30656418204307556,0.7572294473648071
300,1648820767.3381758,172.1834259033203,88.9255599975586,1361.169189453125,0.9501641988754272,0.30577394366264343,0.060748159885406494,0.2977338433265686,-0.9478219151496887,0.11396581679582596,0.09242621064186096,-0.09019945561885834,-0.9916256666183472
4,1648820767.3381836,166.65196228027344,-60.61159896850586,1609.162109375,-0.014558572322130203,-0.9977729916572571,0.06509282439947128,-0.8087166547775269,-0.026533853262662888,-0.5875996351242065,0.5880182385444641,-0.061196260154247284,-0.8065293431282043
410,1648820767.3381886,146.71009826660156,-160.04888916015625,1656.256103515625,0.024250319227576256,0.9330947399139404,0.3588120937347412,-0.8164997696876526,-0.18861109018325806,0.545668363571167,0.5768362283706665,-0.30620262026786804,0.7572977542877197
300,1648820767.368928,172.17678833007812,88.93444061279297,1361.18212890625,0.9502177834510803,0.305692195892334,0.060319602489471436,0.29771220684051514,-0.9478558897972107,0.11373929679393768,0.09194350987672806,-0.09011922031641006,-0.9916778206825256
4,1648820767.3689368,166.6044464111328,-60.563114166259766,1609.2569580078125,-0.014698394574224949,-0.9977717399597168,0.06508103758096695,-0.8091592788696289,-0.02636781521141529,-0.5869974493980408,0.5874055027961731,-0.061288848519325256,-0.8069686889648438
410,1648820767.3689418,146.70986938476562,-159.99571228027344,1656.3719482421875,0.02545793540775776,0.9325889945030212,0.36004120111465454,-0.8170577883720398,-0.18810486793518066,0.5450074076652527,0.5759934186935425,-0.3080492317676544,0.7571903467178345
300,1648820767.3981688,172.180419921875,88.92154693603516,1361.14892578125,0.9501276016235352,0.3058443069458008,0.060965560376644135,0.2977437973022461,-0.9477665424346924,0.11439919471740723,0.09276945888996124,-0.09054171293973923,-0.9915624260902405
4,1648820767.3981774,166.52406311035156,-60.527889251708984,1609.326416015625,-0.015180639922618866,-0.9978168606758118,0.0642731636762619,-0.8088569641113281,-0.025534095242619514,-0.5874508023262024,0.5878094434738159,-0.06090567260980606,-0.806703507900238
410,1648820767.3981826,146.80856323242188,-159.96018981933594,1656.387939453125,0.02639242261648178,0.9329096674919128,0.35914209485054016,-0.8166255354881287,-0.18709200620651245,0.5460030436515808,0.5765640735626221,-0.3076949417591095,0.7569000124931335
300,1648820767.4284227,172.18092346191406,88.93946838378906,1361.1212158203125,0.9501069188117981,0.30584314465522766,0.06129326671361923,0.2977384924888611,-0.9478012323379517,0.1141255721449852,0.09299835562705994,-0.09018213301897049,-0.9915737509727478
4,1648820767.4284303,166.59043884277344,-60.531005859375,1609.3720703125,-0.01565135270357132,-0.9976370334625244,0.0668979063630104,-0.8080812692642212,-0.02678258903324604,-0.5884618759155273,0.5888630747795105,-0.06326916813850403,-0.8057526350021362
410,1648820767.428436,146.95765686035156,-159.95172119140625,1656.5390625,0.027013268321752548,0.9331580400466919,0.3584499955177307,-0.8161237239837646,-0.1864771693944931,0.5469628572463989,0.5772455334663391,-0.30731478333473206,0.756534993648529
300,1648820767.460866,172.18499755859375,88.92491912841797,1361.1043701171875,0.9500473141670227,0.30591797828674316,0.061840884387493134,0.2979021370410919,-0.9479261040687561,0.11265193670988083,0.09308283776044846,-0.08860214054584503,-0.9917082190513611
4,1648820767.4608743,166.57806396484375,-60.53816604614258,1609.4390869140625,-0.015128162689507008,-0.9977818131446838,0.06482703238725662,-0.807811975479126,-0.026011426001787186,-0.5888660550117493,0.5892460942268372,-0.06127651035785675,-0.8056265711784363
410,1648820767.4608793,147.05775451660156,-159.95521545410156,1656.638916015625,0.02720695175230503,0.9339898228645325,0.3562622666358948,-0.815841019153595,-0.18519559502601624,0.5478193163871765,0.5776358842849731,-0.30555787682533264,0.7569485902786255
300,1648820767.4903748,172.19113159179688,88.92853546142578,1361.1851806640625,0.9501141309738159,0.30584678053855896,0.06116323545575142,0.29769212007522583,-0.9477362036705017,0.1147843450307846,0.0930730327963829,-0.09085041284561157,-0.9915057420730591
4,1648820767.4903836,166.6029510498047,-60.52207565307617,1609.4234619140625,-0.01510972622781992,-0.9977046847343445,0.06600828468799591,-0.8082563281059265,-0.02667650394141674,-0.5882261991500854,0.5886369347572327,-0.062239550054073334,-0.8059980273246765
410,1648820767.4903886,147.1159210205078,-159.95448303222656,1656.6806640625,0.02807828225195408,0.933506965637207,0.35745811462402344,-0.8159464001655579,-0.18517151474952698,0.5476704835891724,0.5774453282356262,-0.3070443272590637,0.7564923763275146
300,1648820767.5201523,172.19239807128906,88.92400360107422,1361.127197265625,0.9500991106033325,0.30579060316085815,0.06167490780353546,0.29779624938964844,-0.9479674696922302,0.11258387565612793,0.09289290010929108,-0.08859928697347641,-0.9917263388633728
4,1648820767.5201602,166.6276092529297,-60.51032638549805,1609.5067138671875,-0.015099339187145233,-0.9977008700370789,0.0660676434636116,-0.8085232377052307,-0.026691634207963943,-0.5878586173057556,0.5882704854011536,-0.06229350343346596,-0.8062613010406494
410,1648820767.5201657,147.21409606933594,-159.97962951660156,1656.717041015625,0.028908835723996162,0.933667778968811,0.35697171092033386,-0.8157927989959717,-0.18432925641536713,0.5481832027435303,0.577621340751648,-0.3070622980594635,0.7563506960868835
300,1648820767.5509014,172.18948364257812,88.92523193359375,1361.1771240234375,0.9501420259475708,0.30580320954322815,0.06094712018966675,0.29775962233543396,-0.9478326439857483,0.11380909383296967,0.09257085621356964,-0.08998721092939377,-0.9916314482688904
4,1648820767.5509093,166.6753387451172,-60.5029296875,1609.5277099609375,-0.014258730225265026,-0.9977740049362183,0.06514383107423782,-0.8082977533340454,-0.02684955485165119,-0.5881614089012146,0.5886012315750122,-0.061042048037052155,-0.8061156868934631
410,1648820767.5509145,147.3789520263672,-160.02037048339844,1656.850341796875,0.029749544337391853,0.933591902256012,0.3571010231971741,-0.8159942626953125,-0.18365144729614258,0.5481109023094177,0.5772939920425415,-0.30769842863082886,0.7563420534133911
300,1648820767.5800564,172.1927032470703,88.92027282714844,1361.1767578125,0.9501031637191772,0.30582183599472046,0.061457082629203796,0.2978195250034332,-0.9479253888130188,0.11287575215101242,0.0927765965461731,-0.08894048631191254,-0.9917066693305969
4,1648820767.5800645,166.72052001953125,-60.461036682128906,1609.61669921875,-0.013595670461654663,-0.9977951645851135,0.06496104598045349,-0.8087158799171448,-0.027234086766839027,-0.5875686407089233,0.5880423188209534,-0.06052342429757118,-0.8065625429153442
410,1648820767.5800693,147.5677947998047,-160.1194305419922,1657.0255126953125,0.030473988503217697,0.9339545965194702,0.35609009861946106,-0.8156644701957703,-0.18267586827278137,0.5489271283149719,0.5777220726013184,-0.3071780502796173,0.7562267184257507
300,1648820767.6121044,172.19749450683594,88.92464447021484,1361.22265625,0.9502770304679871,0.30555039644241333,0.060103900730609894,0.29769086837768555,-0.9479926824569702,0.11265017092227936,0.09139835834503174,-0.08915648609399796,-0.9918152093887329
4,1648820767.6121125,166.76327514648438,-60.468109130859375,1609.606689453125,-0.013674757443368435,-0.9977527856826782,0.06559295207262039,-0.8084020614624023,-0.027574904263019562,-0.5879845023155212,0.5884718298912048,-0.061066024005413055,-0.8062083125114441
410,1648820767.6121178,147.69752502441406,-160.336669921875,1657.22509765625,0.03106984868645668,0.934017539024353,0.35587334632873535,-0.8148583769798279,-0.18251821398735046,0.5501753091812134,0.5788267850875854,-0.3070802688598633,0.7554212212562561
300,1648820767.6425266,172.19241333007812,88.92259216308594,1361.257568359375,0.9503706097602844,0.3055095970630646,0.05881830304861069,0.29759910702705383,-0.9478026032447815,0.11447694152593613,0.09072194248437881,-0.09129124879837036,-0.9916831254959106
4,1648820767.642535,166.82012939453125,-60.50800704956055,1609.5489501953125,-0.01275342795997858,-0.9978304505348206,0.06458946317434311,-0.8077725172042847,-0.027791211381554604,-0.5888388752937317,0.5893563628196716,-0.05968330428004265,-0.8056655526161194
410,1648820767.6425397,147.7479248046875,-160.55247497558594,1657.3177490234375,0.03145207464694977,0.9337025880813599,0.3566654622554779,-0.8149568438529968,-0.18263864517211914,0.5499895215034485,0.5786675214767456,-0.3079652786254883,0.7551829218864441
300,1648820767.6729267,172.1887664794922,88.92283630371094,1361.1837158203125,0.9501878023147583,0.3057190775871277,0.060654379427433014,0.2977342903614044,-0.9478819370269775,0.11346443742513657,0.09218142926692963,-0.0897536352276802,-0.9916889071464539
4,1648820767.6729352,166.8568878173828,-60.48820877075195,1609.59228515625,-0.012539722956717014,-0.9978015422821045,0.06507542729377747,-0.8077698945999146,-0.028250645846128464,-0.5888205766677856,0.5893645286560059,-0.059949617832899094,-0.8056398034095764
410,1648820767.6729403,147.8228302001953,-160.77041625976562,1657.453857421875,0.03175397217273712,0.9338688850402832,0.35620298981666565,-0.815120279788971,-0.18204715847969055,0.5499434471130371,0.5784208178520203,-0.3078111708164215,0.7554347515106201
300,1648820767.7040756,172.19015502929688,88.91505432128906,1361.219970703125,0.9502236247062683,0.3057463765144348,0.0599515438079834,0.29762691259384155,-0.9476571679115295,0.11560337990522385,0.09215882420539856,-0.09200587123632431,-0.9914845824241638
4,1648820767.704086,166.91250610351562,-60.503787994384766,1609.5390625,-0.011588160879909992,-0.9979168772697449,0.06346391886472702,-0.8078434467315674,-0.0280600693076849,-0.5887288451194763,0.5892832279205322,-0.058091193437576294,-0.8058354258537292
410,1648820767.704091,147.96884155273438,-161.10748291015625,1657.666015625,0.031968388706445694,0.9341787695884705,0.35537031292915344,-0.8151016235351562,-0.18140175938606262,0.5501842498779297,0.5784352421760559,-0.3072514533996582,0.7556515336036682
300,1648820767.7346873,172.19635009765625,88.92491912841797,1361.1649169921875,0.9501746892929077,0.30570268630981445,0.0609423890709877,0.29768574237823486,-0.9478892087936401,0.11353059113025665,0.09247323870658875,-0.08973220735788345,-0.9916636943817139
4,1648820767.7346952,166.94764709472656,-60.520626068115234,1609.48974609375,-0.011671360582113266,-0.9978219866752625,0.06492393463850021,-0.8080190420150757,-0.028836630284786224,-0.5884501934051514,0.5890407562255859,-0.05932779237627983,-0.8059225678443909
410,1648820767.7347002,148.0499267578125,-161.3964080810547,1657.8082275390625,0.032210927456617355,0.9343205094337463,0.3549755811691284,-0.814967930316925,-0.18105359375476837,0.5504969358444214,0.5786101222038269,-0.3070257306098938,0.7556093335151672
300,1648820767.764449,172.18370056152344,88.91375732421875,1361.2039794921875,0.9503004550933838,0.30560028553009033,0.05947659909725189,0.2976928949356079,-0.9478565454483032,0.11378462612628937,0.09114789217710495,-0.0904238224029541,-0.9917235374450684
4,1648820767.7644572,166.99911499023438,-60.51679992675781,1609.49560546875,-0.01146689336746931,-0.9977688193321228,0.06577110290527344,-0.80862957239151,-0.02943907119333744,-0.5875810980796814,0.5882063508033752,-0.05992219224572182,-0.8064878582954407
410,1648820767.764462,148.08433532714844,-161.61141967773438,1657.8912353515625,0.032434917986392975,0.9339148998260498,0.3560209572315216,-0.8154052495956421,-0.18126431107521057,0.5497795343399048,0.5779812335968018,-0.30813339352607727,0.7556397914886475
300,1648820767.794467,172.18017578125,88.91983795166016,1361.1048583984375,0.9501992464065552,0.3056953251361847,0.06059522554278374,0.29766300320625305,-0.9478359818458557,0.11403351277112961,0.09229385107755661,-0.09031759947538376,-0.9916272163391113
4,1648820767.7944753,167.10206604003906,-60.511722564697266,1609.46533203125,-0.010996664874255657,-0.9977070093154907,0.06678196787834167,-0.8086051344871521,-0.030416525900363922,-0.5875649452209473,0.5882489085197449,-0.06046149507164955,-0.8064165115356445
410,1648820767.7944806,148.16429138183594,-161.80332946777344,1657.9554443359375,0.03240251913666725,0.9339733719825745,0.3558705449104309,-0.8154367208480835,-0.18118391931056976,0.5497593283653259,0.5779386162757874,-0.3080035150051117,0.7557253837585449
300,1648820767.8245327,172.18699645996094,88.90318298339844,1361.1007080078125,0.9501482844352722,0.30578649044036865,0.06093315780162811,0.2977270483970642,-0.947820782661438,0.11399296671152115,0.09261122345924377,-0.0901687741279602,-0.9916111826896667
4,1648820767.8245401,167.11741638183594,-60.528072357177734,1609.378662109375,-0.01036483608186245,-0.9977408051490784,0.06637667119503021,-0.8092159628868103,-0.030625827610492706,-0.5867125391960144,0.587419867515564,-0.059794243425130844,-0.8070703148841858
410,1648820767.8245454,148.2107391357422,-161.91409301757812,1657.97900390625,0.03297821432352066,0.9334790706634521,0.3571123778820038,-0.8156896233558655,-0.18133655190467834,0.5493336915969849,0.5775490403175354,-0.30940890312194824,0.7554490566253662
300,1648820767.8566256,172.18759155273438,88.91950988769531,1361.17919921875,0.9502213001251221,0.3056997060775757,0.060226086527109146,0.2976771891117096,-0.9478007555007935,0.11428943276405334,0.09202057123184204,-0.0906723216176033,-0.9916202425956726
4,1648820767.8566334,167.14210510253906,-60.51881408691406,1609.4210205078125,-0.010965513065457344,-0.9975740909576416,0.06874357163906097,-0.8095532059669495,-0.031496793031692505,-0.5862009525299072,0.5869441032409668,-0.062079574912786484,-0.8072439432144165
410,1648820767.8566391,148.19398498535156,-161.9720458984375,1657.9808349609375,0.03325898200273514,0.9334433674812317,0.3571796417236328,-0.8153994083404541,-0.18131551146507263,0.5497713088989258,0.5779426097869873,-0.3095289170742035,0.755098819732666
300,1648820767.886346,172.19248962402344,88.91365051269531,1361.1748046875,0.9501302242279053,0.30577224493026733,0.06128496676683426,0.2977367043495178,-0.9478891491889954,0.11339744925498962,0.09276515245437622,-0.08949556201696396,-0.9916577935218811
4,1648820767.886354,167.12757873535156,-60.5253791809082,1609.48291015625,-0.010328932665288448,-0.9977291226387024,0.06655741482973099,-0.8096592426300049,-0.03071586973965168,-0.586095929145813,0.5868093967437744,-0.0599425733089447,-0.807503342628479
410,1648820767.8863587,148.1671142578125,-162.02125549316406,1658.075439453125,0.032787006348371506,0.9337678551673889,0.35637417435646057,-0.815552830696106,-0.18112245202064514,0.5496073365211487,0.5777530074119568,-0.30866196751594543,0.7555986046791077
300,1648820767.9166248,172.18653869628906,88.93229675292969,1361.229248046875,0.9502599239349365,0.305627703666687,0.05998170003294945,0.2976444363594055,-0.9478328227996826,0.11410834640264511,0.09172730147838593,-0.09057936817407608,-0.9916559457778931
4,1648820767.9166334,167.20501708984375,-60.5487174987793,1609.40087890625,-0.009528202004730701,-0.9977686405181885,0.06608295440673828,-0.8089216351509094,-0.03115861676633358,-0.587090253829956,0.5878392457962036,-0.05904984846711159,-0.80681973695755
410,1648820767.9166384,148.17950439453125,-162.1813507080078,1658.198486328125,0.03238037973642349,0.9334041476249695,0.35736292600631714,-0.8156777024269104,-0.18195046484470367,0.5491483807563782,0.5775997042655945,-0.3092745840549469,0.7554652690887451
300,1648820767.9461596,172.19149780273438,88.9149398803711,1361.2083740234375,0.9502583742141724,0.30561602115631104,0.060065463185310364,0.297728031873703,-0.9479399919509888,0.11299468576908112,0.09147144109010696,-0.08949097245931625,-0.9917783737182617
4,1648820767.9461672,167.19064331054688,-60.563377380371094,1609.3712158203125,-0.009497958235442638,-0.9978117346763611,0.0654333084821701,-0.8097568154335022,-0.030717547982931137,-0.5859610438346863,0.586688756942749,-0.05855049937963486,-0.8076931238174438
410,1648820767.946172,148.18417358398438,-162.45571899414062,1658.451904296875,0.03237411007285118,0.9332770705223083,0.35769516229629517,-0.8163273334503174,-0.1818021982908249,0.5482313632965088,0.5766814947128296,-0.30974483489990234,0.7559739351272583
300,1648820767.9765158,172.1866455078125,88.92692565917969,1361.1910400390625,0.9501998424530029,0.3057170510292053,0.06047610193490982,0.29763269424438477,-0.9477640986442566,0.11470834165811539,0.09238537400960922,-0.09099618345499039,-0.9915566444396973
4,1648820767.9765244,167.17391967773438,-60.551902770996094,1609.3316650390625,-0.009470709599554539,-0.9978342652320862,0.06509315222501755,-0.8098667860031128,-0.030528904870152473,-0.5858189463615417,0.5865374207496643,-0.058264899998903275,-0.807823657989502
410,1648820767.976529,148.0911865234375,-162.79727172851562,1658.6785888671875,0.033013395965099335,0.9318623542785645,0.36130693554878235,-0.8166109919548035,-0.1832783818244934,0.5473166704177856,0.5762435793876648,-0.3131159842014313,0.7549183368682861
300,1648820768.0087504,172.19081115722656,88.91096496582031,1361.1922607421875,0.9501773715019226,0.3057524859905243,0.06064922735095024,0.2976059317588806,-0.9477124214172363,0.11520356684923172,0.09270180761814117,-0.09141425788402557,-0.9914886951446533
4,1648820768.0087585,167.2903289794922,-60.556861877441406,1609.3211669921875,-0.008372468873858452,-0.9978726506233215,0.06465382874011993,-0.8088531494140625,-0.031257789582014084,-0.5871793031692505,0.587951123714447,-0.05721159279346466,-0.806870698928833
410,1648820768.0087636,148.11265563964844,-163.3459930419922,1658.941650390625,0.031836263835430145,0.931424081325531,0.36254051327705383,-0.8164689540863037,-0.18498525023460388,0.5469541549682617,0.5765109062194824,-0.313416063785553,0.7545896172523499
300,1648820768.0383217,172.19053649902344,88.91058349609375,1361.201416015625,0.9502133727073669,0.3056585490703583,0.06055883690714836,0.29759517312049866,-0.9478127360343933,0.1144033819437027,0.09236680716276169,-0.09068560600280762,-0.9915868639945984
4,1648820768.03833,167.36170959472656,-60.534263610839844,1609.3193359375,-0.00979936309158802,-0.9976398944854736,0.067960724234581,-0.810845136642456,-0.03184521570801735,-0.5843937397003174,0.5851787328720093,-0.06083231419324875,-0.8086193799972534
410,1648820768.0383363,148.0107421875,-163.77880859375,1659.1243896484375,0.03246116265654564,0.9310104846954346,0.36354607343673706,-0.8170492053031921,-0.18477866053581238,0.5461570024490356,0.5756534337997437,-0.3147639334201813,0.754683256149292
300,1648820768.0684068,172.1871337890625,88.92347717285156,1361.1575927734375,0.9501564502716064,0.3057253360748291,0.06111238896846771,0.29783087968826294,-0.9480196833610535,0.11205102503299713,0.09219259023666382,-0.0882648453116417,-0.9918214678764343
4,1648820768.0684152,167.28443908691406,-60.59690856933594,1609.19873046875,-0.00943363644182682,-0.9977601766586304,0.06622376292943954,-0.8099782466888428,-0.03121141344308853,-0.5856288075447083,0.5863840579986572,-0.059164416044950485,-0.8078696131706238
410,1648820768.0684202,148.059814453125,-164.1708221435547,1659.40771484375,0.03113562799990177,0.9313560128211975,0.3627762496471405,-0.816870391368866,-0.18544384837150574,0.5461989641189575,0.5759803056716919,-0.3133474290370941,0.7550232410430908
300,1648820768.0989013,172.19236755371094,88.90898132324219,1361.184326171875,0.9501881003379822,0.30574101209640503,0.0605396144092083,0.2976978123188019,-0.9478046298027039,0.11420334130525589,0.09229637682437897,-0.0904921442270279,-0.9916110634803772
4,1648820768.0989091,167.30770874023438,-60.58596420288086,1609.2137451171875,-0.007818409241735935,-0.9978898167610168,0.06445770710706711,-0.8103869557380676,-0.031441446393728256,-0.5850508213043213,0.5858429074287415,-0.05680985376238823,-0.8084310293197632
410,1648820768.0989146,147.9577178955078,-164.4397735595703,1659.439697265625,0.03120351769030094,0.9306095838546753,0.36468085646629333,-0.8163106441497803,-0.18681448698043823,0.5465686321258545,0.5767696499824524,-0.31474775075912476,0.7538372874259949
300,1648820768.128948,172.18722534179688,88.91447448730469,1361.2244873046875,0.9502307772636414,0.30571597814559937,0.05999378859996796,0.29762905836105347,-0.9477041363716125,0.11521187424659729,0.09207846969366074,-0.09162197262048721,-0.9915276169776917
4,1648820768.1289573,167.18739318847656,-60.613311767578125,1609.183837890625,-0.009347637183964252,-0.9978896975517273,0.06425534933805466,-0.8096570372581482,-0.030157119035720825,-0.5861279964447021,0.5868288278579712,-0.05750370770692825,-0.807666540145874
410,1648820768.128962,147.89596557617188,-164.4288330078125,1659.5555419921875,0.030715985223650932,0.9313045740127563,0.3629439175128937,-0.8166753649711609,-0.18597076833248138,0.5463114380836487,0.57627934217453,-0.313187837600708,0.7548612356185913
300,1648820768.1607733,172.1871795654297,88.9112777709961,1361.159912109375,0.9502139091491699,0.30566102266311646,0.06053782254457474,0.2977515459060669,-0.9479597210884094,0.11276714503765106,0.09185593575239182,-0.08912768214941025,-0.9917755722999573
4,1648820768.1607816,167.3414764404297,-60.56666946411133,1609.246826171875,-0.009732955135405064,-0.9978335499763489,0.0650654137134552,-0.8103439807891846,-0.03025302290916443,-0.5851730108261108,0.5858736634254456,-0.058420825749635696,-0.8082939386367798
410,1648820768.1607869,147.85910034179688,-164.36642456054688,1659.5888671875,0.029955191537737846,0.9308278560638428,0.36422815918922424,-0.8157459497451782,-0.18781360983848572,0.5470690727233887,0.5776341557502747,-0.3135052025318146,0.7536930441856384
300,1648820768.1901333,172.1827850341797,88.89130401611328,1361.1326904296875,0.9501678347587585,0.30575793981552124,0.06077156588435173,0.2977738082408905,-0.9478841423988342,0.11334216594696045,0.09225966781377792,-0.0895979031920433,-0.9916957020759583
4,1648820768.190141,167.0340118408203,-60.61016082763672,1609.2783203125,-0.010012473911046982,-0.9980484247207642,0.06163696199655533,-0.8095372319221497,-0.02809302508831024,-0.5863959789276123,0.5869831442832947,-0.0557686910033226,-0.8076760768890381
410,1648820768.1901462,147.88031005859375,-164.130126953125,1659.68798828125,0.02876962535083294,0.9312219619750977,0.36331525444984436,-0.8176209926605225,-0.18717001378536224,0.5444844365119934,0.5750375390052795,-0.31271877884864807,0.7560018301010132
300,1648820768.2209861,172.18475341796875,88.90294647216797,1361.1549072265625,0.9501787424087524,0.3057170510292053,0.060806456953287125,0.2977274954319,-0.9478955864906311,0.11336778849363327,0.09229663759469986,-0.08961591124534607,-0.9916906356811523
4,1648820768.2209942,167.0828399658203,-60.57996368408203,1609.1553955078125,-0.010253648273646832,-0.9981363415718079,0.06015543267130852,-0.8111799955368042,-0.026874056085944176,-0.5841787457466125,0.5847066640853882,-0.05478684604167938,-0.8093926906585693
410,1648820768.2209997,147.8544464111328,-164.25856018066406,1659.692626953125,0.03073493018746376,0.9316349625587463,0.36209335923194885,-0.8156237602233887,-0.18602649867534637,0.5478612780570984,0.577765703201294,-0.31217044591903687,0.754146158695221
300,1648820768.2501457,172.18614196777344,88.90377807617188,1361.14306640625,0.9501734972000122,0.3057330250740051,0.06080774590373039,0.2976577877998352,-0.9478073120117188,0.11428558081388474,0.09257490187883377,-0.09049122780561447,-0.9915851950645447
4,1648820768.2501552,167.28964233398438,-60.63471221923828,1609.148681640625,-0.00790317077189684,-0.9979208111763,0.06396590173244476,-0.8094713091850281,-0.03117263875901699,-0.586331307888031,0.5871062278747559,-0.05641244351863861,-0.8075419068336487
410,1648820768.2501602,147.788818359375,-164.43954467773438,1659.7557373046875,0.031014632433652878,0.9309148788452148,0.3639169931411743,-0.8143602013587952,-0.18756921589374542,0.5492133498191833,0.5795304775238037,-0.31339314579963684,0.7522826194763184
300,1648820768.2809381,172.17974853515625,88.88893127441406,1361.182861328125,0.950202465057373,0.3057815730571747,0.06010720878839493,0.2978113889694214,-0.9478127360343933,0.11383910477161407,0.09178028255701065,-0.09026958793401718,-0.9916792511940002
4,1648820768.2809465,167.02862548828125,-60.59330749511719,1609.2012939453125,-0.011001190170645714,-0.9980363249778748,0.06166449189186096,-0.8105581402778625,-0.027211641892790794,-0.5850256681442261,0.5855548977851868,-0.056418631225824356,-0.8086670637130737
410,1648820768.2809513,147.77081298828125,-164.37074279785156,1659.9117431640625,0.03032183088362217,0.9317710995674133,0.36177781224250793,-0.8139078617095947,-0.18708094954490662,0.5500497817993164,0.5802022218704224,-0.3111323118209839,0.7527031898498535
300,1648820768.312579,172.17935180664062,88.89427185058594,1361.1988525390625,0.9502414464950562,0.30567291378974915,0.06004413217306137,0.29769816994667053,-0.9478346109390259,0.1139533594250679,0.09174436330795288,-0.09040817618370056,-0.9916699528694153
4,1648820768.3125873,167.05520629882812,-60.593421936035156,1609.242431640625,-0.011978523805737495,-0.9980032444000244,0.062016889452934265,-0.8096696138381958,-0.026713814586400986,-0.5862776637077332,0.5867637395858765,-0.05723593011498451,-0.807732880115509
410,1648820768.3125923,147.825439453125,-164.44505310058594,1659.9373779296875,0.030289674177765846,0.9313898682594299,0.36276084184646606,-0.8136793971061707,-0.18780864775180817,0.5501397252082825,0.580524206161499,-0.31183457374572754,0.7521640658378601
300,1648820768.3424873,172.18247985839844,88.91828918457031,1361.20068359375,0.9502134919166565,0.3057160973548889,0.06026620417833328,0.29767122864723206,-0.9477784037590027,0.11449001729488373,0.0921204462647438,-0.09085044264793396,-0.991594672203064
4,1648820768.342496,167.20220947265625,-60.58600616455078,1609.3553466796875,-0.009573230519890785,-0.9978037476539612,0.06554418057203293,-0.8093788027763367,-0.030759595334529877,-0.5864808559417725,0.5872089266777039,-0.05866458639502525,-0.807306706905365
410,1648820768.342501,147.8049774169922,-164.43687438964844,1659.9271240234375,0.030438613146543503,0.9325364828109741,0.359790563583374,-0.8135586380958557,-0.18600457906723022,0.5509306788444519,0.5806856155395508,-0.30948030948638916,0.7530114054679871
300,1648820768.3721356,172.19003295898438,88.8826675415039,1361.2059326171875,0.9502286911010742,0.30568593740463257,0.06017955765128136,0.29768106341362,-0.9478169083595276,0.11414504051208496,0.09193173050880432,-0.09054957330226898,-0.9916397333145142
4,1648820768.3721433,166.9270782470703,-60.56224822998047,1609.387939453125,-0.011561190709471703,-0.9980199933052063,0.06182556599378586,-0.8096871972084045,-0.026937203481793404,-0.5862431526184082,0.5867478251457214,-0.056837037205696106,-0.8077725768089294
410,1648820768.3721483,147.67747497558594,-164.04774475097656,1659.8870849609375,0.031142186373472214,0.9321886301040649,0.36063069105148315,-0.8149480223655701,-0.18521715700626373,0.5491395592689514,0.5786966681480408,-0.3109966814517975,0.7539172172546387
300,1648820768.4046488,172.18919372558594,88.91480255126953,1361.1881103515625,0.9501725435256958,0.3057621121406555,0.06067711487412453,0.2976112961769104,-0.9477086067199707,0.11522112041711807,0.09273447841405869,-0.09142174571752548,-0.9914849400520325
4,1648820768.4046564,166.9799346923828,-60.54435729980469,1609.4259033203125,-0.011664626188576221,-0.9978943467140198,0.06380331516265869,-0.8095130324363708,-0.028032682836055756,-0.5864322781562805,0.5869860053062439,-0.05849013105034828,-0.8074814677238464
410,1648820768.4046614,147.61248779296875,-163.8773651123047,1659.6776123046875,0.0308061633259058,0.9317399263381958,0.36181721091270447,-0.8138593435287476,-0.18675929307937622,0.5502308011054993,0.580244779586792,-0.3114188015460968,0.7525519132614136
300,1648820768.4348,172.18716430664062,88.91021728515625,1361.1854248046875,0.9501919746398926,0.30573952198028564,0.06048605963587761,0.2977432310581207,-0.9478446841239929,0.1137513816356659,0.09210968762636185,-0.09007632732391357,-0.991666316986084
4,1648820768.434808,167.0522003173828,-60.55890655517578,1609.38525390625,-0.01173569168895483,-0.997758150100708,0.06588584929704666,-0.8088021874427795,-0.029271943494677544,-0.5873517990112305,0.5879636406898499,-0.06018160283565521,-0.8066454529762268
410,1648820768.4348128,147.61151123046875,-163.6258087158203,1659.5069580078125,0.029758146032691002,0.9327501654624939,0.35929325222969055,-0.8136367797851562,-0.18619060516357422,0.5507524609565735,0.5806114673614502,-0.3087235689163208,0.7533791065216064
300,1648820768.4640176,172.19334411621094,88.89457702636719,1361.1937255859375,0.9501627087593079,0.30575451254844666,0.06086896359920502,0.2976490557193756,-0.9477782845497131,0.11454863101243973,0.09271404147148132,-0.09072224795818329,-0.9915511012077332
4,1648820768.4640255,166.7467498779297,-60.53610610961914,1609.3248291015625,-0.01211210060864687,-0.9980692863464355,0.060918018221855164,-0.8094645142555237,-0.02597997337579727,-0.586593747138977,0.5870438814163208,-0.056415855884552,-0.8075870275497437
410,1648820768.4640317,147.55772399902344,-163.1771240234375,1659.38623046875,0.030226631090044975,0.9331328272819519,0.358258992433548,-0.8138365745544434,-0.18511472642421722,0.5508198738098145,0.580307126045227,-0.3082137107849121,0.7538222670555115
300,1648820768.4950466,172.1837615966797,88.90795135498047,1361.1983642578125,0.9502331614494324,0.30568772554397583,0.06009984761476517,0.2976536452770233,-0.947778046131134,0.11453846096992493,0.09197431802749634,-0.09094929695129395,-0.9915992021560669
4,1648820768.4950552,166.8357696533203,-60.51957702636719,1609.4111328125,-0.013239076361060143,-0.9978715777397156,0.06385216116905212,-0.8096593022346497,-0.02677367813885212,-0.5862892270088196,0.586750864982605,-0.05946042016148567,-0.8075814843177795
410,1648820768.49506,147.5994415283203,-162.87945556640625,1659.0963134765625,0.030236398801207542,0.9334949851036072,0.3573133945465088,-0.8129187226295471,-0.1850346177816391,0.552200436592102,0.5815917253494263,-0.3071632981300354,0.7532607913017273
300,1648820768.5243075,172.18240356445312,88.89797973632812,1361.22119140625,0.9502421021461487,0.30574092268943787,0.05968655273318291,0.2978208363056183,-0.9478250741958618,0.11371162533760071,0.09133870899677277,-0.09027767181396484,-0.9917193055152893
4,1648820768.5243154,166.96124267578125,-60.57776641845703,1609.3896484375,-0.011099397204816341,-0.9977567195892334,0.06601783633232117,-0.8081794381141663,-0.029926905408501625,-0.5881754755973816,0.5888317823410034,-0.05988265201449394,-0.8060342669487
