300,1648820656.812948,172.10992431640625,89.40231323242188,1361.14404296875,0.9506226181983948,0.30429166555404663,0.06101788952946663,0.29616421461105347,-0.9482277035713196,0.1146775409579277,0.09275427460670471,-0.09094374626874924,-0.9915270209312439
410,1648820656.8129556,-68.4183120727539,76.47734832763672,1241.9007568359375,-0.3410252034664154,0.8748593926429749,0.3439808785915375,-0.4344814419746399,-0.47117429971694946,0.7676070928573608,0.8336232304573059,0.11232004314661026,0.5407924652099609
4,1648820656.8129606,153.77593994140625,-58.16011047363281,1610.1529541015625,-0.0007408854435198009,-0.9827810525894165,-0.18477244675159454,-0.8221424221992493,0.10578618943691254,-0.5593667030334473,0.5692813396453857,0.1514948457479477,-0.8080644011497498
300,1648820656.84236,172.11053466796875,89.38362121582031,1361.177490234375,0.9506124258041382,0.3044030964374542,0.06061949580907822,0.296240895986557,-0.9481114745140076,0.11543817073106766,0.09261377900838852,-0.09177898615598679,-0.9914632439613342
410,1648820656.8423676,-68.41386413574219,76.4702377319336,1241.88671875,-0.34113597869873047,0.874841034412384,0.34391772747039795,-0.4345683455467224,-0.47119370102882385,0.7675459980964661,0.8335325717926025,0.11238180100917816,0.5409193634986877
4,1648820656.8423731,153.91424560546875,-58.20927810668945,1610.1043701171875,0.0006865052855573595,-0.9826713800430298,-0.18535512685775757,-0.8228715062141418,0.10476873070001602,-0.5584854483604431,0.5682270526885986,0.1529068499803543,-0.8085403442382812
300,1648820656.8723285,172.1078338623047,89.38218688964844,1361.198486328125,0.9506716132164001,0.3043030798435211,0.06019223481416702,0.2962166368961334,-0.9481661915779114,0.11505020409822464,0.09208237379789352,-0.09154502302408218,-0.9915343523025513
410,1648820656.8723361,-68.42036437988281,76.46690368652344,1241.88427734375,-0.3411073386669159,0.8748301863670349,0.34397369623184204,-0.4346499443054199,-0.4712374806404114,0.7674729228019714,0.8335017561912537,0.11228246986865997,0.540987491607666
4,1648820656.872341,154.1172637939453,-58.283145904541016,1610.046875,0.0026992240455001593,-0.9825021624565125,-0.18623173236846924,-0.8227742910385132,0.10366576164960861,-0.5588343739509583,0.5683618187904358,0.15473510324954987,-0.8080977201461792
300,1648820656.904668,172.1103515625,89.3763198852539,1361.166748046875,0.9505993127822876,0.30440908670425415,0.06079490855336189,0.2962605059146881,-0.9481441378593445,0.1151190772652626,0.09268563240766525,-0.0914209857583046,-0.991489589214325
410,1648820656.9046767,-68.42201232910156,76.46411895751953,1241.9091796875,-0.341104120016098,0.8747896552085876,0.3440799415111542,-0.4346091151237488,-0.4713233411312103,0.7674432992935181,0.8335244059562683,0.11223779618740082,0.5409619212150574
4,1648820656.904682,154.2271270751953,-58.334259033203125,1609.990234375,0.004659275524318218,-0.9818591475486755,-0.1895546168088913,-0.8231855034828186,0.10385667532682419,-0.558193027973175,0.5677534341812134,0.15863938629627228,-0.8077682852745056
300,1648820656.9342725,172.11727905273438,89.36588287353516,1361.2095947265625,0.9506587386131287,0.3043542206287384,0.06013713404536247,0.2962501645088196,-0.9481261968612671,0.11529350280761719,0.09210765361785889,-0.0917891338467598,-0.9915094375610352
410,1648820656.9342806,-68.41604614257812,76.45069122314453,1241.8843994140625,-0.34110838174819946,0.8747923374176025,0.34406888484954834,-0.4346446990966797,-0.47132086753845215,0.7674246430397034,0.8335040807723999,0.11222727596759796,0.5409953594207764
4,1648820656.934286,154.30221557617188,-58.3712158203125,1609.97119140625,0.005058930721133947,-0.9819285869598389,-0.1891842931509018,-0.8235689997673035,0.10321566462516785,-0.5577459931373596,0.5671935081481934,0.1586279273033142,-0.8081637620925903
300,1648820656.9650095,172.11412048339844,89.3690185546875,1361.192138671875,0.9506515264511108,0.3043390214443207,0.060327790677547455,0.2962082326412201,-0.9481273293495178,0.1153915748000145,0.09231658279895782,-0.09182758629322052,-0.9914864301681519
410,1648820656.9650178,-68.41777038574219,76.4483413696289,1241.88720703125,-0.34116610884666443,0.8748290538787842,0.3439183533191681,-0.43450456857681274,-0.4712027907371521,0.7675765156745911,0.8335534930229187,0.11243698745965958,0.5408756732940674
4,1648820656.9650235,154.3016815185547,-58.39400863647461,1609.9517822265625,0.0057076020166277885,-0.9815292358398438,-0.1912270039319992,-0.8236602544784546,0.10382529348134995,-0.5574980974197388,0.5670548677444458,0.16068805754184723,-0.8078539967536926
300,1648820656.9949245,172.11289978027344,89.36544799804688,1361.1466064453125,0.9505581259727478,0.3044387400150299,0.061288993805646896,0.29624637961387634,-0.9481507539749146,0.11510101705789566,0.09315241128206253,-0.09125355631113052,-0.9914612770080566
410,1648820656.9949322,-68.4229736328125,76.45043182373047,1241.9027099609375,-0.341162770986557,0.8748295903205872,0.34392020106315613,-0.4346062242984772,-0.47121623158454895,0.767510712146759,0.8335018754005432,0.11237622052431107,0.5409678220748901
4,1648820656.9949377,154.30838012695312,-58.39411926269531,1610.001708984375,0.0053896112367510796,-0.9817070364952087,-0.19032149016857147,-0.823811948299408,0.10352557897567749,-0.5573296546936035,0.5668376088142395,0.15979290008544922,-0.808184027671814
300,1648820657.0241718,172.11297607421875,89.37249755859375,1361.1695556640625,0.9506159424781799,0.30434659123420715,0.060848262161016464,0.2961445748806,-0.9481170773506165,0.11563912779092789,0.09288565069437027,-0.0919085144996643,-0.9914257526397705
410,1648820657.0241797,-68.4275131225586,76.45568084716797,1241.91162109375,-0.3412058651447296,0.8747966885566711,0.34396126866340637,-0.43469154834747314,-0.4712882936000824,0.7674181461334229,0.8334397673606873,0.11233050376176834,0.5410730242729187
4,1648820657.024185,154.27626037597656,-58.390167236328125,1610.04541015625,0.005960229318588972,-0.9812926650047302,-0.19242975115776062,-0.8233380913734436,0.10439594089984894,-0.5578672289848328,0.5675199031829834,0.16175976395606995,-0.8073134422302246
300,1648820657.0561378,172.1134490966797,89.35899353027344,1361.1339111328125,0.9505783319473267,0.30440014600753784,0.06116723641753197,0.29626184701919556,-0.9482011795043945,0.1146446168422699,0.09289668500423431,-0.09085717052221298,-0.9915216565132141
410,1648820657.0561454,-68.42584991455078,76.44908905029297,1241.8978271484375,-0.34107711911201477,0.8748171925544739,0.34403666853904724,-0.4347066581249237,-0.4712831676006317,0.7674127221107483,0.8334845900535583,0.11219188570976257,0.5410327911376953
4,1648820657.0561507,154.2060089111328,-58.371192932128906,1610.0701904296875,0.005545171909034252,-0.9812272787094116,-0.19277527928352356,-0.8232402801513672,0.10495589673519135,-0.5579065680503845,0.5676659941673279,0.16179406642913818,-0.8072037696838379
300,1648820657.086473,172.11410522460938,89.36695098876953,1361.149658203125,0.9506053924560547,0.3043653070926666,0.06091926619410515,0.2962683141231537,-0.9482231736183167,0.11444620043039322,0.09259851276874542,-0.09074471890926361,-0.9915598630905151
410,1648820657.0864809,-68.4240493774414,76.46439361572266,1241.900146484375,-0.34115803241729736,0.8748130202293396,0.34396713972091675,-0.43469759821891785,-0.4712670147418976,0.7674277424812317,0.8334561586380005,0.11229245364665985,0.5410556793212891
4,1648820657.0864863,154.0687713623047,-58.341190338134766,1610.1041259765625,0.0034856246784329414,-0.9816505312919617,-0.1906571090221405,-0.8228649497032166,0.10552210360765457,-0.5583533048629761,0.5682263374328613,0.15883125364780426,-0.8073979616165161
300,1648820657.1161628,172.11241149902344,89.35414123535156,1361.1475830078125,0.9506009817123413,0.30440643429756165,0.06078197807073593,0.2962750792503357,-0.9481604099273682,0.11494767665863037,0.09262187778949738,-0.09126118570566177,-0.991510272026062
410,1648820657.1161706,-68.42649841308594,76.43444061279297,1241.8878173828125,-0.3411009907722473,0.8747785687446594,0.3441113233566284,-0.4345041811466217,-0.4713349938392639,0.7674955725669861,0.8335803747177124,0.11227568984031677,0.5408677458763123
4,1648820657.1161761,153.90638732910156,-58.315059661865234,1610.14990234375,0.0027702644001692533,-0.9813569188117981,-0.1921740621328354,-0.8224590420722961,0.10707685351371765,-0.5586552619934082,0.5688176155090332,0.15960291028022766,-0.8068292737007141
300,1648820657.146882,172.11192321777344,89.36260223388672,1361.18310546875,0.9506438970565796,0.30432480573654175,0.06051965802907944,0.2961890399456024,-0.9481498599052429,0.11525561660528183,0.09245684742927551,-0.09164179116487503,-0.9914905428886414
410,1648820657.1468906,-68.42548370361328,76.45734405517578,1241.8843994140625,-0.34100541472435,0.8748037219047546,0.3441421091556549,-0.4346778094768524,-0.4713309407234192,0.7673997282981873,0.8335289359092712,0.11209651827812195,0.5409841537475586
4,1648820657.1468954,153.8137969970703,-58.29578399658203,1610.1925048828125,0.002101767575368285,-0.981417715549469,-0.19187207520008087,-0.8223615288734436,0.10747198015451431,-0.5587228536605835,0.5689613819122314,0.15896251797676086,-0.8068543076515198
300,1648820657.1761556,172.11386108398438,89.35067749023438,1361.152587890625,0.9506036043167114,0.30437493324279785,0.06089901179075241,0.2962161600589752,-0.9481570720672607,0.11512666940689087,0.09278350323438644,-0.09140055626630783,-0.9914823174476624
410,1648820657.1761634,-68.42076873779297,76.4372329711914,1241.8779296875,-0.3411460816860199,0.8747884035110474,0.34404152631759644,-0.4346431493759155,-0.4713181257247925,0.7674272060394287,0.8334894776344299,0.11226949095726013,0.5410091280937195
4,1648820657.1761682,153.6341094970703,-58.27723693847656,1610.1943359375,0.0006287802825681865,-0.981307327747345,-0.1924462914466858,-0.8228967189788818,0.10883847624063492,-0.5576694011688232,0.5681906342506409,0.15871408581733704,-0.8074461221694946
300,1648820657.2082658,172.10768127441406,89.35352325439453,1361.1810302734375,0.950659453868866,0.30435070395469666,0.06014405936002731,0.29626134037971497,-0.9481427669525146,0.11512799561023712,0.09206444025039673,-0.09162915498018265,-0.9915282130241394
410,1648820657.208274,-68.4183120727539,76.45807647705078,1241.871337890625,-0.34117260575294495,0.8747920393943787,0.3440060317516327,-0.43482163548469543,-0.47132614254951477,0.7673211693763733,0.8333855271339417,0.11220769584178925,0.5411821007728577
4,1648820657.2082791,153.3218994140625,-58.256744384765625,1610.2081298828125,-0.001648459117859602,-0.9811599254608154,-0.19319042563438416,-0.8225860595703125,0.11118622124195099,-0.5576646327972412,0.568638265132904,0.15799646079540253,-0.8072717189788818
300,1648820657.2390823,172.1055908203125,89.34221649169922,1361.18603515625,0.950680673122406,0.30429887771606445,0.060070786625146866,0.29626530408859253,-0.9482054114341736,0.1146007552742958,0.09183232486248016,-0.09115183353424072,-0.9915937781333923
410,1648820657.2390897,-68.4300537109375,76.43488311767578,1241.8790283203125,-0.3411368727684021,0.8747546672821045,0.34413644671440125,-0.43472278118133545,-0.47140687704086304,0.767327606678009,0.8334516882896423,0.11215977370738983,0.5410900712013245
4,1648820657.2390945,152.9868621826172,-58.230926513671875,1610.2772216796875,-0.0036273656878620386,-0.9806919097900391,-0.19552560150623322,-0.8224161267280579,0.11415670067071915,-0.5573149919509888,0.5688748359680176,0.15878181159496307,-0.8069508671760559
300,1648820657.2680228,172.10740661621094,89.34747314453125,1361.1556396484375,0.9506385326385498,0.30435681343078613,0.06044236943125725,0.2962765395641327,-0.9481856822967529,0.11473528295755386,0.09223105013370514,-0.09116412699222565,-0.9915556311607361
410,1648820657.2680306,-68.4275894165039,76.44915008544922,1241.888671875,-0.34124231338500977,0.8747681379318237,0.3439977169036865,-0.43471017479896545,-0.4713435173034668,0.7673736810684204,0.8334150910377502,0.11232106387615204,0.5411129593849182
4,1648820657.2680361,152.82345581054688,-58.226871490478516,1610.2330322265625,-0.005095980130136013,-0.9807357788085938,-0.19527246057987213,-0.8223091959953308,0.11522629857063293,-0.5572525858879089,0.5690180659294128,0.15773460268974304,-0.8070552945137024
300,1648820657.2982254,172.10841369628906,89.34378051757812,1361.14697265625,0.9506164193153381,0.3043690621852875,0.06072840467095375,0.2962532937526703,-0.9481809139251709,0.11483446508646011,0.09253357350826263,-0.09117253124713898,-0.9915266633033752
410,1648820657.2982335,-68.42908477783203,76.43599700927734,1241.8770751953125,-0.3411489725112915,0.8747720122337341,0.3440802991390228,-0.4346216022968292,-0.47135090827941895,0.7674192786216736,0.8334994912147522,0.11225957423448563,0.540995717048645
4,1648820657.2982388,152.7690887451172,-58.24876403808594,1610.1591796875,-0.005781668238341808,-0.9808168411254883,-0.19484588503837585,-0.8227916359901428,0.11540330201387405,-0.5565033555030823,0.568313717842102,0.15710005164146423,-0.8076751232147217
300,1648820657.328653,172.10946655273438,89.33171081542969,1361.13427734375,0.9505603313446045,0.30449292063713074,0.060984715819358826,0.2963475286960602,-0.9481439590454102,0.11489610373973846,0.092807337641716,-0.09114300459623337,-0.9915037751197815
410,1648820657.3286676,-68.43333435058594,76.43806457519531,1241.89501953125,-0.34124135971069336,0.8747871518135071,0.3439502716064453,-0.4348554015159607,-0.4713209271430969,0.7673052549362183,0.8333397507667542,0.11226765066385269,0.5412400960922241
4,1648820657.3286731,152.83067321777344,-58.30415725708008,1610.019287109375,-0.005916479043662548,-0.9812173247337341,-0.19281475245952606,-0.8231844902038574,0.11425212770700455,-0.5561597943305969,0.5677431225776672,0.1554316133260727,-0.8083989024162292
300,1648820657.3609855,172.1088409423828,89.33439636230469,1361.1636962890625,0.9506134390830994,0.30442848801612854,0.0604759082198143,0.29626545310020447,-0.9480854868888855,0.11558827012777328,0.0925246924161911,-0.09196284413337708,-0.9914544820785522
410,1648820657.360993,-68.43472290039062,76.4336166381836,1241.8837890625,-0.34106865525245667,0.8747679591178894,0.3441702425479889,-0.4347597658634186,-0.471402645111084,0.7673092484474182,0.8334603309631348,0.11207375675439835,0.5410946011543274
4,1648820657.3609982,152.80685424804688,-58.3428840637207,1609.9718017578125,-0.005748209543526173,-0.9810038805007935,-0.19390283524990082,-0.8235580921173096,0.1146300807595253,-0.5555285811424255,0.5672028064727783,0.15649695694446564,-0.8085726499557495
300,1648820657.3906898,172.10923767089844,89.32096862792969,1361.1514892578125,0.950587272644043,0.30448946356773376,0.06058042123913765,0.2963431179523468,-0.9480957984924316,0.1153043732047081,0.09254501014947891,-0.09165427833795547,-0.9914811849594116
410,1648820657.3906977,-68.43457794189453,76.42762756347656,1241.879150390625,-0.34123021364212036,0.8747498989105225,0.34405598044395447,-0.43491631746292114,-0.47141551971435547,0.7672126293182373,0.8333125114440918,0.1121605634689331,0.5413042306900024
4,1648820657.390704,152.78004455566406,-58.383323669433594,1609.955810546875,-0.005783977452665567,-0.9809059500694275,-0.19439658522605896,-0.823288083076477,0.11501318961381912,-0.5558494925498962,0.5675942897796631,0.156829372048378,-0.8082334399223328
300,1648820657.420424,172.10992431640625,89.32642364501953,1361.168701171875,0.950563907623291,0.3044942617416382,0.0609220527112484,0.29624781012535095,-0.9480363130569458,0.11603598296642303,0.09308861196041107,-0.09225159138441086,-0.9913749098777771
410,1648820657.420432,-68.44357299804688,76.42295837402344,1241.880859375,-0.341118186712265,0.8747082948684692,0.34427279233932495,-0.4347972273826599,-0.4715258479118347,0.7672123312950134,0.8334205150604248,0.11202120780944824,0.5411667823791504
4,1648820657.4204376,152.8232879638672,-58.41872787475586,1609.9185791015625,-0.005366900470107794,-0.9808719158172607,-0.19458018243312836,-0.8234477639198303,0.11473645269870758,-0.5556701421737671,0.5673667192459106,0.15724439918994904,-0.8083125948905945
300,1648820657.4500425,172.11648559570312,89.3210220336914,1361.1317138671875,0.9505372643470764,0.30449408292770386,0.06133747845888138,0.29630914330482483,-0.948146641254425,0.11497306078672409,0.09316554665565491,-0.09111132472753525,-0.9914730787277222
410,1648820657.45005,-68.44297790527344,76.41326904296875,1241.874267578125,-0.341145396232605,0.8746561408042908,0.3443782925605774,-0.4348391592502594,-0.4716395139694214,0.7671186923980713,0.8333874940872192,0.11194982379674911,0.5412324070930481
4,1648820657.4500546,152.92578125,-58.462974548339844,1609.8582763671875,-0.0043133897706866264,-0.9805921316146851,-0.19601143896579742,-0.8244531154632568,0.11441487818956375,-0.5542438626289368,0.5659137964248657,0.15921157598495483,-0.8089457750320435
300,1648820657.4810457,172.1178741455078,89.3135986328125,1361.1448974609375,0.9505618214607239,0.30451735854148865,0.06083870306611061,0.2963852286338806,-0.9481320977210999,0.11489702016115189,0.09267126768827438,-0.09118502587080002,-0.991512656211853
410,1648820657.4810536,-68.44306945800781,76.41282653808594,1241.8612060546875,-0.34106209874153137,0.8746190071105957,0.3445550799369812,-0.4348384439945221,-0.4717470109462738,0.767052948474884,0.8334219455718994,0.11178690940141678,0.5412130355834961
4,1648820657.4810586,152.9845733642578,-58.51108169555664,1609.7271728515625,-0.004164080135524273,-0.9808056950569153,-0.19494317471981049,-0.825045108795166,0.11352452635765076,-0.5535456538200378,0.5650515556335449,0.15853190422058105,-0.8096816539764404
300,1648820657.5123687,172.11734008789062,89.30950164794922,1361.152099609375,0.9506303668022156,0.3043978214263916,0.060364674776792526,0.29631471633911133,-0.9481609463691711,0.11484096944332123,0.09219276905059814,-0.0912843719124794,-0.9915481209754944
410,1648820657.5123785,-68.43682861328125,76.40545654296875,1241.86767578125,-0.3412230610847473,0.8746733665466309,0.3442575931549072,-0.4347206950187683,-0.4715619385242462,0.7672334909439087,0.833417534828186,0.11214186251163483,0.5411463975906372
4,1648820657.512384,152.98475646972656,-58.54841232299805,1609.6552734375,-0.00423385389149189,-0.9807007312774658,-0.1954689472913742,-0.8253737688064575,0.11378516256809235,-0.5530018210411072,0.5645707845687866,0.15899361670017242,-0.809926450252533
300,1648820657.5422928,172.11614990234375,89.31512451171875,1361.1468505859375,0.9506089091300964,0.3044406473636627,0.06048610806465149,0.29630815982818604,-0.9481133222579956,0.11525040864944458,0.0924345925450325,-0.09163554012775421,-0.9914932250976562
410,1648820657.5423021,-68.43412780761719,76.414306640625,1241.8682861328125,-0.3412221074104309,0.8746904730796814,0.3442150950431824,-0.4349130094051361,-0.47154998779296875,0.7671318650245667,0.8333175778388977,0.11205871403217316,0.5413175225257874
4,1648820657.5423074,153.01646423339844,-58.58551025390625,1609.5380859375,-0.00383124896325171,-0.980614185333252,-0.19591091573238373,-0.8255454897880554,0.11366017907857895,-0.5527712106704712,0.5643225908279419,0.15961556136608124,-0.809977114200592
300,1648820657.5730166,172.10691833496094,89.31155395507812,1361.188232421875,0.9506632089614868,0.30440622568130493,0.05980272218585014,0.2963401675224304,-0.9481076002120972,0.11521482467651367,0.09177152812480927,-0.09180854260921478,-0.9915388226509094
410,1648820657.573025,-68.44090270996094,76.41402435302734,1241.88037109375,-0.34126389026641846,0.8747345209121704,0.34406164288520813,-0.43501532077789307,-0.4714530110359192,0.7671334743499756,0.8332470655441284,0.11212286353111267,0.5414128303527832
4,1648820657.5730302,153.00440979003906,-58.60808181762695,1609.492431640625,-0.0038526083808392286,-0.9805566668510437,-0.1961982399225235,-0.8260661959648132,0.1136917844414711,-0.5519862771034241,0.5635599493980408,0.15994614362716675,-0.8104427456855774
300,1648820657.60492,172.1105194091797,89.31301879882812,1361.18212890625,0.9506123661994934,0.30443960428237915,0.06043766438961029,0.29631471633911133,-0.948115348815918,0.11521663516759872,0.09237838536500931,-0.09161778539419174,-0.9915000796318054
410,1648820657.6049275,-68.4399642944336,76.41641998291016,1241.860595703125,-0.34118810296058655,0.8746649622917175,0.3443136513233185,-0.43502604961395264,-0.4716322422027588,0.7670171856880188,0.8332724571228027,0.11191173642873764,0.5414173603057861
4,1648820657.6049325,153.0445556640625,-58.62450408935547,1609.43798828125,-0.003722833702340722,-0.9807088971138,-0.1954384595155716,-0.8268714547157288,0.11293088644742966,-0.5509357452392578,0.5623785853385925,0.1595514416694641,-0.8113406300544739
300,1648820657.634876,172.11538696289062,89.32025146484375,1361.195068359375,0.9506351947784424,0.3044401705265045,0.06007448211312294,0.2962731719017029,-0.948029100894928,0.11603027582168579,0.09227663278579712,-0.09250400215387344,-0.9914272427558899
410,1648820657.6348839,-68.44001770019531,76.41815185546875,1241.872314453125,-0.3411341607570648,0.87468022108078,0.3443284034729004,-0.4349130094051361,-0.4715992510318756,0.7671015858650208,0.833353579044342,0.11193165928125381,0.5412883758544922
4,1648820657.6348884,153.13868713378906,-58.629905700683594,1609.425048828125,-0.003349147504195571,-0.980868935585022,-0.19464051723480225,-0.8274611830711365,0.11201269924640656,-0.5502373576164246,0.5615129470825195,0.15921464562416077,-0.8120061159133911
300,1648820657.6649783,172.11607360839844,89.3167495727539,1361.1585693359375,0.9506072402000427,0.30444779992103577,0.060476694256067276,0.296367883682251,-0.9481620192527771,0.11469485610723495,0.09226030111312866,-0.09110641479492188,-0.9915581941604614
410,1648820657.6649861,-68.43498992919922,76.41654968261719,1241.871826171875,-0.3411291539669037,0.8747318983078003,0.344201922416687,-0.43492868542671204,-0.4714875817298889,0.7671613097190857,0.8333474397659302,0.1119978055357933,0.5412842035293579
4,1648820657.664991,153.1737060546875,-58.662132263183594,1609.389892578125,-0.003045428078621626,-0.9809448719024658,-0.1942622810602188,-0.827243983745575,0.1116156056523323,-0.5506444573402405,0.5618345737457275,0.15902535617351532,-0.8118206858634949
300,1648820657.694845,172.1161651611328,89.31360626220703,1361.1566162109375,0.9506016373634338,0.30444517731666565,0.060577720403671265,0.29633793234825134,-0.9481478333473206,0.11488910019397736,0.09241406619548798,-0.09126228839159012,-0.9915295243263245
410,1648820657.694853,-68.43905639648438,76.41895294189453,1241.868408203125,-0.34112006425857544,0.8746952414512634,0.3443041741847992,-0.4349716305732727,-0.47157785296440125,0.7670814990997314,0.8333287239074707,0.1119043305516243,0.5413323044776917
4,1648820657.6948597,153.14822387695312,-58.69874954223633,1609.36083984375,-0.0030527920462191105,-0.9807369709014893,-0.19530920684337616,-0.8261541724205017,0.11251875013113022,-0.5520949363708496,0.5634358525276184,0.15967008471488953,-0.8105834126472473
300,1648820657.7241232,172.10389709472656,89.31422424316406,1361.1749267578125,0.950621485710144,0.3044542372226715,0.060219790786504745,0.2963159680366516,-0.9480712413787842,0.11557590961456299,0.09228022396564484,-0.09202485531568527,-0.991471529006958
410,1648820657.7241306,-68.44368743896484,76.4143295288086,1241.883544921875,-0.3411697745323181,0.874682605266571,0.3442870080471039,-0.43477663397789,-0.471564918756485,0.7671999931335449,0.8334101438522339,0.11205750703811646,0.5411752462387085
4,1648820657.7241354,153.12310791015625,-58.699180603027344,1609.4111328125,-0.002987135201692581,-0.9807166457176208,-0.19541209936141968,-0.8261761665344238,0.11251726001501083,-0.5520622730255127,0.5634039044380188,0.15979574620723724,-0.810580849647522
300,1648820657.7562618,172.10902404785156,89.30506134033203,1361.1412353515625,0.9506043791770935,0.30444231629371643,0.06054892763495445,0.296328067779541,-0.9481383562088013,0.11499268561601639,0.0924174040555954,-0.09137020260095596,-0.9915192723274231
410,1648820657.7562695,-68.44603729248047,76.39774322509766,1241.862548828125,-0.3411816358566284,0.8746829628944397,0.3442743718624115,-0.43471717834472656,-0.47155261039733887,0.7672412395477295,0.8334363102912903,0.11210662126541138,0.5411248207092285
4,1648820657.7562742,153.17648315429688,-58.708900451660156,1609.4713134765625,-0.002833565464243293,-0.9808083176612854,-0.1949537992477417,-0.8260269165039062,0.11217714101076126,-0.5523548126220703,0.5636236071586609,0.15947195887565613,-0.8104919195175171
300,1648820657.786349,172.11618041992188,89.31062316894531,1361.170654296875,0.9506117105484009,0.3045085370540619,0.060099318623542786,0.2964057922363281,-0.9480752348899841,0.11531229317188263,0.09209225326776505,-0.09180343151092529,-0.9915095567703247
410,1648820657.7863572,-68.4354248046875,76.4278335571289,1241.8504638671875,-0.3411051332950592,0.8746237754821777,0.34450045228004456,-0.43503743410110474,-0.47175028920173645,0.7669381499290466,0.8333005309104919,0.11173593997955322,0.541410505771637
4,1648820657.7863622,153.24761962890625,-58.726009368896484,1609.51318359375,-0.0026014966424554586,-0.9810051321983337,-0.19396443665027618,-0.8260897397994995,0.11141429096460342,-0.5524152517318726,0.5635325908660889,0.15879492461681366,-0.8106880784034729
300,1648820657.8163235,172.1140899658203,89.30036163330078,1361.1820068359375,0.9506452083587646,0.3043893277645111,0.06017283350229263,0.2963961362838745,-0.9482295513153076,0.11406159400939941,0.09177679568529129,-0.09059711545705795,-0.9916497468948364
410,1648820657.8163307,-68.43618774414062,76.39659881591797,1241.845458984375,-0.34118637442588806,0.8746150732040405,0.3444420397281647,-0.4348834455013275,-0.4717246890068054,0.7670412063598633,0.8333476185798645,0.11191186308860779,0.5413016676902771
4,1648820657.8163354,153.27586364746094,-58.77259826660156,1609.5032958984375,-0.0027139794547110796,-0.9813159704208374,-0.1923840492963791,-0.8255667090415955,0.11076146364212036,-0.5533276796340942,0.5642980337142944,0.15732413530349731,-0.8104423880577087
300,1648820657.8468874,172.11041259765625,89.31149291992188,1361.15625,0.9506784677505493,0.3043210506439209,0.059992946684360504,0.2962934374809265,-0.9481951594352722,0.11461296677589417,0.09176415950059891,-0.09118456393480301,-0.991597056388855
410,1648820657.8468952,-68.44239807128906,76.40996551513672,1241.8541259765625,-0.34113451838493347,0.8746601939201355,0.34437888860702515,-0.4348832666873932,-0.4716397523880005,0.7670935392379761,0.8333689570426941,0.11191745847463608,0.5412676930427551
4,1648820657.8468997,153.25653076171875,-58.77832794189453,1609.554931640625,-0.0028261907864362,-0.9812080264091492,-0.1929320991039276,-0.8263587951660156,0.110939621925354,-0.5521082282066345,0.563136875629425,0.15787076950073242,-0.8111434578895569
300,1648820657.8768167,172.10910034179688,89.29932403564453,1361.160400390625,0.9506242871284485,0.30445393919944763,0.06017649173736572,0.29631003737449646,-0.9480603933334351,0.11567988246679306,0.0922701507806778,-0.09213721007108688,-0.9914620518684387
410,1648820657.8768246,-68.43675994873047,76.3980484008789,1241.83251953125,-0.34117764234542847,0.874642014503479,0.34438231587409973,-0.43500539660453796,-0.47168371081352234,0.766997218132019,0.8332875370979309,0.11187414824962616,0.5414019227027893
4,1648820657.8768325,153.26133728027344,-58.82939529418945,1609.60498046875,-0.00302485772408545,-0.9813386797904968,-0.19226348400115967,-0.8260762095451355,0.11080329865217209,-0.5525583624839783,0.5635502934455872,0.15715287625789642,-0.8109956979751587
300,1648820657.9084888,172.11163330078125,89.29122924804688,1361.1495361328125,0.9505724310874939,0.3045121431350708,0.060699548572301865,0.2963794767856598,-0.9481166005134583,0.11503966152667999,0.09258121997117996,-0.09136343002319336,-0.9915046095848083
410,1648820657.9084966,-68.44397735595703,76.38899230957031,1241.8524169921875,-0.34118837118148804,0.8746788501739502,0.3442780673503876,-0.43482452630996704,-0.4715741276741028,0.7671672105789185,0.8333775401115417,0.11204798519611359,0.541227400302887
4,1648820657.9085019,153.34457397460938,-58.84850311279297,1609.629150390625,-0.0021452908404171467,-0.9812751412391663,-0.19259943068027496,-0.8264147043228149,0.11018482595682144,-0.5521757006645203,0.5630577802658081,0.15798243880271912,-0.811176598072052
300,1648820657.938462,172.11341857910156,89.29747772216797,1361.15478515625,0.9506005048751831,0.3043990731239319,0.06082670018076897,0.2963717579841614,-0.9482700228691101,0.11378832906484604,0.09231720119714737,-0.09013992547988892,-0.9916412234306335
410,1648820657.9384696,-68.4389419555664,76.40093994140625,1241.8531494140625,-0.34120646119117737,0.8746940493583679,0.3442215025424957,-0.4348255693912506,-0.47153493762016296,0.7671906352043152,0.8333696126937866,0.11209408938884735,0.5412301421165466
4,1648820657.9384742,153.33663940429688,-58.86163330078125,1609.611328125,-0.0015869926428422332,-0.9810261130332947,-0.19386912882328033,-0.826322615146637,0.11047285795211792,-0.5522560477256775,0.5631948709487915,0.15932200849056244,-0.8108193874359131
300,1648820657.968446,172.1068115234375,89.29592895507812,1361.208251953125,0.9507004022598267,0.3043668866157532,0.0594104528427124,0.29632991552352905,-0.9481012225151062,0.11529385298490524,0.09141875058412552,-0.09200481325387955,-0.9915531873703003
410,1648820657.9684544,-68.44654083251953,76.40054321289062,1241.869384765625,-0.34119346737861633,0.8747103810310364,0.3441929221153259,-0.4348134398460388,-0.47150084376335144,0.7672184705734253,0.8333812355995178,0.11211022734642029,0.5412088632583618
4,1648820657.968459,153.31036376953125,-58.87979507446289,1609.55859375,-0.0022095099557191133,-0.9812389612197876,-0.19278287887573242,-0.8267121315002441,0.11025656014680862,-0.5517160296440125,0.5626208186149597,0.15815693140029907,-0.8114457726478577
300,1648820657.9987438,172.10751342773438,89.2873306274414,1361.205078125,0.9506683945655823,0.3044344484806061,0.05957619473338127,0.2964291572570801,-0.9481322765350342,0.11478237807750702,0.09142982214689255,-0.09145985543727875,-0.9916025996208191
410,1648820657.998752,-68.44681549072266,76.38931274414062,1241.86376953125,-0.34127306938171387,0.8746963143348694,0.34414976835250854,-0.4348255693912506,-0.47150999307632446,0.7672060132026672,0.8333423137664795,0.1121816411614418,0.5412539839744568
4,1648820657.9987571,153.36305236816406,-58.95151138305664,1609.4351806640625,-0.0019880051258951426,-0.9814502000808716,-0.19170701503753662,-0.8262548446655273,0.1095997765660286,-0.5525313019752502,0.5632929801940918,0.1573004126548767,-0.8111458420753479
300,1648820658.0287848,172.104736328125,89.30078887939453,1361.1697998046875,0.9506285786628723,0.3044412434101105,0.0601734034717083,0.2963831424713135,-0.9481493234634399,0.11475992202758789,0.09199102967977524,-0.0912596806883812,-0.9915691018104553
410,1648820658.0287924,-68.45083618164062,76.4035873413086,1241.8643798828125,-0.34115922451019287,0.8747149705886841,0.3442152738571167,-0.43487292528152466,-0.4715089499950409,0.7671797871589661,0.8333642482757568,0.11204056441783905,0.5412494540214539
4,1648820658.0287974,153.3859405517578,-58.98271942138672,1609.3668212890625,-0.002512382110580802,-0.981829047203064,-0.1897508203983307,-0.8261160254478455,0.10896202176809311,-0.5528649091720581,0.5634944438934326,0.1553671807050705,-0.8113784790039062
300,1648820658.0608475,172.10873413085938,89.28601837158203,1361.131103515625,0.9505677819252014,0.304500937461853,0.060828499495983124,0.29634812474250793,-0.9481155872344971,0.11512862145900726,0.09272921830415726,-0.09141115099191666,-0.9914864301681519
410,1648820658.0608556,-68.45355987548828,76.38775634765625,1241.861083984375,-0.3412659466266632,0.8746469616889954,0.3442821800708771,-0.43493950366973877,-0.4716373682022095,0.7670631408691406,0.8332857489585876,0.11203061044216156,0.5413722991943359
4,1648820658.0608604,153.3360137939453,-59.02019119262695,1609.3543701171875,-0.002695077797397971,-0.9817528128623962,-0.19014260172843933,-0.8262589573860168,0.10929127782583237,-0.5525862574577332,0.5632840394973755,0.15561775863170624,-0.8114765882492065
300,1648820658.090717,172.10923767089844,89.28850555419922,1361.1427001953125,0.950581967830658,0.3045077323913574,0.06057243421673775,0.29632189869880676,-0.9480500221252441,0.11573455482721329,0.09266776591539383,-0.09206624329090118,-0.9914315342903137
410,1648820658.090729,-68.44662475585938,76.40522766113281,1241.87109375,-0.34123560786247253,0.874741792678833,0.3440713584423065,-0.43502557277679443,-0.4714467525482178,0.7671314477920532,0.8332532644271851,0.11209274083375931,0.5414094924926758
4,1648820658.090734,153.30307006835938,-59.006324768066406,1609.407470703125,-0.0027046173345297575,-0.9814352989196777,-0.1917743682861328,-0.8280086517333984,0.10972824692726135,-0.5498740077018738,0.5607088208198547,0.15730363130569458,-0.8129336833953857
300,1648820658.1204534,172.1104736328125,89.2954330444336,1361.165283203125,0.9505882859230042,0.3045044541358948,0.060488998889923096,0.2962895631790161,-0.9480119943618774,0.11612827330827713,0.0927058681845665,-0.09246791899204254,-0.991390585899353
410,1648820658.1204615,-68.44111633300781,76.3974380493164,1241.8677978515625,-0.34136465191841125,0.8746811151504517,0.3440975844860077,-0.4348878860473633,-0.47152477502822876,0.7671616077423096,0.8332722783088684,0.11223798990249634,0.5413501262664795
4,1648820658.120467,153.2809600830078,-59.04337692260742,1609.3382568359375,-0.0022357520647346973,-0.9810870289802551,-0.1935541331768036,-0.8279303312301636,0.11036687344312668,-0.5498640537261963,0.5608264803886414,0.15901997685432434,-0.8125184774398804
300,1648820658.1508152,172.11293029785156,89.29364013671875,1361.1314697265625,0.9505311250686646,0.30452385544776917,0.061284139752388,0.29630064964294434,-0.948093593120575,0.11543171107769012,0.09325481206178665,-0.0915629118680954,-0.9914231300354004
410,1648820658.15083,-68.45242309570312,76.39442443847656,1241.853515625,-0.34117448329925537,0.8746613264083862,0.3443363904953003,-0.4349418580532074,-0.4716331362724304,0.7670643925666809,0.8333219885826111,0.11193647980690002,0.5413359999656677
4,1648820658.1508393,153.2649383544922,-59.084415435791016,1609.276611328125,-0.002251189900562167,-0.9809025526046753,-0.19448666274547577,-0.8276975154876709,0.11096835881471634,-0.5500935316085815,0.5611699819564819,0.1597377508878708,-0.8121404051780701
300,1648820658.1801586,172.1113739013672,89.28901672363281,1361.14453125,0.9505469799041748,0.30451878905296326,0.06106320768594742,0.2963649332523346,-0.9481369853019714,0.11490917205810547,0.09288828819990158,-0.09112957119941711,-0.9914974570274353
410,1648820658.180167,-68.4538803100586,76.39740753173828,1241.8543701171875,-0.3412154018878937,0.8746293783187866,0.34437698125839233,-0.43494731187820435,-0.4716927409172058,0.7670246362686157,0.83330237865448,0.11193478852510452,0.5413665175437927
4,1648820658.180172,153.22779846191406,-59.09162902832031,1609.338134765625,-0.002815863350406289,-0.9808816313743591,-0.1945848912000656,-0.8280252814292908,0.11138848960399628,-0.5495150685310364,0.5606837272644043,0.15957383811473846,-0.8125084042549133
300,1648820658.212532,172.1149139404297,89.2814712524414,1361.1708984375,0.9505720138549805,0.30450817942619324,0.060725461691617966,0.29640471935272217,-0.9481496810913086,0.11470133811235428,0.09250432252883911,-0.09103257209062576,-0.9915422201156616
410,1648820658.2125397,-68.4544906616211,76.38472747802734,1241.8624267578125,-0.3412631154060364,0.8746865391731262,0.3441844880580902,-0.43493399024009705,-0.4715493321418762,0.767120361328125,0.8332898020744324,0.11209236830472946,0.5413532853126526
4,1648820658.2125444,153.08595275878906,-59.10756301879883,1609.3792724609375,-0.0028197914361953735,-0.9802185893058777,-0.19789797067642212,-0.8272463083267212,0.11347289383411407,-0.5502611994743347,0.5618323087692261,0.1621587574481964,-0.8112021684646606
300,1648820658.2428758,172.11416625976562,89.29753112792969,1361.150634765625,0.9505370259284973,0.3045536279678345,0.06104454770684242,0.296308308839798,-0.9480339288711548,0.11590117961168289,0.09317042678594589,-0.09208036214113235,-0.9913831353187561
410,1648820658.2428837,-68.4488754272461,76.41339111328125,1241.853515625,-0.3412300944328308,0.8746259808540344,0.3443710505962372,-0.43510064482688904,-0.4717165231704712,0.7669230699539185,0.8332163095474243,0.11186116188764572,0.5415142178535461
4,1648820658.2428885,153.0257110595703,-59.06999969482422,1609.405029296875,-0.003123420989140868,-0.9799408316612244,-0.1992640495300293,-0.8274343609809875,0.11443117260932922,-0.5497798323631287,0.5615537762641907,0.16316072642803192,-0.811194121837616
300,1648820658.2725713,172.11851501464844,89.27876281738281,1361.150634765625,0.9505342245101929,0.30451223254203796,0.061293888837099075,0.29643043875694275,-0.9482364058494568,0.1139151081442833,0.09280963987112045,-0.09011083841323853,-0.9915978908538818
410,1648820658.2725794,-68.4478759765625,76.37266540527344,1241.8375244140625,-0.341388463973999,0.8747528791427612,0.3438914120197296,-0.4348052442073822,-0.47134634852409363,0.767318069934845,0.8333056569099426,0.11242775619029999,0.5412593483924866
4,1648820658.2725842,153.06248474121094,-59.06372833251953,1609.5040283203125,-0.0035949156153947115,-0.9803967475891113,-0.19700081646442413,-0.8279169201850891,0.11340519785881042,-0.5492656826972961,0.5608392357826233,0.16112574934959412,-0.8120947480201721
300,1648820658.3043878,172.1124725341797,89.30199432373047,1361.17041015625,0.9506024718284607,0.3044746220111847,0.06041684001684189,0.29637229442596436,-0.9481244087219238,0.11499381810426712,0.09229537844657898,-0.09140752255916595,-0.9915271997451782
410,1648820658.3043957,-68.44090270996094,76.41860961914062,1241.8155517578125,-0.34130343794822693,0.8747053742408752,0.3440965414047241,-0.4351685345172882,-0.47152674198150635,0.767001211643219,0.8331508636474609,0.11204016208648682,0.541577935218811
4,1648820658.304405,153.07362365722656,-59.05357360839844,1609.42041015625,-0.003218158148229122,-0.9801972508430481,-0.19799759984016418,-0.8282187581062317,0.11357073485851288,-0.5487762689590454,0.5603956580162048,0.16221928596496582,-0.8121832013130188
300,1648820658.334443,172.10952758789062,89.28671264648438,1361.178955078125,0.9506689310073853,0.304366797208786,0.05991154536604881,0.2963789105415344,-0.9482107162475586,0.11426272243261337,0.09158655256032944,-0.09086950123310089,-0.991642415523529
410,1648820658.3344505,-68.46051025390625,76.38355255126953,1241.841552734375,-0.3412584066390991,0.8746222257614136,0.34435248374938965,-0.43492430448532104,-0.47169268131256104,0.7670376896858215,0.8332967758178711,0.11199080944061279,0.5413635969161987
4,1648820658.3344553,153.11009216308594,-59.08504104614258,1609.3358154296875,-0.0022485298104584217,-0.9799708127975464,-0.19912852346897125,-0.8279358148574829,0.11349985748529434,-0.549217700958252,0.5608183741569519,0.16363069415092468,-0.8116081357002258
300,1648820658.364888,172.107421875,89.29962921142578,1361.143798828125,0.9505994319915771,0.30444756150245667,0.060600001364946365,0.29636138677597046,-0.94817054271698,0.11464092135429382,0.09236128628253937,-0.09101809561252594,-0.9915568828582764
410,1648820658.364896,-68.45298767089844,76.41011810302734,1241.8546142578125,-0.3412121534347534,0.8746775984764099,0.344257652759552,-0.43488118052482605,-0.47157737612724304,0.7671330571174622,0.8333382606506348,0.11204394698143005,0.5412887930870056
4,1648820658.3649008,153.18218994140625,-59.09197998046875,1609.3804931640625,-0.002172542968764901,-0.9801817536354065,-0.19808846712112427,-0.8272907137870789,0.11304236948490143,-0.5502830743789673,0.5617698431015015,0.1626812368631363,-0.8111408352851868
