300,1648821143.5999892,172.33912658691406,89.01744079589844,1361.20654296875,0.9501743912696838,0.3057277202606201,0.06082142889499664,0.29767271876335144,-0.947830319404602,0.11405535042285919,0.09251827746629715,-0.09026758372783661,-0.9916108846664429
4,1648821143.5999973,166.8181610107422,-85.41980743408203,1553.17431640625,-0.14558391273021698,-0.9745463728904724,-0.17048373818397522,-0.9742445349693298,0.17121021449565887,-0.14674684405326843,0.17220015823841095,0.1447288691997528,-0.9743719100952148
410,1648821143.600002,137.31820678710938,-229.585205078125,1559.97509765625,-0.11451540142297745,0.9367720484733582,0.33067265152931213,-0.974200963973999,-0.17105644941329956,0.14721471071243286,0.19447030127048492,-0.30528324842453003,0.9321928024291992
300,1648821143.624305,172.33676147460938,89.02030944824219,1361.19287109375,0.9501528739929199,0.30578356981277466,0.06087654083967209,0.2977205812931061,-0.9478116035461426,0.1140860989689827,0.09258514642715454,-0.09027503430843353,-0.9916039705276489
4,1648821143.6243129,166.9126434326172,-85.4217529296875,1552.936767578125,-0.1452077478170395,-0.9748023152351379,-0.16933751106262207,-0.9742856025695801,0.17068226635456085,-0.14708881080150604,0.17228540778160095,0.1436246633529663,-0.9745202660560608
410,1648821143.6243184,137.5059814453125,-229.0568084716797,1559.645263671875,-0.11343620717525482,0.9364579319953918,0.33193185925483704,-0.9743615388870239,-0.17018841207027435,0.1471579372882843,0.1942981779575348,-0.3067286014556885,0.9317541122436523
300,1648821143.6568916,172.33566284179688,89.04100036621094,1361.16796875,0.9501619338989258,0.3056773543357849,0.06126676872372627,0.29761457443237305,-0.9478902816772461,0.11370838433504105,0.09283225238323212,-0.08980749547481537,-0.9916232824325562
4,1648821143.6568997,167.12416076660156,-85.4256820678711,1552.7938232421875,-0.1442713886499405,-0.9753930568695068,-0.16671566665172577,-0.9750238656997681,0.16887345910072327,-0.1442573219537735,0.16886143386363983,0.14173954725265503,-0.975395143032074
410,1648821143.6569042,137.694091796875,-228.041259765625,1559.2003173828125,-0.11310935020446777,0.9356911778450012,0.334197998046875,-0.9746578931808472,-0.16982556879520416,0.1456063836812973,0.1929979771375656,-0.309259295463562,0.9311876893043518
300,1648821143.6867707,172.33949279785156,89.02435302734375,1361.177490234375,0.9501543641090393,0.3057246804237366,0.06114805489778519,0.2976497411727905,-0.9478499889373779,0.11395187675952911,0.09279708564281464,-0.0900711715221405,-0.9916026592254639
4,1648821143.6867797,167.0272216796875,-85.42765808105469,1552.836181640625,-0.14518456161022186,-0.9753028154373169,-0.1664506047964096,-0.9748282432556152,0.16977806389331818,-0.14451740682125092,0.16920790076255798,0.14127905666828156,-0.9754019379615784
410,1648821143.6867845,137.6979217529297,-226.76919555664062,1558.945556640625,-0.11169583350419998,0.935080349445343,0.33637601137161255,-0.9749215841293335,-0.16867826879024506,0.14517401158809662,0.1924886852502823,-0.3117249011993408,0.9304707050323486
300,1648821143.7162542,172.33802795410156,89.03799438476562,1361.1796875,0.9501287341117859,0.3057282269001007,0.06152741611003876,0.2976435124874115,-0.9478834271430969,0.11368992179632187,0.09307903051376343,-0.08970683068037033,-0.9916092753410339
4,1648821143.7162626,166.82086181640625,-85.40019226074219,1553.0361328125,-0.1464303731918335,-0.9748090505599976,-0.1682421714067459,-0.9741573929786682,0.1716672033071518,-0.1467914879322052,0.17197532951831818,0.1423996239900589,-0.9747547507286072
410,1648821143.7162678,137.7934112548828,-225.32383728027344,1558.9307861328125,-0.11040303856134415,0.9350296258926392,0.33694329857826233,-0.9751010537147522,-0.16750426590442657,0.145328089594841,0.19232551753520966,-0.31250908970832825,0.9302413463592529
300,1648821143.7465346,172.3338623046875,89.03390502929688,1361.1807861328125,0.9501707553863525,0.3056800961494446,0.06111665815114975,0.2976059913635254,-0.9478610157966614,0.11397459357976913,0.09276986122131348,-0.09010664373636246,-0.9916020035743713
4,1648821143.746543,166.82521057128906,-85.42279815673828,1553.24560546875,-0.14616510272026062,-0.9748146533966064,-0.16844019293785095,-0.973979115486145,0.17161773145198822,-0.14802716672420502,0.1732063740491867,0.14242082834243774,-0.9745336771011353
410,1648821143.7465477,138.11697387695312,-223.99755859375,1559.0648193359375,-0.11005086451768875,0.9356417655944824,0.3353554606437683,-0.9747934937477112,-0.16748644411563873,0.14739714562892914,0.19407841563224792,-0.31068113446235657,0.9304895401000977
300,1648821143.7760363,172.3384552001953,89.02112579345703,1361.1876220703125,0.9501351118087769,0.30575740337371826,0.06128332391381264,0.2977137863636017,-0.9478858113288879,0.11348548531532288,0.09278862178325653,-0.08958166092634201,-0.9916478395462036
4,1648821143.7760448,166.75991821289062,-85.42339324951172,1553.387451171875,-0.14631257951259613,-0.9743859171867371,-0.17077675461769104,-0.9737821221351624,0.17226186394691467,-0.1485738456249237,0.1741865873336792,0.14456112682819366,-0.9740436673164368
410,1648821143.7760496,138.39471435546875,-222.6021728515625,1559.2147216796875,-0.10939545929431915,0.9358830451965332,0.33489638566970825,-0.9746171832084656,-0.1671990156173706,0.1488819569349289,0.1953304409980774,-0.3101087808609009,0.9304184913635254
300,1648821143.8081374,172.3326416015625,89.03257751464844,1361.2261962890625,0.9501736164093018,0.30575916171073914,0.06067482754588127,0.2976783812046051,-0.947778046131134,0.1144740954041481,0.09250777214765549,-0.09070868045091629,-0.9915716052055359
4,1648821143.808145,166.6706085205078,-85.41239166259766,1553.474853515625,-0.14632734656333923,-0.9738547205924988,-0.17376799881458282,-0.9735044836997986,0.17296381294727325,-0.14957472681999207,0.17571961879730225,0.14727705717086792,-0.9733612537384033
410,1648821143.80815,138.54656982421875,-220.99673461914062,1559.1695556640625,-0.10898641496896744,0.9360308051109314,0.33461663126945496,-0.9743411540985107,-0.1672799438238144,0.15058796107769012,0.19692961871623993,-0.3096187114715576,0.9302445650100708
300,1648821143.8387663,172.33303833007812,89.02080535888672,1361.2266845703125,0.9502119421958923,0.3057572543621063,0.060081467032432556,0.29772788286209106,-0.9477589130401611,0.11450386047363281,0.09195312857627869,-0.0909150093793869,-0.9916042685508728
4,1648821143.8387737,166.58059692382812,-85.392822265625,1553.47509765625,-0.14671950042247772,-0.9736940264701843,-0.17433682084083557,-0.9734160900115967,0.17345884442329407,-0.1495765894651413,0.17588208615779877,0.14775647222995758,-0.9732592105865479
410,1648821143.8387792,138.64385986328125,-219.44175720214844,1558.8782958984375,-0.10873017460107803,0.9351586103439331,0.3371292054653168,-0.9742389917373657,-0.16765111684799194,0.15083596110343933,0.1975756287574768,-0.3120439946651459,0.9292967319488525
300,1648821143.8683329,172.33013916015625,89.03364562988281,1361.2218017578125,0.9502262473106384,0.30570003390312195,0.06014648452401161,0.29766950011253357,-0.9477832913398743,0.11445412784814835,0.09199446439743042,-0.09085354208946228,-0.9916061162948608
4,1648821143.868341,166.5741729736328,-85.3834457397461,1553.38232421875,-0.14606311917304993,-0.9731920957565308,-0.1776590794324875,-0.9734333753585815,0.17339745163917542,-0.1495353877544403,0.1763322800397873,0.15109767019748688,-0.9726645946502686
410,1648821143.8683457,138.738037109375,-218.09205627441406,1558.59130859375,-0.10946609079837799,0.9346152544021606,0.33839544653892517,-0.9742235541343689,-0.1684366911649704,0.150058314204216,0.19724500179290771,-0.3132465183734894,0.9289623498916626
300,1648821143.8985686,172.33445739746094,89.02214813232422,1361.1654052734375,0.9501673579216003,0.30571141839027405,0.06101222336292267,0.2976953089237213,-0.9478954076766968,0.11345405131578445,0.09251740574836731,-0.08963728696107864,-0.9916681051254272
4,1648821143.8985767,166.6094512939453,-85.39256286621094,1553.398681640625,-0.14577288925647736,-0.9733216166496277,-0.17718718945980072,-0.9737964272499084,0.17276687920093536,-0.1478922814130783,0.1745588332414627,0.15098555386066437,-0.9730018377304077
410,1648821143.898582,138.79055786132812,-216.9058074951172,1558.2867431640625,-0.11036698520183563,0.9335695505142212,0.3409794867038727,-0.9742975831031799,-0.1694106161594391,0.14847318828105927,0.19637559354305267,-0.31582894921302795,0.9282718896865845
300,1648821143.928987,172.33665466308594,89.03092193603516,1361.19189453125,0.9501314163208008,0.3057625889778137,0.06131459027528763,0.29764649271965027,-0.9478176236152649,0.11422913521528244,0.0930420458316803,-0.0902826189994812,-0.9915605187416077
4,1648821143.9289954,166.5559539794922,-85.37203216552734,1553.443603515625,-0.14566506445407867,-0.9728110432624817,-0.18005652725696564,-0.9740997552871704,0.17284242808818817,-0.14579157531261444,0.17294907569885254,0.15415628254413605,-0.9727920889854431
410,1648821143.9290001,138.72364807128906,-215.92764282226562,1558.0714111328125,-0.11108772456645966,0.9327417612075806,0.34300488233566284,-0.9744469523429871,-0.1700296849012375,0.14677543938159943,0.1952245831489563,-0.31793510913848877,0.9277955889701843
300,1648821143.9605007,172.3293914794922,89.02696228027344,1361.2401123046875,0.9502187967300415,0.3057357966899872,0.060082364827394485,0.2976795434951782,-0.9477390646934509,0.11479354649782181,0.09203889966011047,-0.09119369089603424,-0.991570770740509
4,1648821143.9605086,166.42713928222656,-85.36246490478516,1553.43603515625,-0.14612343907356262,-0.972587525844574,-0.18089061975479126,-0.9736809730529785,0.17372632026672363,-0.14752809703350067,0.17490944266319275,0.15457244217395782,-0.9723754525184631
410,1648821143.9605134,138.6036834716797,-215.3307647705078,1558.0343017578125,-0.1116502434015274,0.9319664835929871,0.3449241816997528,-0.9745337963104248,-0.17060817778110504,0.1455223113298416,0.19446879625320435,-0.31989267468452454,0.9272812604904175
300,1648821143.990776,172.3309326171875,89.00867462158203,1361.2227783203125,0.9502279758453369,0.3057132363319397,0.060051776468753815,0.2977178990840912,-0.9478026628494263,0.11416730284690857,0.09181968867778778,-0.09060647338628769,-0.9916449189186096
4,1648821143.990784,166.2290802001953,-85.3457260131836,1553.4951171875,-0.14717863500118256,-0.971820056438446,-0.18413116037845612,-0.9734076857566833,0.17534922063350677,-0.14741159975528717,0.17554479837417603,0.15753884613513947,-0.9717847108840942
410,1648821143.9907892,138.44317626953125,-215.28762817382812,1558.0863037109375,-0.11139144748449326,0.9321840405464172,0.34441956877708435,-0.974307656288147,-0.17070646584033966,0.14691472053527832,0.19574621319770813,-0.3192055821418762,0.9272492527961731
300,1648821144.0208614,172.33897399902344,89.01666259765625,1361.1986083984375,0.950147271156311,0.30572277307510376,0.061268240213394165,0.2976202070713043,-0.947837769985199,0.1141306459903717,0.09296469390392303,-0.09020625799894333,-0.9915747046470642
4,1648821144.0208697,165.78411865234375,-85.259521484375,1553.5318603515625,-0.15037409961223602,-0.9710538983345032,-0.18558542430400848,-0.9730480909347534,0.17856934666633606,-0.14591246843338013,0.17482873797416687,0.15864208340644836,-0.971734344959259
410,1648821144.020875,138.15530395507812,-215.439208984375,1558.1007080078125,-0.10972896218299866,0.9329193830490112,0.34295910596847534,-0.9743521213531494,-0.16915810108184814,0.14840321242809296,0.19646254181861877,-0.317878782749176,0.9275535345077515
300,1648821144.0501022,172.3316650390625,89.00277709960938,1361.2203369140625,0.9502485394477844,0.3056264817714691,0.06016775593161583,0.29764100909233093,-0.9478530883789062,0.11394912004470825,0.09185606241226196,-0.09037159383296967,-0.9916629791259766
4,1648821144.05011,165.7259521484375,-85.24173736572266,1553.3551025390625,-0.1507091373205185,-0.9701508283615112,-0.18998445570468903,-0.9731360673904419,0.1794246882200241,-0.14426718652248383,0.17404882609844208,0.16313832998275757,-0.9711297154426575
410,1648821144.0501156,137.9131317138672,-216.2747039794922,1558.2193603515625,-0.11021851003170013,0.932429850101471,0.3441314995288849,-0.9742869734764099,-0.169817253947258,0.14807775616645813,0.19651158154010773,-0.3189619183540344,0.9271712303161621
300,1648821144.0805252,172.32582092285156,89.01171112060547,1361.1575927734375,0.9501389861106873,0.3057735562324524,0.06114257127046585,0.29768311977386475,-0.9478191137313843,0.1141214370727539,0.09284741431474686,-0.09023011475801468,-0.991583526134491
4,1648821144.0805328,165.6778106689453,-85.2373046875,1553.3758544921875,-0.15102067589759827,-0.9706540703773499,-0.1871454417705536,-0.9731571078300476,0.17924177646636963,-0.144352525472641,0.17366065084934235,0.1603216975927353,-0.9716681241989136
410,1648821144.0805376,137.6176300048828,-217.66477966308594,1558.4931640625,-0.11104001104831696,0.9321233630180359,0.3446972370147705,-0.9743759036064148,-0.17037637531757355,0.14684505760669708,0.19560596346855164,-0.3195590078830719,0.9271571040153503
300,1648821144.1120543,172.33486938476562,88.99992370605469,1361.1798095703125,0.9501943588256836,0.3056887090206146,0.060704637318849564,0.29764944314956665,-0.9478440880775452,0.11400153487920761,0.09238751232624054,-0.09025491029024124,-0.9916242361068726
4,1648821144.1120625,165.6776885986328,-85.23661804199219,1553.33837890625,-0.1505347639322281,-0.9702621102333069,-0.18955406546592712,-0.9732901453971863,0.17907153069972992,-0.14366520941257477,0.17333664000034332,0.16286449134349823,-0.9713030457496643
410,1648821144.112068,137.30105590820312,-219.96961975097656,1558.945068359375,-0.11090648174285889,0.9313538074493408,0.34681379795074463,-0.9746221899986267,-0.1702037900686264,0.14540375769138336,0.19445137679576874,-0.32188621163368225,0.9265947937965393
300,1648821144.1428475,172.3372344970703,88.99156951904297,1361.1944580078125,0.950201153755188,0.3057319223880768,0.060380104929208755,0.2976982891559601,-0.9477980136871338,0.11425696313381195,0.09216014295816422,-0.09059204161167145,-0.9916146397590637
4,1648821144.1428554,165.80081176757812,-85.25473022460938,1553.20654296875,-0.1500721573829651,-0.9709513187408447,-0.18636482954025269,-0.9735791683197021,0.1779458224773407,-0.14310428500175476,0.17211014032363892,0.15996494889259338,-0.9720027446746826
410,1648821144.14286,137.0366973876953,-222.66250610351562,1559.3013916015625,-0.11136846244335175,0.9316783547401428,0.3457925021648407,-0.974496066570282,-0.17059622704982758,0.14578886330127716,0.19481922686100006,-0.32073715329170227,0.9269159436225891
300,1648821144.1723382,172.33425903320312,89.0024185180664,1361.17822265625,0.9501911401748657,0.30568233132362366,0.060787469148635864,0.29766130447387695,-0.947873592376709,0.11372534930706024,0.09238266199827194,-0.08996673673391342,-0.9916508793830872
4,1648821144.172346,165.90660095214844,-85.26873016357422,1553.06298828125,-0.14905491471290588,-0.9709280729293823,-0.18730005621910095,-0.9738262891769409,0.17700615525245667,-0.1425875723361969,0.17159554362297058,0.16114433109760284,-0.9718989133834839
410,1648821144.1723518,136.80921936035156,-225.57652282714844,1559.6318359375,-0.11200325936079025,0.9318743348121643,0.3450586497783661,-0.9744458794593811,-0.1710364818572998,0.14560829102993011,0.1947062462568283,-0.31993237137794495,0.9272177219390869
300,1648821144.204706,172.33639526367188,88.9771499633789,1361.1932373046875,0.9501538872718811,0.3058120310306549,0.06071695685386658,0.2976793944835663,-0.947715699672699,0.11498653143644333,0.09270668029785156,-0.0911807119846344,-0.991509735584259
4,1648821144.2047138,166.0019989013672,-85.3131103515625,1553.10400390625,-0.14774082601070404,-0.9707741141319275,-0.18913018703460693,-0.9739507436752319,0.17606505751609802,-0.14290212094783783,0.1720248907804489,0.1630910038948059,-0.9714981913566589
410,1648821144.2047195,136.46336364746094,-228.5136260986328,1559.9185791015625,-0.11337843537330627,0.9327142238616943,0.3423294723033905,-0.974734902381897,-0.17115959525108337,0.1435140073299408,0.19245052337646484,-0.31740909814834595,0.9285549521446228
300,1648821144.2343001,172.33953857421875,88.97176361083984,1361.157958984375,0.9501115083694458,0.30579379200935364,0.06146810203790665,0.2977345287799835,-0.9478806853294373,0.11347401887178421,0.09296407550573349,-0.08951179683208466,-0.9916377067565918
4,1648821144.234308,166.00733947753906,-85.30591583251953,1553.129638671875,-0.1483326256275177,-0.9709078669548035,-0.18797698616981506,-0.974011242389679,0.17633043229579926,-0.1421608030796051,0.17117111384868622,0.16200460493564606,-0.9718307256698608
410,1648821144.234313,136.1760711669922,-230.58627319335938,1560.02685546875,-0.11358551681041718,0.9326046705245972,0.34255921840667725,-0.9749265313148499,-0.171031191945076,0.1423606425523758,0.19135451316833496,-0.31779995560646057,0.9286477565765381
300,1648821144.2640972,172.33909606933594,88.96974182128906,1361.2257080078125,0.9501760601997375,0.30576226115226746,0.06062046065926552,0.2977088391780853,-0.9477974772453308,0.11423374712467194,0.09238429367542267,-0.09049493074417114,-0.9916026592254639
4,1648821144.2641056,166.03860473632812,-85.32711791992188,1553.18603515625,-0.14821849763393402,-0.9711505174636841,-0.1868099868297577,-0.9739116430282593,0.17615774273872375,-0.1430543065071106,0.1718352884054184,0.16073311865329742,-0.9719246625900269
410,1648821144.2641106,136.1779022216797,-231.79660034179688,1560.19140625,-0.1137257069349289,0.9335554838180542,0.3399127423763275,-0.97515869140625,-0.17034710943698883,0.14158888161182404,0.19008421897888184,-0.31536656618118286,0.9297375679016113
300,1648821144.2946458,172.33511352539062,88.97541046142578,1361.2078857421875,0.9501945376396179,0.3057260513305664,0.06051429361104965,0.2976053059101105,-0.9477300047874451,0.11506050825119019,0.09252820163965225,-0.09132048487663269,-0.9915135502815247
4,1648821144.294654,166.18910217285156,-85.33740997314453,1553.1614990234375,-0.14768995344638824,-0.9717927575111389,-0.18386559188365936,-0.9741694927215576,0.17504382133483887,-0.14266544580459595,0.1708257794380188,0.15804600715637207,-0.9725430607795715
410,1648821144.2946591,136.49334716796875,-232.0553436279297,1560.2264404296875,-0.11361195892095566,0.9345884323120117,0.3371005058288574,-0.9748948216438293,-0.17026734352111816,0.14348891377449036,0.19150029122829437,-0.3123354911804199,0.9304698705673218
300,1648821144.3243291,172.3325958251953,88.97537994384766,1361.181396484375,0.9501329660415649,0.3058692216873169,0.060756977647542953,0.29773595929145813,-0.9477020502090454,0.11495263129472733,0.09273999184370041,-0.09113074839115143,-0.9915112257003784
4,1648821144.3243387,166.4379119873047,-85.36640930175781,1553.083740234375,-0.14594954252243042,-0.9725416302680969,-0.18127752840518951,-0.974572479724884,0.17283537983894348,-0.14260558784008026,0.17002104222774506,0.15585488080978394,-0.9730375409126282
410,1648821144.3243442,136.88778686523438,-231.71568298339844,1560.3648681640625,-0.11391336470842361,0.935415506362915,0.33469629287719727,-0.9743027091026306,-0.17107418179512024,0.14651893079280853,0.19431397318840027,-0.30940505862236023,0.9308655261993408
300,1648821144.3563054,172.3360137939453,88.96134185791016,1361.15771484375,0.950127899646759,0.3058118224143982,0.061123963445425034,0.2977732717990875,-0.9478553533554077,0.11358378082513809,0.0926719382405281,-0.0897180363535881,-0.991646409034729
4,1648821144.3563128,166.53515625,-85.40177154541016,1553.1566162109375,-0.14500956237316132,-0.9725365042686462,-0.18205760419368744,-0.974574625492096,0.1721590757369995,-0.14340707659721375,0.1708114892244339,0.15663331747055054,-0.972774088382721
410,1648821144.3563175,137.39219665527344,-230.55010986328125,1560.436279296875,-0.1123557910323143,0.9359284043312073,0.3337877094745636,-0.974164605140686,-0.16997726261615753,0.1486978381872177,0.1959068477153778,-0.3084571063518524,0.9308462142944336
300,1648821144.3864481,172.33851623535156,88.96266174316406,1361.197265625,0.9501550197601318,0.30573758482933044,0.06107369810342789,0.29773542284965515,-0.9479078650474548,0.11324436962604523,0.09251529723405838,-0.08941590040922165,-0.9916883111000061
4,1648821144.386456,166.71029663085938,-85.44641876220703,1553.3365478515625,-0.14367415010929108,-0.9728676080703735,-0.1813461035490036,-0.9747942686080933,0.1707303375005722,-0.14362190663814545,0.17068637907505035,0.15614038705825806,-0.9728752970695496
410,1648821144.386461,137.8795166015625,-229.16415405273438,1560.60546875,-0.11110015213489532,0.935263991355896,0.33606255054473877,-0.9740543961524963,-0.16956546902656555,0.14988544583320618,0.1971670538187027,-0.31069090962409973,0.9298366904258728
300,1648821144.4168673,172.3397979736328,88.95457458496094,1361.21484375,0.950173556804657,0.30572086572647095,0.06086789071559906,0.2976728677749634,-0.9478446841239929,0.11393550038337708,0.09252576529979706,-0.09013978391885757,-0.9916217923164368
4,1648821144.4168756,166.7971954345703,-85.47209167480469,1553.369873046875,-0.1428041160106659,-0.9726848602294922,-0.18300595879554749,-0.9747428894042969,0.1702912598848343,-0.14448945224285126,0.17170701920986176,0.15775007009506226,-0.9724358916282654
410,1648821144.416881,138.28590393066406,-227.65806579589844,1560.7288818359375,-0.10960395634174347,0.934699535369873,0.3381179869174957,-0.9735408425331116,-0.16957001388072968,0.15318052470684052,0.20051243901252747,-0.31238245964050293,0.9285537004470825
300,1648821144.4462936,172.3450164794922,88.95482635498047,1361.1976318359375,0.95013427734375,0.30577439069747925,0.06121160462498665,0.29775485396385193,-0.9478955268859863,0.11329685151576996,0.09266547858715057,-0.08942116796970367,-0.9916738271713257
4,1648821144.4463012,166.75794982910156,-85.4671859741211,1553.316650390625,-0.1427665501832962,-0.972502589225769,-0.18400120735168457,-0.9745009541511536,0.17063003778457642,-0.1457165628671646,0.1731058657169342,0.1585058867931366,-0.9720649123191833
410,1648821144.446306,138.51470947265625,-226.22689819335938,1560.8955078125,-0.10841166228055954,0.9346504807472229,0.3386376202106476,-0.9730116128921509,-0.16956709325313568,0.15650992095470428,0.2037038654088974,-0.31253084540367126,0.9278088212013245
300,1648821144.476894,172.33644104003906,88.94682312011719,1361.2054443359375,0.9501772522926331,0.30581867694854736,0.060316987335681915,0.2978680729866028,-0.9478450417518616,0.11342138051986694,0.09185753762722015,-0.08980391174554825,-0.9917144179344177
4,1648821144.4769025,166.76841735839844,-85.48188018798828,1553.38232421875,-0.1423421949148178,-0.9723820090293884,-0.18496476113796234,-0.9743441343307495,0.17056132853031158,-0.1468413919210434,0.17433376610279083,0.15931759774684906,-0.9717127084732056
410,1648821144.4769087,138.6352081298828,-225.06459045410156,1561.1041259765625,-0.10875174403190613,0.9343863725662231,0.33925676345825195,-0.9725477695465088,-0.17063918709754944,0.1582183986902237,0.20572762191295624,-0.3127368986606598,0.9272927045822144
300,1648821144.5082006,172.34034729003906,88.96099090576172,1361.1885986328125,0.9501625299453735,0.30572256445884705,0.061031777411699295,0.2977086901664734,-0.9478963613510132,0.11341100931167603,0.09252410382032394,-0.0895892009139061,-0.9916718602180481
4,1648821144.508208,166.6909637451172,-85.48432159423828,1553.66552734375,-0.1426679939031601,-0.9720921516418457,-0.18623296916484833,-0.9740614891052246,0.17128580808639526,-0.14786960184574127,0.17564193904399872,0.16030609607696533,-0.9713144898414612
410,1648821144.508213,138.58355712890625,-224.23960876464844,1561.3704833984375,-0.10941581428050995,0.9341586232185364,0.3396701514720917,-0.9723672866821289,-0.1714899241924286,0.15840792655944824,0.2062281370162964,-0.31295180320739746,0.9271090030670166
300,1648821144.538399,172.33956909179688,88.94390869140625,1361.19482421875,0.9501696825027466,0.30576595664024353,0.060702309012413025,0.29770565032958984,-0.9477992653846741,0.11422715336084366,0.09246037900447845,-0.09046375751495361,-0.9915984272956848
4,1648821144.5384066,166.55224609375,-85.49413299560547,1553.9951171875,-0.14351381361484528,-0.9719300270080566,-0.18642914295196533,-0.9736132621765137,0.17243421077728271,-0.14947782456874847,0.17742875218391418,0.16005775332450867,-0.9710306525230408
410,1648821144.5384119,138.4308624267578,-223.92477416992188,1561.6365966796875,-0.10985841602087021,0.9339495897293091,0.3401019275188446,-0.9725493788719177,-0.17162252962589264,0.1571412980556488,0.20513120293617249,-0.31350263953208923,0.9271662831306458
300,1648821144.5688894,172.3374786376953,88.93202209472656,1361.1922607421875,0.9501873850822449,0.30572977662086487,0.06060759350657463,0.2977638840675354,-0.9478915333747864,0.1133061870932579,0.09209050238132477,-0.0896153599023819,-0.99170982837677
4,1648821144.568897,166.26429748535156,-85.47677612304688,1554.1705322265625,-0.14502780139446259,-0.9709519743919373,-0.19031347334384918,-0.9731006622314453,0.1747698336839676,-0.15010210871696472,0.17900298535823822,0.16342519223690033,-0.9701804518699646
410,1648821144.5689025,138.26673889160156,-223.88922119140625,1561.724609375,-0.10895271599292755,0.934450626373291,0.33901530504226685,-0.9729819297790527,-0.17008820176124573,0.1561286300420761,0.20355698466300964,-0.3128451406955719,0.9277351498603821
300,1648821144.5982304,172.33804321289062,88.9349136352539,1361.198486328125,0.9501521587371826,0.3058076500892639,0.06076610088348389,0.29773256182670593,-0.9477793574333191,0.1143224909901619,0.09255354851484299,-0.09053172171115875,-0.991583526134491
4,1648821144.5982387,166.18630981445312,-85.46595001220703,1554.22412109375,-0.14549265801906586,-0.9707517027854919,-0.19097907841205597,-0.9730629920959473,0.17529629170894623,-0.1497317999601364,0.1788303256034851,0.16404978930950165,-0.9701068997383118
410,1648821144.5982442,138.15272521972656,-224.1807861328125,1561.66162109375,-0.1093296930193901,0.9344469904899597,0.33890390396118164,-0.973007082939148,-0.17031791806221008,0.15572114288806915,0.20323456823825836,-0.31273093819618225,0.9278442859649658
300,1648821144.628762,172.33651733398438,88.94947814941406,1361.18359375,0.950143039226532,0.3057924211025238,0.060985017567873,0.29775065183639526,-0.9478421211242676,0.1137533113360405,0.09258907288312912,-0.08992359042167664,-0.9916355013847351
4,1648821144.62877,166.14962768554688,-85.46007537841797,1554.14892578125,-0.14516359567642212,-0.9703380465507507,-0.1933175027370453,-0.9730837941169739,0.17536257207393646,-0.1495189219713211,0.17898455262184143,0.1664094179868698,-0.9696764349937439
410,1648821144.628775,138.0993194580078,-224.7837371826172,1561.621337890625,-0.10974898934364319,0.9346699118614197,0.33815282583236694,-0.9730836153030396,-0.17039404809474945,0.1551583707332611,0.2026410847902298,-0.31202250719070435,0.928212583065033
300,1648821144.6604724,172.34100341796875,88.9333267211914,1361.1834716796875,0.9501127600669861,0.3058593273162842,0.06112116947770119,0.29777124524116516,-0.9477922320365906,0.11411479860544205,0.0928332507610321,-0.09022179991006851,-0.9915856122970581
4,1648821144.6604805,166.16554260253906,-85.45819091796875,1554.0438232421875,-0.14447534084320068,-0.9702576398849487,-0.19423438608646393,-0.9734428524971008,0.17459267377853394,-0.14807571470737457,0.1775835007429123,0.16768279671669006,-0.9697147011756897
410,1648821144.6604893,138.15052795410156,-225.74473571777344,1561.6080322265625,-0.1095239520072937,0.9349292516708374,0.33750826120376587,-0.9729848504066467,-0.1702672243118286,0.15591517090797424,0.20323623716831207,-0.3113139867782593,0.9283203482627869
300,1648821144.6901035,172.3380126953125,88.94412994384766,1361.1859130859375,0.9501544237136841,0.3058198392391205,0.06066945940256119,0.2977449893951416,-0.9477643966674805,0.11441394686698914,0.09249040484428406,-0.090646892786026,-0.9915788769721985
4,1648821144.6901116,166.26174926757812,-85.46248626708984,1553.876708984375,-0.1435045301914215,-0.9702603220939636,-0.19493940472602844,-0.9735680222511292,0.17377273738384247,-0.14821718633174896,0.17768441140651703,0.16851693391799927,-0.9695516228675842
410,1648821144.6901171,138.26023864746094,-226.8478240966797,1561.640625,-0.10937821120023727,0.9351887106895447,0.3368360698223114,-0.9731459617614746,-0.16979728639125824,0.1554214209318161,0.20254220068454742,-0.3107909560203552,0.9286472201347351
300,1648821144.7201388,172.34530639648438,88.92227935791016,1361.1788330078125,0.9501497149467468,0.3058273196220398,0.06070577725768089,0.29786938428878784,-0.9478803277015686,0.11312238872051239,0.09213772416114807,-0.08940081298351288,-0.9917248487472534
4,1648821144.720146,166.42953491210938,-85.50669860839844,1553.9222412109375,-0.1420629620552063,-0.9702722430229187,-0.1959335207939148,-0.9739611148834229,0.17234748601913452,-0.1472957581281662,0.176685631275177,0.1699063628911972,-0.9694916009902954
410,1648821144.720151,138.33306884765625,-227.77015686035156,1561.5919189453125,-0.1099538803100586,0.9354748725891113,0.3358525335788727,-0.9733004570007324,-0.16983547806739807,0.15440905094146729,0.20148545503616333,-0.3099075257778168,0.929172158241272
300,1648821144.7501204,172.3392791748047,88.9382553100586,1361.2081298828125,0.9501665830612183,0.30577102303504944,0.06072515621781349,0.2977222800254822,-0.9478116631507874,0.11408115178346634,0.0924387276172638,-0.09031686931848526,-0.9916138052940369
4,1648821144.750128,166.38113403320312,-85.5216293334961,1554.1492919921875,-0.14233434200286865,-0.9703588485717773,-0.19530647993087769,-0.9732488989830017,0.1731528490781784,-0.15101219713687897,0.18035389482975006,0.1685875952243805,-0.9690462946891785
410,1648821144.7501333,138.2607421875,-228.2528839111328,1561.62744140625,-0.10959875583648682,0.9351524710655212,0.3368649184703827,-0.9739509224891663,-0.16872072219848633,0.15150226652622223,0.19851380586624146,-0.3114854395389557,0.9292841553688049
300,1648821144.780613,172.33787536621094,88.92344665527344,1361.1783447265625,0.9501168727874756,0.30585789680480957,0.06106406822800636,0.29787278175354004,-0.9478858113288879,0.11306781321763992,0.09246444702148438,-0.08923831582069397,-0.9917090535163879
4,1648821144.7806206,166.35931396484375,-85.55216979980469,1554.5140380859375,-0.1428735852241516,-0.9705837965011597,-0.19378900527954102,-0.9728837609291077,0.17370487749576569,-0.15272149443626404,0.18189111351966858,0.16671431064605713,-0.9690830707550049
410,1648821144.7806253,138.26028442382812,-228.42120361328125,1561.9434814453125,-0.10957985371351242,0.9361015558242798,0.334224671125412,-0.974001944065094,-0.16819868981838226,0.15175436437129974,0.1982736438512802,-0.3089062571525574,0.9301959276199341
300,1648821144.812157,172.33558654785156,88.9414291381836,1361.1993408203125,0.950147271156311,0.30579060316085815,0.060928184539079666,0.2977430522441864,-0.9478304982185364,0.11387021094560623,0.09257002919912338,-0.090052530169487,-0.9916256070137024
4,1648821144.8121643,166.48556518554688,-85.6123275756836,1554.93115234375,-0.14218555390834808,-0.9710659384727478,-0.19187022745609283,-0.9722874164581299,0.1733575016260147,-0.15685775876045227,0.18558137118816376,0.16425010561943054,-0.968804121017456
410,1648821144.8121696,138.45120239257812,-228.4147491455078,1562.618896484375,-0.1100178062915802,0.9367590546607971,0.33223262429237366,-0.9736557006835938,-0.16874326765537262,0.1533634215593338,0.19972659647464752,-0.3066074848175049,0.9306455254554749
300,1648821144.8420825,172.33578491210938,88.95157623291016,1361.1900634765625,0.9501212239265442,0.3058278560638428,0.06114702671766281,0.29774346947669983,-0.9478086233139038,0.11405099183320999,0.09283564984798431,-0.09015613794326782,-0.9915913343429565
4,1648821144.8420901,166.53346252441406,-85.67558288574219,1555.6759033203125,-0.14194445312023163,-0.971346378326416,-0.1906251162290573,-0.9709976315498352,0.17406053841114044,-0.16390995681285858,0.19239366054534912,0.16183042526245117,-0.9678820371627808
410,1648821144.842095,138.7093505859375,-228.310302734375,1563.7862548828125,-0.10995647311210632,0.938106894493103,0.32842817902565,-0.9732654690742493,-0.16866089403629303,0.15590955317020416,0.20165280997753143,-0.3025045394897461,0.9315723776817322
300,1648821144.872285,172.34059143066406,88.92529296875,1361.185791015625,0.9501375555992126,0.30580222606658936,0.061021219938993454,0.29781606793403625,-0.94789719581604,0.11312170326709747,0.09243471175432205,-0.08930808305740356,-0.9917055368423462
4,1648821144.872297,166.4911346435547,-85.73939514160156,1556.481201171875,-0.1419190615415573,-0.9709967374801636,-0.19241702556610107,-0.969870388507843,0.1752830594778061,-0.16919593513011932,0.19801615178585052,0.16260746121406555,-0.9666169881820679
410,1648821144.8723018,139.04222106933594,-228.35308837890625,1565.2694091796875,-0.10913334786891937,0.9399153590202332,0.32349497079849243,-0.9723266363143921,-0.16856922209262848,0.16175690293312073,0.20656909048557281,-0.2968897223472595,0.9323012828826904
300,1648821144.904418,172.33816528320312,88.9335708618164,1361.181396484375,0.9501665234565735,0.305796355009079,0.060598064213991165,0.29776856303215027,-0.9478093981742859,0.11397915333509445,0.09228982776403427,-0.09025497734546661,-0.9916332960128784
4,1648821144.9044254,166.55650329589844,-85.80180358886719,1557.1925048828125,-0.14120206236839294,-0.9708694219589233,-0.19358353316783905,-0.9688219428062439,0.17572861909866333,-0.17465266585350037,0.20358309149742126,0.16288664937019348,-0.9654127955436707
410,1648821144.9044309,139.53436279296875,-228.46629333496094,1566.9774169921875,-0.10860361158847809,0.9417815804481506,0.3182023763656616,-0.9710010886192322,-0.16908107697963715,0.16902199387550354,0.21298380196094513,-0.2906184792518616,0.932833731174469
300,1648821144.934807,172.34176635742188,88.93407440185547,1361.181396484375,0.9501848816871643,0.305756539106369,0.06051138788461685,0.2977771759033203,-0.9478589296340942,0.11354401707649231,0.09207308292388916,-0.08986889570951462,-0.9916885495185852
4,1648821144.9348152,166.58767700195312,-85.83464813232422,1557.705322265625,-0.141096830368042,-0.9711911082267761,-0.19204027950763702,-0.9680188298225403,0.17598998546600342,-0.1787933111190796,0.20743964612483978,0.1606714427471161,-0.9649629592895508
410,1648821144.93482,139.822265625,-228.5879669189453,1568.31201171875,-0.10753263533115387,0.9428331851959229,0.3154398202896118,-0.9694516658782959,-0.16979169845581055,0.17701493203639984,0.2204546183347702,-0.28676876425743103,0.9322893619537354
300,1648821144.964476,172.33924865722656,88.92515563964844,1361.1470947265625,0.9501078128814697,0.3058559000492096,0.06121569499373436,0.2977800965309143,-0.9478161931037903,0.11389238387346268,0.09285588562488556,-0.08998122066259384,-0.9916053414344788
4,1648821144.9644847,166.5885772705078,-85.86575317382812,1558.064208984375,-0.14115995168685913,-0.971305787563324,-0.1914130002260208,-0.9672565460205078,0.17651070654392242,-0.18236994743347168,0.21092341840267181,0.15940213203430176,-0.9644181132316589
410,1648821144.9644897,140.01849365234375,-228.6901397705078,1569.406005859375,-0.10644225776195526,0.9433665871620178,0.31421250104904175,-0.9684571027755737,-0.16996505856513977,0.18221616744995117,0.22530178725719452,-0.2849058508872986,0.9317015409469604
300,1648821144.995017,172.33566284179688,88.92317199707031,1361.167724609375,0.9501328468322754,0.30583956837654114,0.06090719997882843,0.29776710271835327,-0.9477885961532593,0.1141558364033699,0.09264051914215088,-0.09032705426216125,-0.9915940761566162
4,1648821144.9950247,166.6227264404297,-85.88323211669922,1558.3712158203125,-0.14141981303691864,-0.9716092348098755,-0.18967315554618835,-0.9668939709663391,0.1766771525144577,-0.18412300944328308,0.21240653097629547,0.1573551893234253,-0.964428722858429
410,1648821144.9950302,140.15145874023438,-228.7478485107422,1570.156494140625,-0.10579993575811386,0.9440279603004456,0.31243810057640076,-0.9675717353820801,-0.1702089160680771,0.18663841485977173,0.22937163710594177,-0.28255993127822876,0.9314228296279907
300,1648821145.0248022,172.341796875,88.92710876464844,1361.1834716796875,0.9501156806945801,0.30583250522613525,0.061210229992866516,0.29777616262435913,-0.9478417038917542,0.11369039863348007,0.09278782457113266,-0.08979208022356033,-0.991628885269165
4,1648821145.0248108,166.63824462890625,-85.90410614013672,1558.623046875,-0.140982985496521,-0.9715783596038818,-0.19015581905841827,-0.9664496183395386,0.17672067880630493,-0.18639996647834778,0.2147066444158554,0.15749679505825043,-0.9638961553573608
410,1648821145.0248156,140.1869659423828,-228.73333740234375,1570.655029296875,-0.10588596016168594,0.9440155029296875,0.31244656443595886,-0.9671429395675659,-0.17080554366111755,0.18830813467502594,0.23113340139389038,-0.2822413146495819,0.9310838580131531
300,1648821145.0567422,172.34002685546875,88.93122100830078,1361.2039794921875,0.9501183032989502,0.30588027834892273,0.06093035638332367,0.297845721244812,-0.947815477848053,0.11372661590576172,0.09253746271133423,-0.08990589529275894,-0.9916419386863708
4,1648821145.0567498,166.62811279296875,-85.90898895263672,1558.8697509765625,-0.141201913356781,-0.9717029929161072,-0.18935495615005493,-0.9662029147148132,0.17693524062633514,-0.18747220933437347,0.2156708687543869,0.15648388862609863,-0.9638458490371704
410,1648821145.0567544,140.1256103515625,-228.640869140625,1570.9765625,-0.10655981302261353,0.9441090822219849,0.31193438172340393,-0.9673691987991333,-0.17096805572509766,0.18699385225772858,0.2298734039068222,-0.28182968497276306,0.931520402431488
300,1648821145.0868087,172.33558654785156,88.94123077392578,1361.1939697265625,0.9501669406890869,0.3057967722415924,0.0605899840593338,0.2977614998817444,-0.9478009343147278,0.11406766623258591,0.09230876713991165,-0.0903419628739357,-0.9916236400604248
4,1648821145.0868163,166.5568389892578,-85.90691375732422,1558.917724609375,-0.14159809052944183,-0.9715886116027832,-0.18964599072933197,-0.9655137658119202,0.1778298169374466,-0.19015701115131378,0.21847909688949585,0.15617994964122772,-0.9632625579833984
410,1648821145.086831,139.97901916503906,-228.5852813720703,1571.03759765625,-0.10685978084802628,0.9440363049507141,0.3120519518852234,-0.9671061635017395,-0.17155392467975616,0.18781612813472748,0.23083898425102234,-0.28171736001968384,0.931315541267395
300,1648821145.1162677,172.33946228027344,88.94672393798828,1361.1422119140625,0.9500671625137329,0.3059028387069702,0.0616103857755661,0.29780295491218567,-0.9478240013122559,0.11376738548278809,0.09319756925106049,-0.08973890542984009,-0.9915952682495117
4,1648821145.1162758,166.44354248046875,-85.8809814453125,1558.9761962890625,-0.1425759494304657,-0.9713724851608276,-0.19001983106136322,-0.9652766585350037,0.17891588807106018,-0.19034186005592346,0.21889041364192963,0.15628354251384735,-0.9631523489952087
410,1648821145.1162808,139.8518829345703,-228.54244995117188,1571.1175537109375,-0.1070341244339943,0.9442844986915588,0.31124019622802734,-0.9671260714530945,-0.17150817811489105,0.18775540590286255,0.23067475855350494,-0.28091228008270264,0.9315993785858154
300,1648821145.1466942,172.3354034423828,88.95889282226562,1361.1690673828125,0.9500933289527893,0.30586132407188416,0.06141281500458717,0.29773855209350586,-0.9477919340133667,0.11420221626758575,0.09313661605119705,-0.09021779894828796,-0.9915575385093689
4,1648821145.1467016,166.37753295898438,-85.86530303955078,1558.87060546875,-0.14290201663970947,-0.9712224006652832,-0.19054155051708221,-0.9652431011199951,0.17932310700416565,-0.19012877345085144,0.2188258171081543,0.15674912929534912,-0.9630913734436035
410,1648821145.146706,139.7815704345703,-228.56167602539062,1571.1025390625,-0.10688704997301102,0.943855881690979,0.31258800625801086,-0.9671450257301331,-0.17163491249084473,0.18754184246063232,0.2306634783744812,-0.2822721302509308,0.931191086769104
