300,1648821046.2686818,172.341796875,88.76588439941406,1361.114013671875,0.9500689506530762,0.30604758858680725,0.060859423130750656,0.29795515537261963,-0.947698712348938,0.11441097408533096,0.09269160032272339,-0.09056493639945984,-0.9915675520896912
4,1648821046.2686896,160.6777801513672,-86.2463607788086,1552.9429931640625,-0.1214766800403595,-0.9011282324790955,-0.4161866009235382,-0.9834271669387817,0.16611775755882263,-0.07263553142547607,0.13458991050720215,0.4004656970500946,-0.9063734412193298
300,1648821046.2985482,172.34324645996094,88.77857971191406,1361.11767578125,0.9501331448554993,0.30586957931518555,0.060752227902412415,0.29786980152130127,-0.947831928730011,0.11352647095918655,0.0923071950674057,-0.08976900577545166,-0.9916757941246033
4,1648821046.2985563,161.00967407226562,-86.2923812866211,1552.757568359375,-0.1200670674443245,-0.9040938019752502,-0.410119891166687,-0.9838227033615112,0.16368255019187927,-0.07280715554952621,0.1329539716243744,0.39474353194236755,-0.9091208577156067
300,1648821046.3281195,172.34518432617188,88.75872039794922,1361.14404296875,0.9501920938491821,0.3058135509490967,0.060108620673418045,0.2978978157043457,-0.9478563666343689,0.11324817687273026,0.09160716831684113,-0.08970130234956741,-0.9917468428611755
4,1648821046.328127,161.3929443359375,-86.35698699951172,1552.5606689453125,-0.1185712069272995,-0.9068453311920166,-0.40444085001945496,-0.9842225313186646,0.1612098515033722,-0.0729203075170517,0.1313273012638092,0.3894135653972626,-0.9116524457931519
300,1648821046.3602905,172.3388214111328,88.76932525634766,1361.1461181640625,0.9500938653945923,0.30600348114967346,0.06069191172719002,0.2979598641395569,-0.9477404952049255,0.11405201256275177,0.09242049604654312,-0.09027636051177979,-0.9916191697120667
4,1648821046.3603013,161.99755859375,-86.44879150390625,1552.374755859375,-0.11523662507534027,-0.9107677340507507,-0.3965131938457489,-0.9849640130996704,0.1564893126487732,-0.07319170981645584,0.12871071696281433,0.3821168541908264,-0.9151067137718201
300,1648821046.3908775,172.3479461669922,88.7413101196289,1361.1148681640625,0.9500076174736023,0.3061351180076599,0.06137457117438316,0.2980051040649414,-0.9476953148841858,0.11430910229682922,0.09315842390060425,-0.09030458331108093,-0.9915475845336914
4,1648821046.3908865,162.41944885253906,-86.52561950683594,1552.156494140625,-0.11312542855739594,-0.9139191508293152,-0.3898133635520935,-0.985358715057373,0.15356245636940002,-0.07407274097204208,0.1275572031736374,0.37572649121284485,-0.9179099798202515
300,1648821046.4205503,172.34649658203125,88.75568389892578,1361.1180419921875,0.9500454068183899,0.30608299374580383,0.06104898080229759,0.29798850417137146,-0.9477079510688782,0.11424745619297028,0.09282580763101578,-0.09034837782382965,-0.991574764251709
4,1648821046.4205585,162.92929077148438,-86.57774353027344,1551.85205078125,-0.11125345528125763,-0.9174797534942627,-0.38190776109695435,-0.9859937429428101,0.14995263516902924,-0.07301056385040283,0.12425379455089569,0.3684360086917877,-0.9213120341300964
300,1648821046.4507015,172.34945678710938,88.736083984375,1361.112060546875,0.9500080347061157,0.3061414361000061,0.06133604049682617,0.298037588596344,-0.9477142095565796,0.11406757682561874,0.09304984658956528,-0.09008467197418213,-0.9915777444839478
4,1648821046.4507098,163.78155517578125,-86.69307708740234,1551.478271484375,-0.10728023946285248,-0.9226364493370056,-0.37044966220855713,-0.9870582222938538,0.14350633323192596,-0.07156797498464584,0.11919309943914413,0.35797756910324097,-0.9260912537574768
300,1648821046.4801037,172.3479461669922,88.75527954101562,1361.1275634765625,0.9500116109848022,0.30612191557884216,0.06137807294726372,0.29799148440361023,-0.9476993680000305,0.11431092023849487,0.09316103905439377,-0.09030655771493912,-0.991547167301178
4,1648821046.4801114,164.1206512451172,-86.7059097290039,1551.1400146484375,-0.10667974501848221,-0.9263122081756592,-0.3613379895687103,-0.9873703122138977,0.14150448143482208,-0.071248859167099,0.11712963134050369,0.34917357563972473,-0.9297087788581848
300,1648821046.5124853,172.34519958496094,88.73550415039062,1361.14404296875,0.9500749707221985,0.30600056052207947,0.06100200489163399,0.2979569137096405,-0.9477775692939758,0.11375119537115097,0.09262426197528839,-0.08989618718624115,-0.991634726524353
4,1648821046.5124934,164.06756591796875,-86.65707397460938,1550.83154296875,-0.10908301919698715,-0.928577721118927,-0.35474544763565063,-0.9873878955841064,0.14241385459899902,-0.06916248053312302,0.11474340409040451,0.3427269160747528,-0.9324012994766235
300,1648821046.542209,172.342041015625,88.75626373291016,1361.132080078125,0.950083315372467,0.3059685528278351,0.06103266403079033,0.29797178506851196,-0.9478364586830139,0.11322050541639328,0.09249089658260345,-0.08938290178775787,-0.9916935563087463
4,1648821046.542217,164.26010131835938,-86.62651062011719,1550.4722900390625,-0.10925521701574326,-0.9312174916267395,-0.34770292043685913,-0.9876416921615601,0.141240656375885,-0.06793375313282013,0.11237088590860367,0.3359837532043457,-0.9351404905319214
300,1648821046.5728252,172.3461151123047,88.75067138671875,1361.128173828125,0.9500515460968018,0.3059699535369873,0.06151791289448738,0.2979428768157959,-0.947862446308136,0.11307860910892487,0.09290917962789536,-0.08910167962312698,-0.9916797876358032
4,1648821046.5728333,164.34185791015625,-86.5810546875,1550.03515625,-0.11064983159303665,-0.9337904453277588,-0.34028223156929016,-0.987812876701355,0.14103998243808746,-0.06582906097173691,0.10946395248174667,0.32885119318962097,-0.9380162954330444
300,1648821046.6040907,172.34242248535156,88.76127624511719,1361.14599609375,0.9501206278800964,0.3059597313404083,0.060493357479572296,0.2979934513568878,-0.9478063583374023,0.11341539770364761,0.09203653037548065,-0.08973167836666107,-0.9917043447494507
4,1648821046.6040986,164.32569885253906,-86.51351928710938,1549.729736328125,-0.11293071508407593,-0.9362571835517883,-0.3326697051525116,-0.9878703355789185,0.1417122781276703,-0.06348112225532532,0.1065780371427536,0.3214655816555023,-0.9409043788909912
300,1648821046.63452,172.33998107910156,88.75994110107422,1361.164794921875,0.9501289129257202,0.3059278130531311,0.060524675995111465,0.2979305684566498,-0.9477897882461548,0.1137186735868454,0.0921543687582016,-0.09001524746417999,-0.9916676878929138
4,1648821046.6345277,164.82791137695312,-86.55728912353516,1549.44921875,-0.11162977665662766,-0.9407564997673035,-0.3201812505722046,-0.9883391261100769,0.13867782056331635,-0.06288309395313263,0.1035597175359726,0.30942803621292114,-0.9452669620513916
300,1648821046.6642103,172.34225463867188,88.76403045654297,1361.1507568359375,0.9501224160194397,0.30593031644821167,0.060614269226789474,0.29793331027030945,-0.9477996230125427,0.11362916231155396,0.09221278876066208,-0.0899026021361351,-0.9916725158691406
4,1648821046.6642184,165.21127319335938,-86.57440948486328,1549.13525390625,-0.11093498766422272,-0.9440317153930664,-0.31064051389694214,-0.9886817336082458,0.13659781217575073,-0.06204366311430931,0.10100400447845459,0.3002417981624603,-0.9485004544258118
300,1648821046.6946905,172.340087890625,88.76828002929688,1361.1427001953125,0.9500975608825684,0.3059561848640442,0.06087278574705124,0.2980038523674011,-0.9478648900985718,0.112897589802742,0.09224089235067368,-0.08912339806556702,-0.9917402267456055
4,1648821046.6946988,165.31362915039062,-86.55291748046875,1548.9549560546875,-0.11283168196678162,-0.947534441947937,-0.29907768964767456,-0.988647997379303,0.13711775839328766,-0.06143217161297798,0.0992179587483406,0.2887510359287262,-0.9522492289543152
300,1648821046.7247303,172.34584045410156,88.76412200927734,1361.12158203125,0.9500821232795715,0.30594688653945923,0.06115931645035744,0.2980039715766907,-0.9479095935821533,0.11252135038375854,0.09239906072616577,-0.08867880702018738,-0.9917653203010559
4,1648821046.7247388,165.0481414794922,-86.47367858886719,1548.815185546875,-0.11708258092403412,-0.948899507522583,-0.29305529594421387,-0.9882351160049438,0.14055660367012024,-0.06029229611158371,0.09840218722820282,0.28254836797714233,-0.954192578792572
300,1648821046.755921,172.34524536132812,88.76725769042969,1361.1331787109375,0.9500479698181152,0.30604422092437744,0.061203114688396454,0.29801756143569946,-0.9478036761283875,0.11337430030107498,0.09270608425140381,-0.08947141468524933,-0.9916654825210571
4,1648821046.7559288,164.97982788085938,-86.42613220214844,1548.6929931640625,-0.11964963376522064,-0.9506708979606628,-0.2861971855163574,-0.9880054593086243,0.14235897362232208,-0.05982600152492523,0.09761757403612137,0.2756062150001526,-0.956301212310791
300,1648821046.7860887,172.3458709716797,88.76372528076172,1361.1204833984375,0.9500330686569214,0.3060682713985443,0.061313409358263016,0.2980056405067444,-0.9477741718292236,0.11365170031785965,0.09289644658565521,-0.08970113098621368,-0.9916269183158875
4,1648821046.786097,164.88601684570312,-86.37959289550781,1548.52490234375,-0.12206051498651505,-0.9523071646690369,-0.2796645164489746,-0.9877867102622986,0.14404934644699097,-0.05939070135354996,0.09684368222951889,0.2689996361732483,-0.958259105682373
300,1648821046.8161771,172.34373474121094,88.7706069946289,1361.111328125,0.9500415325164795,0.30603983998298645,0.06132453680038452,0.29797932505607605,-0.9477863907814026,0.11361919343471527,0.09289456158876419,-0.08966951072216034,-0.991629958152771
4,1648821046.8161852,164.95050048828125,-86.36188507080078,1548.3851318359375,-0.122652567923069,-0.9534376263618469,-0.27552327513694763,-0.9879012107849121,0.14383994042873383,-0.05797618627548218,0.09490793198347092,0.2650788426399231,-0.9595445394515991
300,1648821046.846543,172.34214782714844,88.76710510253906,1361.1248779296875,0.9501351118087769,0.3058583736419678,0.06077798083424568,0.29793280363082886,-0.9479103088378906,0.11270362883806229,0.09208342432975769,-0.08897591382265091,-0.9917680621147156
4,1648821046.8465505,164.78631591796875,-86.31863403320312,1548.2760009765625,-0.12391214072704315,-0.952979326248169,-0.27654320001602173,-0.9877293109893799,0.1451539844274521,-0.057629700750112534,0.09506126493215561,0.26600879430770874,-0.9592719674110413
300,1648821046.8760936,172.34445190429688,88.77200317382812,1361.1070556640625,0.9500506520271301,0.30600306391716003,0.061366938054561615,0.29798680543899536,-0.9478452801704407,0.11310676485300064,0.09277737885713577,-0.08917061239480972,-0.9916859269142151
4,1648821046.8761017,164.92955017089844,-86.33045959472656,1548.212646484375,-0.12284071743488312,-0.9531475901603699,-0.27644145488739014,-0.987971305847168,0.14381317794322968,-0.056836895644664764,0.09392987191677094,0.2661343514919281,-0.9593485593795776
300,1648821046.9086876,172.34657287597656,88.75945281982422,1361.1282958984375,0.9500753283500671,0.3059547543525696,0.06122587248682976,0.2979346513748169,-0.9478404521942139,0.11328467726707458,0.09269234538078308,-0.0893876701593399,-0.9916743040084839
4,1648821046.9086955,165.440185546875,-86.41560363769531,1548.0567626953125,-0.11882312595844269,-0.9544228911399841,-0.2737845182418823,-0.9885549545288086,0.13952849805355072,-0.05736628919839859,0.09295244514942169,0.2638345956802368,-0.9600787162780762
300,1648821046.938543,172.34356689453125,88.76282501220703,1361.127685546875,0.9500770568847656,0.3060060441493988,0.060942042618989944,0.29797765612602234,-0.9477837085723877,0.11364597082138062,0.09253622591495514,-0.08981306105852127,-0.9916504621505737
4,1648821046.938551,165.634765625,-86.43905639648438,1547.9871826171875,-0.1170024648308754,-0.9544389247894287,-0.27451181411743164,-0.9887503385543823,0.1378829926252365,-0.0579744428396225,0.09318357706069946,0.2646404802799225,-0.9598344564437866
300,1648821046.9680774,172.33975219726562,88.758056640625,1361.1343994140625,0.95013427734375,0.3059176504611969,0.06049134209752083,0.29799216985702515,-0.9478589296340942,0.11297839134931564,0.0918993428349495,-0.08931870013475418,-0.9917543530464172
4,1648821046.968086,165.4759063720703,-86.41798400878906,1548.0177001953125,-0.11783143132925034,-0.953379213809967,-0.2778196930885315,-0.9886715412139893,0.13882321119308472,-0.05706788972020149,0.09297516196966171,0.2679480314254761,-0.9589366316795349
300,1648821046.9984663,172.34483337402344,88.74327087402344,1361.1177978515625,0.9500781893730164,0.3060283660888672,0.060812193900346756,0.2980550229549408,-0.9478151202201843,0.11318021267652512,0.09227507561445236,-0.08940467238426208,-0.9917117357254028
4,1648821046.9984748,165.36851501464844,-86.41331481933594,1548.056640625,-0.11878898739814758,-0.9536172151565552,-0.2765924334526062,-0.9884999990463257,0.13983283936977386,-0.05757242441177368,0.0935787633061409,0.26657265424728394,-0.9592611789703369
300,1648821047.0289242,172.34674072265625,88.7502670288086,1361.11962890625,0.9500524401664734,0.30608201026916504,0.06094430014491081,0.29800474643707275,-0.947712779045105,0.1141650378704071,0.09270155429840088,-0.09030108153820038,-0.9915907382965088
4,1648821047.0289319,165.06143188476562,-86.37232208251953,1548.2188720703125,-0.12131378799676895,-0.9528958201408386,-0.27797931432724,-0.9881390333175659,0.1424972414970398,-0.057234987616539,0.09415026754140854,0.26773881912231445,-0.9588804244995117
300,1648821047.0600865,172.3472442626953,88.7457046508789,1361.0926513671875,0.9500170350074768,0.3060362935066223,0.06172075495123863,0.29798606038093567,-0.9478427767753601,0.1131298691034317,0.0931234210729599,-0.08908338099718094,-0.9916613101959229
4,1648821047.0600953,164.75294494628906,-86.359375,1548.418701171875,-0.12381391227245331,-0.9524798393249512,-0.27830246090888977,-0.9875530004501343,0.145691379904747,-0.05927109718322754,0.09700079262256622,0.2674998641014099,-0.9586629867553711
300,1648821047.090621,172.34194946289062,88.74773406982422,1361.1156005859375,0.9500266909599304,0.30611589550971985,0.0611749105155468,0.29803603887557983,-0.9477266073226929,0.11396845430135727,0.09286464750766754,-0.09004074335098267,-0.9915991425514221
4,1648821047.0906293,164.5299530029297,-86.3446273803711,1548.608154296875,-0.1257142871618271,-0.9522151947021484,-0.27835625410079956,-0.9871369004249573,0.14800108969211578,-0.06046808883547783,0.09877565503120422,0.26717403531074524,-0.9585725665092468
300,1648821047.120161,172.3392791748047,88.74835205078125,1361.1285400390625,0.9500855207443237,0.3060433268547058,0.06062186136841774,0.29803600907325745,-0.9477552771568298,0.11372965574264526,0.09226088970899582,-0.08998540043830872,-0.991660475730896
4,1648821047.1201692,164.2977294921875,-86.32171630859375,1548.7454833984375,-0.12751014530658722,-0.9513700604438782,-0.2804214656352997,-0.9868068099021912,0.150126650929451,-0.060616325587034225,0.0997672900557518,0.2689926028251648,-0.9579610824584961
300,1648821047.1503043,172.34149169921875,88.75438690185547,1361.12939453125,0.9500535130500793,0.30606991052627563,0.06098829209804535,0.2979945242404938,-0.9477235078811646,0.11410251259803772,0.09272338449954987,-0.09022931754589081,-0.9915952086448669
4,1648821047.1503127,164.18392944335938,-86.30046844482422,1548.759765625,-0.12840129435062408,-0.951209306716919,-0.28056007623672485,-0.9866547584533691,0.15108928084373474,-0.060699213296175,0.10012727975845337,0.2690220773220062,-0.9579152464866638
300,1648821047.180615,172.34275817871094,88.75418853759766,1361.142578125,0.9500817656517029,0.3060264587402344,0.06076541170477867,0.29799410700798035,-0.9477528929710388,0.11385916918516159,0.09243451803922653,-0.0900677815079689,-0.9916368722915649
4,1648821047.1806228,164.22218322753906,-86.29890441894531,1548.6812744140625,-0.12808282673358917,-0.9511038064956665,-0.28106287121772766,-0.986737847328186,0.15070320665836334,-0.06030759960412979,0.09971586614847183,0.2696110010147095,-0.9577925801277161
300,1648821047.2120275,172.3500213623047,88.75189208984375,1361.1373291015625,0.9500795602798462,0.30600863695144653,0.060889389365911484,0.2980283200740814,-0.9478233456611633,0.11318112164735794,0.09234678745269775,-0.08938430994749069,-0.9917068481445312
4,1648821047.2120357,164.29922485351562,-86.29073333740234,1548.573486328125,-0.12801146507263184,-0.9519972205162048,-0.2780546545982361,-0.9869040250778198,0.15002018213272095,-0.059282444417476654,0.09815052896738052,0.2668244242668152,-0.9587341547012329
300,1648821047.2427747,172.34681701660156,88.750244140625,1361.1353759765625,0.9500873684883118,0.30604612827301025,0.060578830540180206,0.29806652665138245,-0.9477764368057251,0.11347302049398422,0.09214317053556442,-0.08975276350975037,-0.9916925430297852
4,1648821047.242782,164.40060424804688,-86.29082489013672,1548.474853515625,-0.1276441514492035,-0.9524118900299072,-0.2768004834651947,-0.9870947003364563,0.14919862151145935,-0.05817071348428726,0.09670072793960571,0.26580315828323364,-0.959165096282959
300,1648821047.272425,172.34457397460938,88.74497985839844,1361.1273193359375,0.9500520825386047,0.30604827404022217,0.06111876294016838,0.29799067974090576,-0.9477627277374268,0.11378642916679382,0.09275022149085999,-0.08989021182060242,-0.9916234612464905
4,1648821047.272433,164.4866943359375,-86.31346130371094,1548.4544677734375,-0.12720830738544464,-0.9530083537101746,-0.2749420404434204,-0.9871715903282166,0.14860928058624268,-0.058373939245939255,0.0964897871017456,0.26398932933807373,-0.9596871137619019
300,1648821047.304794,172.34317016601562,88.75202941894531,1361.116943359375,0.9500854015350342,0.30598118901252747,0.060936473309993744,0.29801541566848755,-0.9478514194488525,0.11298014223575592,0.0923285186290741,-0.08918077498674393,-0.9917268753051758
4,1648821047.304802,164.46214294433594,-86.30726623535156,1548.4718017578125,-0.12755374610424042,-0.952825129032135,-0.27541667222976685,-0.9870724081993103,0.14911982417106628,-0.058748580515384674,0.09704720973968506,0.2643626034259796,-0.9595281481742859
300,1648821047.3342352,172.3513641357422,88.74114227294922,1361.1385498046875,0.9500879049301147,0.3059658706188202,0.06097399443387985,0.29801028966903687,-0.9478703141212463,0.11283491551876068,0.0923190712928772,-0.08903221040964127,-0.9917411208152771
4,1648821047.3342428,164.53196716308594,-86.33441162109375,1548.5272216796875,-0.1274060159921646,-0.953539252281189,-0.2730029821395874,-0.9870314598083496,0.14898979663848877,-0.05975712463259697,0.09765542298555374,0.2618491053581238,-0.9601554274559021
300,1648821047.3647559,172.3464813232422,88.75901794433594,1361.162109375,0.9501095414161682,0.30598241090774536,0.06055288389325142,0.298003613948822,-0.9477940201759338,0.1134914681315422,0.09211805462837219,-0.08978434652090073,-0.9916920065879822
4,1648821047.3647656,164.53424072265625,-86.33390045166016,1548.5594482421875,-0.12727949023246765,-0.9534783959388733,-0.27327436208724976,-0.9869634509086609,0.1491103619337082,-0.06057395786046982,0.09850399941205978,0.26200199127197266,-0.9600270390510559
300,1648821047.394172,172.34671020507812,88.73716735839844,1361.127685546875,0.9500652551651001,0.30604463815689087,0.06093226745724678,0.29805371165275574,-0.9478068351745605,0.11325258761644363,0.09241236746311188,-0.08943625539541245,-0.9916960597038269
4,1648821047.3941798,164.58004760742188,-86.35833740234375,1548.59521484375,-0.12702618539333344,-0.9537060260772705,-0.2725970447063446,-0.9870025515556335,0.14880649745464325,-0.06068471819162369,0.09843958914279938,0.26134541630744934,-0.9602125883102417
300,1648821047.4246433,172.34848022460938,88.74944305419922,1361.1170654296875,0.9500588774681091,0.3059871792793274,0.06131904572248459,0.29799917340278625,-0.9478719234466553,0.11285095661878586,0.0926535502076149,-0.0889420285820961,-0.9917179942131042
4,1648821047.4246519,164.74191284179688,-86.37183380126953,1548.5531005859375,-0.12608279287815094,-0.9542140364646912,-0.2712540030479431,-0.987190306186676,0.1476355642080307,-0.06049022823572159,0.09776736050844193,0.26015254855155945,-0.9606051445007324
300,1648821047.4567728,172.35069274902344,88.74703216552734,1361.1309814453125,0.9501181244850159,0.3059230148792267,0.06071814149618149,0.29801830649375916,-0.9479034543037415,0.11253488063812256,0.09198194742202759,-0.08882630616426468,-0.9917908906936646
4,1648821047.456781,164.7540283203125,-86.3696517944336,1548.49755859375,-0.126126229763031,-0.954028844833374,-0.2718844413757324,-0.9871393442153931,0.14783819019794464,-0.06082635000348091,0.09822499006986618,0.2607160210609436,-0.9604056477546692
300,1648821047.4864135,172.3452911376953,88.74835968017578,1361.11474609375,0.9500719904899597,0.3060193657875061,0.060953639447689056,0.29805850982666016,-0.9478462338447571,0.11290976405143738,0.09232725203037262,-0.08910465985536575,-0.9917338490486145
4,1648821047.486421,164.77000427246094,-86.37227630615234,1548.49365234375,-0.12583492696285248,-0.9541463851928711,-0.27160683274269104,-0.9871968626976013,0.14748598635196686,-0.060747236013412476,0.09801995754241943,0.26048529148101807,-0.9604892134666443
300,1648821047.5166469,172.34539794921875,88.76068878173828,1361.1361083984375,0.9501063823699951,0.30599483847618103,0.06053939834237099,0.29805251955986023,-0.9478241205215454,0.11311104893684387,0.0919920951128006,-0.08942361176013947,-0.9917362928390503
4,1648821047.5166547,164.9050750732422,-86.39384460449219,1548.518310546875,-0.12535129487514496,-0.9549044966697693,-0.2691550552845001,-0.9872071743011475,0.14699803292751312,-0.061753928661346436,0.09853436797857285,0.2579708695411682,-0.9611150026321411
300,1648821047.5468814,172.35194396972656,88.751220703125,1361.138916015625,0.9500958919525146,0.3059886395931244,0.060734737664461136,0.29805809259414673,-0.9478600025177002,0.1127954050898552,0.09208214282989502,-0.08906397223472595,-0.9917603135108948
4,1648821047.5468895,165.03573608398438,-86.43974304199219,1548.6015625,-0.1248384565114975,-0.955666720867157,-0.266676664352417,-0.987224280834198,0.146466925740242,-0.0627351924777031,0.09901324659585953,0.2554378807544708,-0.961742103099823
300,1648821047.5763705,172.34719848632812,88.76958465576172,1361.1427001953125,0.9500719308853149,0.3059757351875305,0.06117354333400726,0.2979845404624939,-0.9478557705879211,0.11302489787340164,0.09256657212972641,-0.08915301412343979,-0.9917072057723999
4,1648821047.576378,165.0741729736328,-86.46257781982422,1548.7332763671875,-0.12445036321878433,-0.9558160305023193,-0.2663227915763855,-0.987131655216217,0.14643168449401855,-0.06425607204437256,0.10041507333517075,0.25489896535873413,-0.961739718914032
300,1648821047.6089175,172.3463134765625,88.75337982177734,1361.1407470703125,0.9500656127929688,0.3060191869735718,0.06105395406484604,0.2979893684387207,-0.9477912187576294,0.11355265229940414,0.09261568635702133,-0.08968903869390488,-0.9916542768478394
4,1648821047.6089263,165.03976440429688,-86.49728393554688,1548.9400634765625,-0.12465792894363403,-0.9555181264877319,-0.2672930061817169,-0.986945390701294,0.14710143208503723,-0.06557416170835495,0.10197648406028748,0.2556292414665222,-0.9613815546035767
300,1648821047.6386786,172.34613037109375,88.76197052001953,1361.1580810546875,0.9500815868377686,0.3060261607170105,0.06076962500810623,0.29800093173980713,-0.9477604627609253,0.11377871781587601,0.09241431206464767,-0.08998966217041016,-0.9916458129882812
4,1648821047.638686,165.11492919921875,-86.54811096191406,1549.1759033203125,-0.12425318360328674,-0.9559510946273804,-0.26592978835105896,-0.9867749810218811,0.14716379344463348,-0.06795576959848404,0.1040976271033287,0.25396913290023804,-0.9615941643714905
300,1648821047.6679983,172.35049438476562,88.74679565429688,1361.1641845703125,0.9500709176063538,0.3059903383255005,0.06111561879515648,0.2979796528816223,-0.9478257894515991,0.11328893154859543,0.0925922766327858,-0.08942130953073502,-0.9916806221008301
4,1648821047.6680057,165.0812530517578,-86.59795379638672,1549.4964599609375,-0.12432318925857544,-0.955514669418335,-0.2674611210823059,-0.9865360260009766,0.14789868891239166,-0.06980475783348083,0.10625661909580231,0.2551816701889038,-0.9610368609428406
300,1648821047.6982713,172.34584045410156,88.74439239501953,1361.157470703125,0.9500346779823303,0.30610018968582153,0.061129551380872726,0.29800209403038025,-0.9477084875106812,0.11420735716819763,0.09289189428091049,-0.09028421342372894,-0.9915744066238403
4,1648821047.6982796,165.15426635742188,-86.65254211425781,1549.7464599609375,-0.12333773821592331,-0.9555832743644714,-0.26767224073410034,-0.9862509965896606,0.1479293555021286,-0.07366038858890533,0.10998521745204926,0.25490692257881165,-0.9606902599334717
300,1648821047.728808,172.35101318359375,88.73604583740234,1361.1397705078125,0.9500367641448975,0.30601271986961365,0.061533328145742416,0.29800519347190857,-0.9478696584701538,0.11285404115915298,0.09286034852266312,-0.08887823671102524,-0.9917044043540955
4,1648821047.728815,165.2351531982422,-86.72415924072266,1550.0966796875,-0.12249656021595001,-0.9552784562110901,-0.2691424489021301,-0.986234188079834,0.14751487970352173,-0.07470951229333878,0.1110709011554718,0.25628581643104553,-0.9601983428001404
300,1648821047.760085,172.34364318847656,88.73465728759766,1361.14794921875,0.9501101970672607,0.30596187710762024,0.060645703226327896,0.2979942262172699,-0.947822093963623,0.1132817491889,0.09214123338460922,-0.08955807983875275,-0.9917103052139282
4,1648821047.7600925,165.39585876464844,-86.7893295288086,1550.2642822265625,-0.12086416780948639,-0.9551646709442139,-0.27028194069862366,-0.986156165599823,0.14667333662509918,-0.07734975218772888,0.1135249063372612,0.25719138979911804,-0.9596690535545349
300,1648821047.7906241,172.34832763671875,88.7236099243164,1361.143798828125,0.9501029849052429,0.30600032210350037,0.06056497246026993,0.2980428636074066,-0.9478106498718262,0.11324948072433472,0.09205850213766098,-0.08954771608114243,-0.9917189478874207
4,1648821047.7906322,165.5777130126953,-86.85102844238281,1550.4627685546875,-0.11950303614139557,-0.9556476473808289,-0.2691775858402252,-0.9862750172615051,0.14537961781024933,-0.07827111333608627,0.1139325425028801,0.25612950325012207,-0.9599047303199768
300,1648821047.8200977,172.35214233398438,88.71839904785156,1361.2071533203125,0.9501202702522278,0.3060625195503235,0.059976428747177124,0.2980281114578247,-0.9476464986801147,0.11465342342853546,0.09192756563425064,-0.09105988591909409,-0.9915933609008789
4,1648821047.8201058,165.87342834472656,-86.92713928222656,1550.54443359375,-0.11681552231311798,-0.9558998942375183,-0.2694615125656128,-0.9864674210548401,0.1431068480014801,-0.08001556247472763,0.11504865437746048,0.25646793842315674,-0.9596812129020691
300,1648821047.85018,172.3480682373047,88.71244812011719,1361.1312255859375,0.9500661492347717,0.3060603439807892,0.06083912029862404,0.29803937673568726,-0.9477620124816895,0.11366458982229233,0.09244923293590546,-0.08985642343759537,-0.991654634475708
4,1648821047.8501875,166.21414184570312,-86.99250030517578,1550.5079345703125,-0.11396172642707825,-0.95660799741745,-0.26816752552986145,-0.9867919087409973,0.1402721107006073,-0.08102741092443466,0.11512789130210876,0.25539153814315796,-0.9599587321281433
300,1648821047.8805058,172.34495544433594,88.71282958984375,1361.15234375,0.9500131011009216,0.306192547082901,0.06100151687860489,0.29808199405670166,-0.9476526379585266,0.11446218192577362,0.09285571426153183,-0.09055712074041367,-0.9915529489517212
4,1648821047.8805184,166.52899169921875,-87.04438781738281,1550.4781494140625,-0.11190635710954666,-0.9579487442970276,-0.26421794295310974,-0.9871294498443604,0.13773180544376373,-0.081273652613163,0.11424721032381058,0.2517222464084625,-0.961032509803772
300,1648821047.912956,172.33641052246094,88.71517181396484,1361.200439453125,0.9500641226768494,0.3060798943042755,0.06077225133776665,0.2980612814426422,-0.947750449180603,0.11370386928319931,0.09239939600229263,-0.08991211652755737,-0.9916542768478394
4,1648821047.9129639,166.61300659179688,-87.07716369628906,1550.5128173828125,-0.11134692281484604,-0.9582278728485107,-0.26344117522239685,-0.9870476126670837,0.1374436467885971,-0.0827418863773346,0.11549390107393265,0.2508159279823303,-0.9611204266548157
300,1648821047.9427922,172.33619689941406,88.71803283691406,1361.16650390625,0.9500267505645752,0.3061068058013916,0.061218779534101486,0.2980380356311798,-0.9477452635765076,0.11380774527788162,0.09285713732242584,-0.08987487852573395,-0.9916148781776428
4,1648821047.9427996,166.55601501464844,-87.06326293945312,1550.4759521484375,-0.11178591847419739,-0.9580700993537903,-0.26382869482040405,-0.9870230555534363,0.1378455013036728,-0.08236545324325562,0.11527947336435318,0.2511976957321167,-0.9610465168952942
300,1648821047.972344,172.34115600585938,88.72099304199219,1361.1727294921875,0.9500511288642883,0.3060620427131653,0.061064254492521286,0.2980509400367737,-0.9477971792221069,0.11334093660116196,0.09256588667631149,-0.08947943150997162,-0.9916778802871704
4,1648821047.9723516,166.3977508544922,-87.03184509277344,1550.4686279296875,-0.11296166479587555,-0.9574592709541321,-0.26553988456726074,-0.9868999123573303,0.13910126686096191,-0.08172760158777237,0.11518777906894684,0.2528292238712311,-0.9606295824050903
300,1648821048.0047002,172.34332275390625,88.72689819335938,1361.18359375,0.9500768780708313,0.3060342073440552,0.06080247834324837,0.2979813814163208,-0.9477348923683167,0.11404237151145935,0.09252549707889557,-0.0902310162782669,-0.991613507270813
4,1648821048.0047083,166.197265625,-86.99853515625,1550.5150146484375,-0.11437659710645676,-0.9568718075752258,-0.2670474052429199,-0.986746609210968,0.14057061076164246,-0.08106175065040588,0.11510471999645233,0.2542365789413452,-0.9602680206298828
300,1648821048.0341525,172.34400939941406,88.72416687011719,1361.160888671875,0.9500415325164795,0.30605432391166687,0.061252057552337646,0.2980036437511444,-0.9477829933166504,0.11358361691236496,0.09281641244888306,-0.08965582400560379,-0.9916385412216187
4,1648821048.0341606,166.0275115966797,-86.9679183959961,1550.46142578125,-0.11549478769302368,-0.9564675092697144,-0.2680127024650574,-0.9866222739219666,0.14171558618545532,-0.08058062940835953,0.11505433171987534,0.2551206648349762,-0.9600395560264587
300,1648821048.0647209,172.34555053710938,88.73120880126953,1361.1729736328125,0.9500628113746643,0.30603423714637756,0.061022158712148666,0.2979934513568878,-0.9477721452713013,0.11370056867599487,0.09263136982917786,-0.08983848243951797,-0.9916393160820007
4,1648821048.0647287,166.03977966308594,-86.9482421875,1550.384033203125,-0.11571317911148071,-0.9566496014595032,-0.2672675848007202,-0.9867693185806274,0.14147870242595673,-0.07918407022953033,0.11356408149003983,0.25456881523132324,-0.9603634476661682
300,1648821048.0942435,172.3465576171875,88.73605346679688,1361.1551513671875,0.9500523805618286,0.3060242235660553,0.06123468279838562,0.2979142963886261,-0.9477329254150391,0.11423367261886597,0.092992402613163,-0.0902852788567543,-0.991564929485321
4,1648821048.0942512,166.12144470214844,-86.94483947753906,1550.2703857421875,-0.1147584617137909,-0.9563678503036499,-0.2686839997768402,-0.9870045781135559,0.14039641618728638,-0.07817172259092331,0.1124831885099411,0.2562214732170105,-0.9600510597229004
300,1648821048.1247265,172.34600830078125,88.73116302490234,1361.1492919921875,0.950049102306366,0.3060479462146759,0.061166636645793915,0.2980467677116394,-0.9478229284286499,0.11313651502132416,0.09260033816099167,-0.08925472944974899,-0.9916949272155762
4,1648821048.1247344,166.04635620117188,-86.91796112060547,1550.2037353515625,-0.11524394154548645,-0.9562361836433411,-0.2689445912837982,-0.9870553016662598,0.1406392902135849,-0.07708740234375,0.11153794080018997,0.25657930970191956,-0.9600657820701599
300,1648821048.1561162,172.34625244140625,88.73651123046875,1361.178466796875,0.9500941634178162,0.30601412057876587,0.06063329428434372,0.29804709553718567,-0.9478049874305725,0.1132858619093895,0.09213560819625854,-0.08956065773963928,-0.9917106032371521
4,1648821048.1561236,165.82421875,-86.87137603759766,1550.1580810546875,-0.11666829138994217,-0.9554926753044128,-0.27096542716026306,-0.9867786765098572,0.14242422580718994,-0.07735127955675125,0.1125006228685379,0.2583584487438202,-0.9594761729240417
300,1648821048.1865182,172.34915161132812,88.73436737060547,1361.1920166015625,0.9500953555107117,0.3060183525085449,0.06059396639466286,0.29799020290374756,-0.9477394819259644,0.11398113518953323,0.09230761229991913,-0.09023653715848923,-0.9916333556175232
4,1648821048.1865304,165.5572052001953,-86.83829498291016,1550.205078125,-0.11816515773534775,-0.9545214772224426,-0.27372559905052185,-0.9865053296089172,0.1443059742450714,-0.07734973728656769,0.11333222687244415,0.26089170575141907,-0.9586924910545349
300,1648821048.216758,172.35006713867188,88.73296356201172,1361.169921875,0.9500593543052673,0.3060778081417084,0.060857269912958145,0.298086941242218,-0.9477879405021667,0.11332359164953232,0.09236562252044678,-0.08952337503433228,-0.9916925430297852
4,1648821048.216766,165.14102172851562,-86.77493286132812,1550.2921142578125,-0.12088754028081894,-0.9533095955848694,-0.276743620634079,-0.9860877990722656,0.14736783504486084,-0.07689948379993439,0.11409212648868561,0.2635973393917084,-0.9578619003295898
300,1648821048.246074,172.3523406982422,88.73193359375,1361.2171630859375,0.9501155018806458,0.3060499131679535,0.06011687591671944,0.29806259274482727,-0.9477135539054871,0.11400744318962097,0.09186554700136185,-0.09040164202451706,-0.9916593432426453
4,1648821048.246081,164.7633056640625,-86.72122192382812,1550.4404296875,-0.12296868115663528,-0.9517053961753845,-0.28131037950515747,-0.9857921600341797,0.1498209536075592,-0.07594403624534607,0.11442253738641739,0.2679748237133026,-0.9566069841384888
300,1648821048.2766395,172.3508758544922,88.73302459716797,1361.166748046875,0.9500657916069031,0.3060530126094818,0.0608818382024765,0.29803305864334106,-0.9477702975273132,0.11361248791217804,0.09247343987226486,-0.08979453891515732,-0.9916580319404602
4,1648821048.2766469,164.60458374023438,-86.7037353515625,1550.4361572265625,-0.12341151386499405,-0.9506012201309204,-0.2848277688026428,-0.9854869246482849,0.1511121690273285,-0.07733436673879623,0.11655508726835251,0.2711501121520996,-0.9554541110992432
300,1648821048.308988,172.34909057617188,88.7268295288086,1361.14990234375,0.9500949382781982,0.3060322105884552,0.06052993983030319,0.2980711758136749,-0.947793185710907,0.11332108825445175,0.09204977005720139,-0.08962356299161911,-0.9917128682136536
4,1648821048.3089962,164.5703125,-86.69066619873047,1550.443603515625,-0.1233760267496109,-0.9501951932907104,-0.28619474172592163,-0.9856389164924622,0.15084226429462433,-0.07591117173433304,0.11530069261789322,0.27271905541419983,-0.9551597237586975
300,1648821048.3388188,172.34715270996094,88.73650360107422,1361.1328125,0.95008784532547,0.30601629614830017,0.060721755027770996,0.2980359196662903,-0.9478015899658203,0.11334367841482162,0.092237189412117,-0.0895891860127449,-0.9916985630989075
4,1648821048.3388333,164.512451171875,-86.66332244873047,1550.3719482421875,-0.12348392605781555,-0.9496358633041382,-0.2879990339279175,-0.9857450127601624,0.1508033126592636,-0.07459947466850281,0.1142735406756401,0.27468177676200867,-0.9547206163406372
300,1648821048.368344,172.343505859375,88.72966766357422,1361.146484375,0.9501176476478577,0.30600225925445557,0.06032441928982735,0.29805758595466614,-0.9477945566177368,0.11334550380706787,0.09185913950204849,-0.08971141278743744,-0.9917226433753967
4,1648821048.3683522,164.34866333007812,-86.60820007324219,1550.201171875,-0.12460837513208389,-0.9488846659660339,-0.2899838387966156,-0.9857537150382996,0.1516692191362381,-0.07270551472902298,0.11297076940536499,0.2767929434776306,-0.954265832901001
300,1648821048.3986588,172.3398895263672,88.7314453125,1361.162109375,0.9501267671585083,0.30600377917289734,0.06017318367958069,0.2980308532714844,-0.9477487206459045,0.11379817873239517,0.09185173362493515,-0.09018923342227936,-0.9916799664497375
4,1648821048.3986664,163.8857421875,-86.49706268310547,1550.0863037109375,-0.12754960358142853,-0.9476494789123535,-0.29273125529289246,-0.9855605959892273,0.15423530340194702,-0.0698700025677681,0.11136176437139511,0.27959251403808594,-0.9536386132240295
300,1648821048.4282563,172.3463134765625,88.74002838134766,1361.1785888671875,0.9501461386680603,0.3059554696083069,0.060112617909908295,0.29792746901512146,-0.9477023482322693,0.11445315927267075,0.09198644012212753,-0.09083802998065948,-0.9916082620620728
4,1648821048.4282634,163.07919311523438,-86.30748748779297,1549.917236328125,-0.13227002322673798,-0.9440349340438843,-0.3021632730960846,-0.9851256608963013,0.15893536806106567,-0.06532211601734161,0.10969079285860062,0.2890286445617676,-0.9510154724121094
300,1648821048.460543,172.3472442626953,88.7447280883789,1361.112548828125,0.9500359296798706,0.306051105260849,0.061354782432317734,0.29795002937316895,-0.9477471709251404,0.1140223816037178,0.09304549545049667,-0.09004469960927963,-0.9915817975997925
4,1648821048.4605513,162.7972412109375,-86.2041244506836,1549.684814453125,-0.13319192826747894,-0.9420696496963501,-0.3078387379646301,-0.9852850437164307,0.15943162143230438,-0.061602625995874405,0.10711318999528885,0.29510393738746643,-0.9494421482086182
300,1648821048.490035,172.34356689453125,88.72571563720703,1361.1114501953125,0.9501050114631653,0.30602625012397766,0.06040196493268013,0.2980629503726959,-0.9477779269218445,0.11347027868032455,0.09197252988815308,-0.08980509638786316,-0.9917036294937134
4,1648821048.4900432,162.3774871826172,-86.09252166748047,1549.592529296875,-0.13486729562282562,-0.939277172088623,-0.3155458867549896,-0.9854024052619934,0.16053025424480438,-0.056675899773836136,0.10388904064893723,0.30329594016075134,-0.947216272354126
300,1648821048.5206664,172.3514404296875,88.73253631591797,1361.0740966796875,0.9500327110290527,0.3060576915740967,0.061372023075819016,0.2979232668876648,-0.9477147459983826,0.1143609881401062,0.09316423535346985,-0.09036252647638321,-0.9915417432785034
4,1648821048.5206754,161.76039123535156,-85.94477081298828,1549.3902587890625,-0.1372898519039154,-0.9352306723594666,-0.3263358771800995,-0.98496013879776,0.16378794610500336,-0.05501839518547058,0.10490477830171585,0.31387436389923096,-0.9436513185501099
300,1648821048.5507689,172.3473358154297,88.73588562011719,1361.1031494140625,0.950062096118927,0.3060406744480133,0.06100105866789818,0.2979637384414673,-0.9477326273918152,0.11410732567310333,0.09273418039083481,-0.09023294597864151,-0.9915938377380371
4,1648821048.5507762,161.99978637695312,-85.95868682861328,1549.1689453125,-0.1337018758058548,-0.9338158965110779,-0.331830769777298,-0.985716700553894,0.159908726811409,-0.05283761024475098,0.10240323841571808,0.3200266361236572,-0.9418579936027527
300,1648821048.580201,172.3469696044922,88.72941589355469,1361.1072998046875,0.9500381946563721,0.3060722351074219,0.06121460720896721,0.2979887127876282,-0.9477412700653076,0.11397024989128113,0.09289874136447906,-0.09003482758998871,-0.9915964603424072
4,1648821048.5802085,161.9891357421875,-85.91459655761719,1548.973388671875,-0.13260814547538757,-0.9322983622550964,-0.33650389313697815,-0.9861765503883362,0.15813463926315308,-0.04949012026190758,0.09935247898101807,0.32528945803642273,-0.9403806924819946
300,1648821048.6127574,172.34410095214844,88.72659301757812,1361.1278076171875,0.9500629901885986,0.3060544729232788,0.06091759726405144,0.29801782965660095,-0.9477577805519104,0.11375649273395538,0.09255080670118332,-0.08992130309343338,-0.9916393160820007
4,1648821048.6127658,161.2891387939453,-85.74476623535156,1548.7493896484375,-0.13499681651592255,-0.9267974495887756,-0.35046014189720154,-0.9858719706535339,0.16103266179561615,-0.04609677568078041,0.0991578996181488,0.3392859101295471,-0.9354425668716431
