300,1648822323.8684971,172.44839477539062,89.88811492919922,1361.0291748046875,0.9509256482124329,0.3030758202075958,0.06233304366469383,0.29468289017677307,-0.9484989643096924,0.11623984575271606,0.09435231238603592,-0.092166967689991,-0.9912632703781128
4,1648822323.8685057,-26.562625885009766,-73.00554656982422,1444.8829345703125,-0.08391181379556656,-0.98023521900177,0.17915822565555573,-0.9561752080917358,0.12981894612312317,0.26244238018989563,-0.2805134057998657,-0.14928464591503143,-0.948170006275177
300,1648822323.8987613,172.43663024902344,89.89913940429688,1361.0845947265625,0.95107501745224,0.3029344975948334,0.06072075292468071,0.2946826219558716,-0.9484869837760925,0.11633807420730591,0.09283565729856491,-0.09275288134813309,-0.991351842880249
4,1648822323.8987684,-26.87952423095703,-73.10160064697266,1445.041259765625,-0.08713722229003906,-0.9801773428916931,0.1779312640428543,-0.9567850232124329,0.13208600878715515,0.25906702876091003,-0.2774338722229004,-0.14766758680343628,-0.9493285417556763
300,1648822323.9292984,172.44044494628906,89.9192123413086,1361.0667724609375,0.9509897828102112,0.30299559235572815,0.06174224987626076,0.29468101263046265,-0.9485297203063965,0.11599358171224594,0.09370990097522736,-0.09211444109678268,-0.9913290739059448
4,1648822323.929306,-26.913925170898438,-73.17950439453125,1445.230224609375,-0.08759891241788864,-0.9798167943954468,0.1796814650297165,-0.9572352766990662,0.1327223777770996,0.25707074999809265,-0.2757299840450287,-0.14947831630706787,-0.9495415687561035
300,1648822323.9606714,172.44749450683594,89.91534423828125,1361.0634765625,0.9509904384613037,0.3029411733150482,0.06199873238801956,0.2946089506149292,-0.9485598206520081,0.11593038588762283,0.09392959624528885,-0.09198331087827682,-0.9913204908370972
4,1648822323.960679,-26.475500106811523,-73.20999908447266,1445.18115234375,-0.08452338725328445,-0.9801169633865356,0.17951737344264984,-0.9572155475616455,0.12990914285182953,0.2585769593715668,-0.27675661444664,-0.14998102188110352,-0.949163556098938
300,1648822323.9905634,172.4483184814453,89.88963317871094,1361.0736083984375,0.9510546922683716,0.30290189385414124,0.06119966134428978,0.29464638233184814,-0.9485515356063843,0.11590296775102615,0.09315825998783112,-0.09219780564308167,-0.9913733601570129
4,1648822323.9905713,-26.08013916015625,-73.18072509765625,1445.0924072265625,-0.08078757673501968,-0.980065107345581,0.18150962889194489,-0.9573743343353271,0.12696747481822968,0.25944867730140686,-0.2773224115371704,-0.1528124362230301,-0.9485465884208679
300,1648822324.0204163,172.4364471435547,89.89740753173828,1361.044921875,0.9510811567306519,0.3028675317764282,0.060957759618759155,0.29466065764427185,-0.9485810995101929,0.11562453210353851,0.09284229576587677,-0.09200645983219147,-0.9914207458496094
4,1648822324.0204232,-25.76736068725586,-73.12118530273438,1444.977783203125,-0.07850871980190277,-0.9809259176254272,0.1778222620487213,-0.9575157761573792,0.12384647876024246,0.26043352484703064,-0.277488648891449,-0.14982131123542786,-0.9489750266075134
300,1648822324.050292,172.4438934326172,89.90122985839844,1361.01123046875,0.950900137424469,0.3030692934989929,0.06275274604558945,0.29468950629234314,-0.9485635161399841,0.11569496244192123,0.09458855539560318,-0.09152177721261978,-0.9913005232810974
4,1648822324.0502996,-25.394161224365234,-73.08601379394531,1444.9178466796875,-0.0747309997677803,-0.9811104536056519,0.17843087017536163,-0.9580921530723572,0.12026171386241913,0.259993314743042,-0.2765405774116516,-0.1515236645936966,-0.948981523513794
300,1648822324.080669,172.4426727294922,89.90921783447266,1361.07275390625,0.9510037302970886,0.30297258496284485,0.06164049357175827,0.29462695121765137,-0.9484939575195312,0.11642248928546906,0.09373845905065536,-0.09255726635456085,-0.9912851452827454
4,1648822324.0806768,-25.047351837158203,-73.08132934570312,1444.9686279296875,-0.07163534313440323,-0.9811190366744995,0.17964917421340942,-0.9573475122451782,0.11817855387926102,0.2636656165122986,-0.27991804480552673,-0.1530989110469818,-0.9477376341819763
300,1648822324.1120622,172.44512939453125,89.91718292236328,1361.072265625,0.9510346055030823,0.3029026687145233,0.06150705739855766,0.2945580780506134,-0.9485003352165222,0.11654475331306458,0.09364117681980133,-0.09272069483995438,-0.9912790656089783
4,1648822324.1120698,-24.994178771972656,-73.03691101074219,1444.839599609375,-0.07167443633079529,-0.981033444404602,0.18010036647319794,-0.9579595923423767,0.11799811571836472,0.26151466369628906,-0.2778061330318451,-0.15378496050834656,-0.9482478499412537
300,1648822324.1427908,172.4425048828125,89.89755249023438,1361.063720703125,0.9509297609329224,0.3031843304634094,0.06174000725150108,0.29473021626472473,-0.9483336210250854,0.11746256053447723,0.09416293352842331,-0.0935019999742508,-0.991156280040741
4,1648822324.1427982,-25.236164093017578,-73.02474212646484,1444.818603515625,-0.07359227538108826,-0.9807729721069336,0.18074432015419006,-0.9572375416755676,0.12031222879886627,0.26309922337532043,-0.2797863781452179,-0.15365318953990936,-0.9476867914199829
300,1648822324.1730287,172.4413604736328,89.89928436279297,1361.0277099609375,0.9508856534957886,0.30317753553390503,0.062449321150779724,0.29479894042015076,-0.9484955668449402,0.11597315222024918,0.09439335763454437,-0.09186720848083496,-0.9912871718406677
4,1648822324.1730366,-25.52484130859375,-72.99624633789062,1444.782470703125,-0.07637850195169449,-0.9804926514625549,0.18110908567905426,-0.9569547772407532,0.12309484928846359,0.2628405690193176,-0.2800068259239197,-0.15323784947395325,-0.9476889371871948
300,1648822324.204203,172.44078063964844,89.9117660522461,1361.0654296875,0.9510060548782349,0.3029933273792267,0.06150185689330101,0.2947121560573578,-0.9485344886779785,0.11587536334991455,0.09344609081745148,-0.09207282960414886,-0.9913578629493713
4,1648822324.204211,-25.894975662231445,-72.97974395751953,1444.762451171875,-0.0794835165143013,-0.9805517792701721,0.17944525182247162,-0.956654965877533,0.1256278157234192,0.26273348927497864,-0.2801671028137207,-0.1507842093706131,-0.9480350613594055
300,1648822324.2347648,172.43678283691406,89.90718078613281,1361.0633544921875,0.9510071873664856,0.30301764607429504,0.06136523187160492,0.29467251896858215,-0.9484472274780273,0.11668745428323746,0.09356003999710083,-0.09288796037435532,-0.9912710785865784
4,1648822324.2347727,-26.16781997680664,-72.97716522216797,1444.7586669921875,-0.08173292130231857,-0.9801567196846008,0.1805894374847412,-0.9568355679512024,0.12787382304668427,0.2609865963459015,-0.2789004445075989,-0.15146319568157196,-0.948300302028656
300,1648822324.2640896,172.43783569335938,89.91364288330078,1361.074462890625,0.9509978294372559,0.30307185649871826,0.061242230236530304,0.2946857511997223,-0.9483746886253357,0.11724212020635605,0.09361337125301361,-0.09344978630542755,-0.9912132620811462
4,1648822324.2640975,-26.398365020751953,-72.99085998535156,1444.841064453125,-0.08318956196308136,-0.9801831841468811,0.17977885901927948,-0.9564950466156006,0.12916019558906555,0.2616005539894104,-0.2796367406845093,-0.1501951515674591,-0.9482851624488831
300,1648822324.2943072,172.44131469726562,89.91499328613281,1361.06005859375,0.9509862065315247,0.3029845058917999,0.0618516206741333,0.2946629822254181,-0.9485393762588501,0.11596008390188217,0.093802809715271,-0.09205105900764465,-0.9913262128829956
4,1648822324.2943144,-26.634998321533203,-73.0121841430664,1444.870849609375,-0.0847567543387413,-0.9803130626678467,0.17833271622657776,-0.956454336643219,0.13021472096443176,0.26122647523880005,-0.27930527925491333,-0.1484263837337494,-0.9486612677574158
300,1648822324.3243241,172.44081115722656,89.92656707763672,1361.0467529296875,0.9510142207145691,0.3029496669769287,0.06159099563956261,0.2946465015411377,-0.9485369324684143,0.11602216213941574,0.09357020258903503,-0.09219115227460861,-0.9913351535797119
4,1648822324.3243315,-26.687257766723633,-73.00579071044922,1444.8885498046875,-0.08520002663135529,-0.9805464744567871,0.17683210968971252,-0.9568120837211609,0.13002745807170868,0.26000678539276123,-0.2779417634010315,-0.14704251289367676,-0.9492770433425903
410,1648822324.3243363,-33.31254577636719,-202.4041290283203,1385.2030029296875,-0.07539190351963043,0.9805260896682739,-0.18134139478206635,-0.9567574262619019,-0.12236994504928589,-0.2638953924179077,-0.2809470593929291,0.1536041498184204,0.947351336479187
300,1648822324.3563762,172.43548583984375,89.93095397949219,1361.06005859375,0.9510441422462463,0.30289027094841003,0.06142071262001991,0.2945590913295746,-0.9485068917274475,0.1164885014295578,0.0935412049293518,-0.09269367903470993,-0.9912910461425781
4,1648822324.356384,-26.689172744750977,-73.02354431152344,1444.9171142578125,-0.08516049385070801,-0.9804478883743286,0.17739665508270264,-0.9570695161819458,0.1300043761730194,0.25906914472579956,-0.2770661413669586,-0.14771847426891327,-0.9494280219078064
410,1648822324.3563886,-33.11427307128906,-198.30397033691406,1386.6103515625,-0.07517421245574951,0.981196939945221,-0.17776787281036377,-0.9574040770530701,-0.12086249887943268,-0.26223984360694885,-0.27879437804222107,0.15048201382160187,0.9484876394271851
300,1648822324.386521,172.43821716308594,89.9421615600586,1361.1182861328125,0.9510883688926697,0.3028954863548279,0.060706425458192825,0.2945893704891205,-0.9484428763389587,0.11693257838487625,0.09299492835998535,-0.09332974255084991,-0.9912827610969543
4,1648822324.3865285,-26.555326461791992,-73.03938293457031,1445.0111083984375,-0.08423779904842377,-0.9804009199142456,0.17809559404850006,-0.9567121267318726,0.12954464554786682,0.26061487197875977,-0.27857840061187744,-0.14843258261680603,-0.9488739967346191
410,1648822324.386533,-32.787654876708984,-194.8395538330078,1387.95947265625,-0.07466059178113937,0.9816274642944336,-0.17559434473514557,-0.9582933783531189,-0.11933718621730804,-0.259677529335022,-0.2758615016937256,0.14888322353363037,0.9495968818664551
300,1648822324.4166958,172.43817138671875,89.93878936767578,1361.07177734375,0.9510096907615662,0.3029481768608093,0.06166786327958107,0.29463011026382446,-0.9485319256782532,0.11610470712184906,0.0936676487326622,-0.09224750101566315,-0.9913207292556763
4,1648822324.4167032,-26.294883728027344,-73.05602264404297,1445.00146484375,-0.08262668550014496,-0.9803336262702942,0.1792171597480774,-0.9570455551147461,0.12820471823215485,0.2600526213645935,-0.277914822101593,-0.1500317007303238,-0.9488170742988586
410,1648822324.416708,-32.20183563232422,-191.4019012451172,1389.1553955078125,-0.07294737547636032,0.982146143913269,-0.17340035736560822,-0.9592003226280212,-0.11670803278684616,-0.257515013217926,-0.2731545865535736,0.1475406289100647,0.9505884051322937
300,1648822324.446936,172.43284606933594,89.94835662841797,1361.09912109375,0.9510852098464966,0.30290886759757996,0.0606890469789505,0.2946196496486664,-0.9484536051750183,0.11676932871341705,0.09293121099472046,-0.09317739307880402,-0.9913030862808228
4,1648822324.4469433,-25.937376022338867,-73.080078125,1445.0401611328125,-0.07994082570075989,-0.980225145816803,0.18101972341537476,-0.9574882984161377,0.126008078455925,0.25949594378471375,-0.2771744132041931,-0.15257993340492249,-0.9486272931098938
410,1648822324.4469476,-31.48683738708496,-187.9225616455078,1390.117919921875,-0.07114452868700027,0.9827889204025269,-0.17048291862010956,-0.9596595764160156,-0.11405055969953537,-0.2569940388202667,-0.2720145881175995,0.14532184600830078,0.9512568712234497
300,1648822324.476109,172.43858337402344,89.94519805908203,1361.063232421875,0.9510257840156555,0.3029461205005646,0.06143017113208771,0.29457151889801025,-0.9484478235244751,0.1169373169541359,0.09368901699781418,-0.09311482310295105,-0.9912375807762146
4,1648822324.4761164,-25.584636688232422,-73.13677215576172,1445.0943603515625,-0.07762187719345093,-0.980104386806488,0.1826753169298172,-0.9579214453697205,0.12410373985767365,0.25881412625312805,-0.27633556723594666,-0.1548989713191986,-0.9484961628913879
410,1648822324.4761217,-30.911386489868164,-184.39979553222656,1390.828857421875,-0.06812024861574173,0.9842696785926819,-0.16301189363002777,-0.9593072533607483,-0.10949759185314178,-0.26026877760887146,-0.2740240693092346,0.13864891231060028,0.951676070690155
300,1648822324.5082076,172.43472290039062,89.94701385498047,1361.0887451171875,0.9510642886161804,0.3028653860092163,0.06123153865337372,0.294501930475235,-0.9484593868255615,0.11701881140470505,0.09351657330989838,-0.09325960278511047,-0.9912402629852295
4,1648822324.5082147,-25.273948669433594,-73.19363403320312,1445.154541015625,-0.07512735575437546,-0.9800679087638855,0.18390972912311554,-0.9580613970756531,0.12208941578865051,0.2592537999153137,-0.27653977274894714,-0.15671975910663605,-0.9481374621391296
410,1648822324.5082197,-30.31766128540039,-180.61807250976562,1391.4462890625,-0.06449415534734726,0.9854795336723328,-0.15706858038902283,-0.9590169787406921,-0.10472545772790909,-0.2632851004600525,-0.2759111523628235,0.13365107774734497,0.9518458247184753
300,1648822324.538583,172.43943786621094,89.93402099609375,1361.0645751953125,0.9509884119033813,0.30305665731430054,0.06146295368671417,0.294577032327652,-0.9483131766319275,0.11801058799028397,0.09405002743005753,-0.09412112832069397,-0.9911083579063416
4,1648822324.538591,-24.94790267944336,-73.22647857666016,1445.1937255859375,-0.07257499545812607,-0.9801216125488281,0.1846468597650528,-0.9584745764732361,0.11973267048597336,0.2588253915309906,-0.2757886052131653,-0.15819506347179413,-0.9481112360954285
410,1648822324.5385954,-29.627580642700195,-177.4552764892578,1392.1556396484375,-0.06211135908961296,0.986109733581543,-0.1540445238351822,-0.9588061571121216,-0.10181757062673569,-0.265186607837677,-0.2771875560283661,0.13122773170471191,0.9518121480941772
300,1648822324.568787,172.4412841796875,89.93558502197266,1361.056884765625,0.9509617686271667,0.3030692934989929,0.061811961233615875,0.2946733832359314,-0.948435366153717,0.11678166687488556,0.09401758760213852,-0.09284055978059769,-0.9912322163581848
4,1648822324.5687947,-24.60866928100586,-73.26300811767578,1445.2291259765625,-0.06992030143737793,-0.9802536964416504,0.18496999144554138,-0.9588969349861145,0.11716292798519135,0.2584366798400879,-0.27500513195991516,-0.1592971831560135,-0.9481543302536011
410,1648822324.5687993,-28.87172508239746,-174.57351684570312,1393.0843505859375,-0.060966845601797104,0.9860842823982239,-0.15466351807117462,-0.9586142897605896,-0.10101839900016785,-0.26618409156799316,-0.2781038284301758,0.13203424215316772,0.9514332413673401
300,1648822324.5990105,172.4427947998047,89.9334945678711,1361.030029296875,0.950972318649292,0.30295413732528687,0.062212515622377396,0.294691801071167,-0.9486492276191711,0.11498437821865082,0.09385284781455994,-0.09101344645023346,-0.9914172887802124
4,1648822324.5990188,-24.44828987121582,-73.3138427734375,1445.31494140625,-0.06817084550857544,-0.9802029728889465,0.1858893632888794,-0.9590021371841431,0.1157536581158638,0.2586812973022461,-0.27507755160331726,-0.16063377261161804,-0.9479077458381653
410,1648822324.599024,-28.27372932434082,-171.77383422851562,1394.0755615234375,-0.06124230474233627,0.9854211807250977,-0.15872769057750702,-0.9591589570045471,-0.10210166871547699,-0.26379796862602234,-0.27615848183631897,0.1360894739627838,0.9514284729957581
300,1648822324.628621,172.4438934326172,89.9378433227539,1361.0638427734375,0.9510565400123596,0.3028396964073181,0.061478257179260254,0.2945643663406372,-0.9485845565795898,0.11584107577800751,0.09339860081672668,-0.09206210821866989,-0.9913633465766907
4,1648822324.6286287,-24.386674880981445,-73.33299255371094,1445.33251953125,-0.06811898201704025,-0.9808152318000793,0.18265073001384735,-0.9596507549285889,0.11447811871767044,0.2568369209766388,-0.2728191018104553,-0.15778544545173645,-0.9490382075309753
410,1648822324.6286333,-27.9383487701416,-169.05406188964844,1394.990478515625,-0.061704181134700775,0.9852440357208252,-0.1596457064151764,-0.9595282673835754,-0.10258956998586655,-0.2622610628604889,-0.2747691571712494,0.13700196146965027,0.9516997337341309
300,1648822324.6602383,172.4349822998047,89.98515319824219,1361.0626220703125,0.9510103464126587,0.30290448665618896,0.06187276169657707,0.2944577932357788,-0.9484431147575378,0.1172613725066185,0.09420178830623627,-0.09329785406589508,-0.9911717772483826
4,1648822324.6602461,-23.841657638549805,-73.3613510131836,1445.531982421875,-0.06374482065439224,-0.9799342751502991,0.18885283172130585,-0.9594094157218933,0.11226775497198105,0.2587074935436249,-0.27471843361854553,-0.16469591856002808,-0.9473146200180054
410,1648822324.660251,-27.661806106567383,-167.40773010253906,1395.6588134765625,-0.06700944900512695,0.9847391247749329,-0.16061924397945404,-0.9591889977455139,-0.10790222883224487,-0.2613685429096222,-0.274711012840271,0.13655005395412445,0.9517814517021179
300,1648822324.6901932,172.44052124023438,89.97695922851562,1361.0894775390625,0.9510456323623657,0.3028354048728943,0.061667345464229584,0.2944642901420593,-0.9485141038894653,0.11666930466890335,0.09382394701242447,-0.09279900044202805,-0.991254448890686
4,1648822324.6902006,-23.847944259643555,-73.39894104003906,1445.531005859375,-0.06323972344398499,-0.9802611470222473,0.18731997907161713,-0.9597580432891846,0.11119507998228073,0.25787633657455444,-0.2736152112483978,-0.16347381472587585,-0.947845458984375
410,1648822324.690205,-28.07257652282715,-167.11744689941406,1395.68994140625,-0.07218671590089798,0.9844509363174438,-0.16014176607131958,-0.9584464430809021,-0.11289682984352112,-0.2619822025299072,-0.2759881317615509,0.13457567989826202,0.9516931772232056
300,1648822324.7201574,172.4452667236328,89.94587707519531,1361.045654296875,0.9509740471839905,0.3029865324497223,0.06202830746769905,0.29462531208992004,-0.9485210180282593,0.11620602011680603,0.09404401481151581,-0.0922337993979454,-0.9912863373756409
4,1648822324.7201645,-24.239192962646484,-73.39535522460938,1445.489990234375,-0.06614556908607483,-0.9809281826019287,0.18276934325695038,-0.9597913026809692,0.11262927204370499,0.25712892413139343,-0.2728101909160614,-0.15841248631477356,-0.9489362835884094
410,1648822324.7201695,-28.504104614257812,-166.85708618164062,1395.403564453125,-0.07254920899868011,0.9846069812774658,-0.15901488065719604,-0.9576113820075989,-0.11333084851503372,-0.264833003282547,-0.27877771854400635,0.13306103646755219,0.9510928988456726
300,1648822324.7505977,172.44468688964844,89.96456909179688,1361.068603515625,0.9510313272476196,0.3028995096683502,0.061573415994644165,0.2945813834667206,-0.9485354423522949,0.11619970202445984,0.09360140562057495,-0.09237118065357208,-0.991315484046936
4,1648822324.7506073,-24.283113479614258,-73.3447265625,1445.444580078125,-0.06653161346912384,-0.9808337092399597,0.18313606083393097,-0.9594025611877441,0.1133027970790863,0.2582811713218689,-0.27408069372177124,-0.15851734578609467,-0.9485526084899902
410,1648822324.750612,-28.471561431884766,-166.49215698242188,1395.06201171875,-0.07128787785768509,0.98420250415802,-0.16206006705760956,-0.9565181136131287,-0.11352282017469406,-0.2686738073825836,-0.2828269600868225,0.13586020469665527,0.949500322341919
300,1648822324.7808292,172.43972778320312,89.95240783691406,1361.0770263671875,0.9510477185249329,0.3028809726238251,0.061410967260599136,0.2945057153701782,-0.9484648108482361,0.1169653832912445,0.0936727300286293,-0.09315378218889236,-0.9912354946136475
4,1648822324.7808366,-24.327510833740234,-73.29216003417969,1445.351318359375,-0.0668780729174614,-0.9802605509757996,0.18605539202690125,-0.9589492678642273,0.11465246230363846,0.25936686992645264,-0.2755787968635559,-0.16107171773910522,-0.9476878046989441
410,1648822324.780841,-28.581005096435547,-166.09677124023438,1394.572265625,-0.07236650586128235,0.9842846989631653,-0.1610797941684723,-0.9555237293243408,-0.11471432447433472,-0.271689236164093,-0.28589770197868347,0.1342543661594391,0.9488088488578796
300,1648822324.8121912,172.4399871826172,89.96875762939453,1361.0704345703125,0.9510024785995483,0.30295735597610474,0.061733804643154144,0.29455041885375977,-0.9484493136405945,0.1169784665107727,0.09399086982011795,-0.09306309372186661,-0.9912139177322388
4,1648822324.8121984,-24.601062774658203,-73.15069580078125,1445.13818359375,-0.06939622014760971,-0.9803447127342224,0.1846846044063568,-0.9586562514305115,0.11675015836954117,0.2595142424106598,-0.2759753465652466,-0.15903973579406738,-0.9479156136512756
410,1648822324.8122032,-29.081144332885742,-165.77874755859375,1394.1402587890625,-0.07448503375053406,0.9844775795936584,-0.15892094373703003,-0.9548998475074768,-0.11634647846221924,-0.273184597492218,-0.28743401169776917,0.13140541315078735,0.9487435221672058
300,1648822324.8425481,172.434814453125,89.9731674194336,1361.071533203125,0.9510201811790466,0.30288639664649963,0.06180959194898605,0.2945472300052643,-0.9485471844673157,0.11619023233652115,0.09382175654172897,-0.09229341149330139,-0.9913018941879272
4,1648822324.8425558,-24.803735733032227,-73.03812408447266,1444.9473876953125,-0.07135404646396637,-0.9804226756095886,0.18352103233337402,-0.9582701921463013,0.11844233423471451,0.26017236709594727,-0.2768155336380005,-0.15729838609695435,-0.947961151599884
410,1648822324.84256,-29.594751358032227,-165.6555938720703,1393.951171875,-0.07818689197301865,0.9843361973762512,-0.15801599621772766,-0.954659640789032,-0.11959368735551834,-0.2726213037967682,-0.28724873065948486,0.12953607738018036,0.9490566849708557
300,1648822324.8725166,172.43112182617188,89.9815673828125,1361.0357666015625,0.9509804248809814,0.30288684368133545,0.06241600960493088,0.2945042550563812,-0.9485770463943481,0.11605522781610489,0.09435799717903137,-0.09198447316884995,-0.991279661655426
4,1648822324.8725238,-24.984058380126953,-73.01062774658203,1444.9676513671875,-0.07199341803789139,-0.9801154136657715,0.1849072277545929,-0.9575093984603882,0.11982406675815582,0.2623317837715149,-0.27927178144454956,-0.15816424787044525,-0.9470962882041931
410,1648822324.8725283,-29.91875648498535,-165.7045135498047,1394.0438232421875,-0.08118239790201187,0.9837296605110168,-0.16026656329631805,-0.9548989534378052,-0.12284426391124725,-0.2703281044960022,-0.2856175899505615,0.13109250366687775,0.9493352174758911
300,1648822324.9045644,172.42974853515625,89.97171020507812,1361.0565185546875,0.9510512948036194,0.3028012812137604,0.06174799054861069,0.29450833797454834,-0.9486113786697388,0.11576413363218307,0.09362836927175522,-0.09191232919692993,-0.9913555383682251
4,1648822324.9045725,-25.1224308013916,-73.01959228515625,1444.9774169921875,-0.07331182062625885,-0.9803202152252197,0.18329663574695587,-0.9575144648551941,0.12058725953102112,0.2619633376598358,-0.27891120314598083,-0.15630416572093964,-0.9475112557411194
410,1648822324.9045794,-29.995479583740234,-165.88111877441406,1394.331787109375,-0.08224116265773773,0.982902467250824,-0.16473959386348724,-0.9551377892494202,-0.12492424994707108,-0.26852503418922424,-0.2845138907432556,0.13526520133018494,0.9490812420845032
300,1648822324.9342313,172.43653869628906,89.95613098144531,1361.025634765625,0.9510315656661987,0.30289462208747864,0.061594195663928986,0.29451510310173035,-0.9484787583351135,0.1168283075094223,0.09380745142698288,-0.09296698123216629,-0.9912402629852295
4,1648822324.9342396,-24.96012306213379,-73.0728759765625,1445.0250244140625,-0.07192209362983704,-0.9797648787498474,0.18678341805934906,-0.9578129649162292,0.12008713185787201,0.2611004412174225,-0.27824732661247253,-0.16012468934059143,-0.9470683932304382
410,1648822324.9342444,-29.6851863861084,-166.13140869140625,1394.7301025390625,-0.08293859660625458,0.9821598529815674,-0.16876964271068573,-0.9556741118431091,-0.12639565765857697,-0.26591554284095764,-0.28250330686569214,0.13923411071300507,0.9491078853607178
300,1648822324.964624,172.43614196777344,89.98375701904297,1361.0281982421875,0.950998067855835,0.30283382534980774,0.06240497902035713,0.2944353222846985,-0.9485764503479004,0.11623486876487732,0.09439574927091599,-0.09216490387916565,-0.9912593364715576
4,1648822324.9646318,-24.716514587402344,-73.10671997070312,1445.144287109375,-0.07050222903490067,-0.9795367121696472,0.18851332366466522,-0.9582086801528931,0.11902972310781479,0.260130912065506,-0.27724647521972656,-0.16229529678821564,-0.9469923973083496
410,1648822324.9646363,-29.307878494262695,-166.20787048339844,1395.0084228515625,-0.0821731835603714,0.9823371767997742,-0.16811087727546692,-0.9562897682189941,-0.12521715462207794,-0.26425474882125854,-0.28063762187957764,0.13904805481433868,0.9496884346008301
300,1648822324.9949398,172.43161010742188,89.96903991699219,1361.0712890625,0.9510234594345093,0.30291229486465454,0.06163245067000389,0.2945805788040161,-0.9485251903533936,0.1162850558757782,0.0936841070652008,-0.09243409335613251,-0.9913017749786377
4,1648822324.9949474,-23.67812156677246,-73.19287872314453,1445.2869873046875,-0.06385231018066406,-0.9784600734710693,0.1963130235671997,-0.9585361480712891,0.11487584561109543,0.26079103350639343,-0.2777252495288849,-0.17152100801467896,-0.9452244639396667
410,1648822324.9949522,-28.372224807739258,-166.15203857421875,1395.09130859375,-0.08370254933834076,0.9818375706672668,-0.17026114463806152,-0.9555127024650574,-0.12757396697998047,-0.2659330368041992,-0.28282395005226135,0.14042741060256958,0.9488365054130554
300,1648822325.0242915,172.4302978515625,89.99769592285156,1361.0673828125,0.9510529637336731,0.30283114314079285,0.061575356870889664,0.2945055067539215,-0.9485492706298828,0.11627873033285141,0.09362008422613144,-0.09245295077562332,-0.9913060665130615
4,1648822325.0242996,-23.429697036743164,-73.17131805419922,1445.2918701171875,-0.06181124225258827,-0.9788274765014648,0.19513118267059326,-0.9588090777397156,0.11253941804170609,0.2608065903186798,-0.27724459767341614,-0.1709727644920349,-0.9454648494720459
410,1648822325.0243044,-28.124719619750977,-165.6547088623047,1394.678955078125,-0.08447881042957306,0.9821584820747375,-0.16801190376281738,-0.9542694687843323,-0.12827229499816895,-0.27002954483032227,-0.286763072013855,0.13751685619354248,0.9480801820755005
300,1648822325.0570717,172.42800903320312,89.98632049560547,1361.0858154296875,0.9511075019836426,0.30279025435447693,0.060930993407964706,0.2944616973400116,-0.9484803676605225,0.11694985628128052,0.09320312738418579,-0.09329003840684891,-0.9912669658660889
4,1648822325.0570793,-22.61200714111328,-73.16493225097656,1445.2701416015625,-0.05631377547979355,-0.9785811901092529,0.19800913333892822,-0.9592427015304565,0.10803598910570145,0.26111629605293274,-0.27691560983657837,-0.1752343773841858,-0.9447807669639587
410,1648822325.0570836,-27.470840454101562,-164.90093994140625,1393.9739990234375,-0.0837859958410263,0.9828154444694519,-0.16448017954826355,-0.9521498084068298,-0.12764647603034973,-0.2776997685432434,-0.29392293095588684,0.1333424150943756,0.9464824795722961
300,1648822325.0863426,172.4288330078125,89.98332214355469,1361.0740966796875,0.9511089324951172,0.3027568459510803,0.0610746406018734,0.29439064860343933,-0.9484706521034241,0.11720746010541916,0.0934128612279892,-0.09349726140499115,-0.9912276864051819
4,1648822325.0863495,-22.221641540527344,-73.1005630493164,1445.1314697265625,-0.053498368710279465,-0.9785961508750916,0.19871468842029572,-0.9591326713562012,0.10572987794876099,0.26246076822280884,-0.27785319089889526,-0.17655253410339355,-0.9442599415779114
410,1648822325.0863585,-26.912033081054688,-164.19833374023438,1393.245849609375,-0.0813291147351265,0.9831495881080627,-0.1637144833803177,-0.9502612948417664,-0.1260356903076172,-0.2848130762577057,-0.3006477355957031,0.13240794837474823,0.9444993734359741
300,1648822325.1164188,172.43028259277344,89.9760513305664,1361.1181640625,0.9511163234710693,0.30279049277305603,0.060791801661252975,0.29447370767593384,-0.9484749436378479,0.1169636994600296,0.09307499974966049,-0.09334450215101242,-0.9912738800048828
4,1648822325.1164262,-22.238502502441406,-73.00674438476562,1444.986572265625,-0.05308088660240173,-0.9784923195838928,0.19933678209781647,-0.9585763812065125,0.1058695912361145,0.26442936062812805,-0.27984583377838135,-0.1770433932542801,-0.9435793161392212
410,1648822325.1164315,-26.444480895996094,-163.68470764160156,1392.5958251953125,-0.07990406453609467,0.9824962615966797,-0.1682748645544052,-0.9489414095878601,-0.12665729224681854,-0.2889084815979004,-0.30516475439071655,0.13659803569316864,0.9424518346786499
300,1648822325.1464746,172.43348693847656,89.97857666015625,1361.076171875,0.9510865807533264,0.30276110768318176,0.06140023097395897,0.2944580912590027,-0.9485719799995422,0.11621366441249847,0.09342751652002335,-0.09244946390390396,-0.9913245439529419
4,1648822325.1464818,-22.40420913696289,-72.90019989013672,1444.80419921875,-0.05456429347395897,-0.9787347912788391,0.1977396309375763,-0.9581345915794373,0.1070658266544342,0.2655467092990875,-0.2810709774494171,-0.1749718189239502,-0.9436016082763672
410,1648822325.1464863,-25.986242294311523,-163.60574340820312,1392.448974609375,-0.08061988651752472,0.9805908203125,-0.17872354388237,-0.9482160806655884,-0.1307191550731659,-0.28948017954826355,-0.30722418427467346,0.14613066613674164,0.9403505325317383
300,1648822325.176631,172.4276580810547,89.99156951904297,1361.086669921875,0.951110303401947,0.3027366101741791,0.061153631657361984,0.29448360204696655,-0.9485991597175598,0.11592667549848557,0.09310553967952728,-0.09225031733512878,-0.9913734197616577
4,1648822325.1766384,-22.699203491210938,-72.7948989868164,1444.629150390625,-0.05692917853593826,-0.978514552116394,0.19816254079341888,-0.9577172994613647,0.10959207266569138,0.26602089405059814,-0.2820223569869995,-0.17463934421539307,-0.943379282951355
410,1648822325.1766434,-25.782642364501953,-163.7582550048828,1392.5018310546875,-0.08331429213285446,0.9773929715156555,-0.19432377815246582,-0.9487327933311462,-0.13745978474617004,-0.2846240699291229,-0.30490127205848694,0.16064809262752533,0.938737154006958
300,1648822325.208773,172.43055725097656,89.98966217041016,1361.0538330078125,0.951058030128479,0.30282801389694214,0.0615127868950367,0.2944260239601135,-0.948466956615448,0.11714840680360794,0.09381866455078125,-0.09330397099256516,-0.9912075400352478
4,1648822325.2087812,-23.139869689941406,-72.72216796875,1444.5433349609375,-0.060267891734838486,-0.9785485863685608,0.19700369238853455,-0.956996500492096,0.11275223642587662,0.2672913372516632,-0.2837701439857483,-0.17242275178432465,-0.9432628750801086
410,1648822325.2087865,-26.17928123474121,-163.8809814453125,1392.5421142578125,-0.08866285532712936,0.975235104560852,-0.20262129604816437,-0.949156641960144,-0.14440998435020447,-0.2797274887561798,-0.302060604095459,0.16751791536808014,0.9384546875953674
300,1648822325.2382445,172.43145751953125,90.01040649414062,1361.017578125,0.9510213732719421,0.302819162607193,0.062119703739881516,0.29439520835876465,-0.9485217928886414,0.11678127944469452,0.0942855030298233,-0.09277375042438507,-0.9912130236625671
4,1648822325.2382524,-23.63682746887207,-72.63148498535156,1444.428466796875,-0.06375414878129959,-0.9788491725921631,0.1943957656621933,-0.9568570852279663,0.11528891324996948,0.26670771837234497,-0.2834782898426056,-0.16900523006916046,-0.9439688920974731
410,1648822325.238257,-26.9564208984375,-163.92173767089844,1392.6409912109375,-0.09262817353010178,0.9745123982429504,-0.20431743562221527,-0.9488862752914429,-0.1485747992992401,-0.27846071124076843,-0.3017198443412781,0.16808070242404938,0.9384636282920837
300,1648822325.268616,172.43505859375,89.99433898925781,1361.0201416015625,0.9510292410850525,0.30277490615844727,0.06221562251448631,0.2944941222667694,-0.9486867785453796,0.11518073081970215,0.09389697760343552,-0.09121810644865036,-0.9913942813873291
4,1648822325.2686234,-24.113420486450195,-72.59004974365234,1444.332275390625,-0.06707113236188889,-0.9793392419815063,0.19077768921852112,-0.9561696648597717,0.11771292984485626,0.2681105434894562,-0.2850281596183777,-0.16443336009979248,-0.9443095922470093
410,1648822325.2686281,-27.590648651123047,-163.9685516357422,1392.6602783203125,-0.09490211308002472,0.9744459986686707,-0.2035893052816391,-0.949039876461029,-0.15030226111412048,-0.27700644731521606,-0.30052775144577026,0.16692586243152618,0.9390521049499512
300,1648822325.2981231,172.43417358398438,90.0013427734375,1361.0050048828125,0.9509556293487549,0.30289459228515625,0.0627555102109909,0.2944919764995575,-0.948595404624939,0.11593616008758545,0.09464602917432785,-0.09176915138959885,-0.9912722110748291
4,1648822325.2981346,-24.448780059814453,-72.5339584350586,1444.2354736328125,-0.06942403316497803,-0.9794551730155945,0.18933537602424622,-0.9558316469192505,0.11964482069015503,0.26846039295196533,-0.28559792041778564,-0.16233514249324799,-0.9445004463195801
410,1648822325.2981584,-28.024625778198242,-163.95956420898438,1392.6776123046875,-0.09567157179117203,0.974534809589386,-0.20280247926712036,-0.9492307901382446,-0.1506565362215042,-0.27615851163864136,-0.29967960715293884,0.1660858392715454,0.9394720196723938
300,1648822325.328383,172.42950439453125,89.99229431152344,1361.0518798828125,0.951010525226593,0.3028683364391327,0.06204643473029137,0.2945236563682556,-0.9485757350921631,0.11601687222719193,0.09399357438087463,-0.09205912053585052,-0.9913073778152466
4,1648822325.3283901,-24.815359115600586,-72.53160095214844,1444.2529296875,-0.07189632207155228,-0.9794337749481201,0.18852153420448303,-0.9554970860481262,0.12185075879096985,0.2686590850353241,-0.28610527515411377,-0.16081617772579193,-0.9446067810058594
410,1648822325.3284144,-28.587182998657227,-163.96017456054688,1392.69873046875,-0.0953778550028801,0.9754956364631653,-0.19827085733413696,-0.9494391679763794,-0.14899718761444092,-0.27634236216545105,-0.29911258816719055,0.16188916563987732,0.9403848052024841
300,1648822325.3601408,172.4242706298828,89.99075317382812,1361.09765625,0.9510472416877747,0.30288681387901306,0.061390090733766556,0.2944996654987335,-0.948448657989502,0.11711160838603973,0.09369690716266632,-0.09329930692911148,-0.9912195205688477
4,1648822325.3601482,-24.989059448242188,-72.55549621582031,1444.2764892578125,-0.07341361045837402,-0.9793777465820312,0.1882278174161911,-0.9557026624679565,0.12302856892347336,0.2673879861831665,-0.2850312292575836,-0.1602599173784256,-0.9450259208679199
410,1648822325.3601532,-29.128713607788086,-163.99652099609375,1392.82177734375,-0.09493910521268845,0.9766504764556885,-0.19271856546401978,-0.9495939612388611,-0.14694978296756744,-0.27690622210502625,-0.2987605333328247,0.15671515464782715,0.9413726925849915
300,1648822325.3904462,172.42640686035156,89.9884262084961,1361.0924072265625,0.9511166214942932,0.3027598261833191,0.06093934550881386,0.2944605052471161,-0.9485199451446533,0.11663159728050232,0.09311354905366898,-0.09298602491617203,-0.9913039207458496
4,1648822325.3904536,-25.05834197998047,-72.64238739013672,1444.44970703125,-0.07388265430927277,-0.979379415512085,0.18803542852401733,-0.9557889103889465,0.12335218489170074,0.26693037152290344,-0.2846207022666931,-0.16000065207481384,-0.9451935291290283
410,1648822325.3904583,-29.473066329956055,-164.1295623779297,1393.111572265625,-0.09384697675704956,0.9778284430503845,-0.18720118701457977,-0.9501398205757141,-0.14412756264209747,-0.27651679515838623,-0.29736682772636414,0.15191704034805298,0.9425997138023376
300,1648822325.420773,172.4297637939453,89.98942565917969,1361.0614013671875,0.9510456323623657,0.3028671145439148,0.0615120492875576,0.29443657398223877,-0.9484264254570007,0.11744948476552963,0.09391123801469803,-0.09358841925859451,-0.9911719560623169
4,1648822325.420781,-25.029630661010742,-72.78807830810547,1444.64013671875,-0.07408130913972855,-0.9793247580528259,0.1882418543100357,-0.9565255641937256,0.1231713816523552,0.2643626630306244,-0.2820828855037689,-0.16047382354736328,-0.9458738565444946
410,1648822325.420786,-29.620887756347656,-164.3889923095703,1393.531494140625,-0.09244146198034286,0.9789130091667175,-0.18216438591480255,-0.9510631561279297,-0.14097870886325836,-0.2749616801738739,-0.2948448657989502,0.1478319764137268,0.9440403580665588
300,1648822325.4506936,172.43043518066406,89.99727630615234,1361.06787109375,0.9510685205459595,0.3027462363243103,0.06175266578793526,0.2943870425224304,-0.9485636353492737,0.11646172404289246,0.09383468329906464,-0.09258389472961426,-0.9912735819816589
4,1648822325.4507012,-24.791467666625977,-72.9864730834961,1444.9600830078125,-0.07267212122678757,-0.9792901873588562,0.18896956741809845,-0.9575883746147156,0.12147975713014603,0.2612799108028412,-0.2788248360157013,-0.16196729242801666,-0.9465850591659546
410,1648822325.4507058,-29.509366989135742,-164.76370239257812,1394.149169921875,-0.0905691385269165,0.9797195196151733,-0.178737074136734,-0.9522445797920227,-0.13774357736110687,-0.2725013494491577,-0.2915947735309601,0.14552119374275208,0.9454078674316406
300,1648822325.480855,172.4288787841797,89.99369812011719,1361.0819091796875,0.9510448575019836,0.30283769965171814,0.061668761074543,0.2944049537181854,-0.9484524726867676,0.11731833219528198,0.09401830285787582,-0.0934194028377533,-0.9911777973175049
4,1648822325.4808621,-24.46084213256836,-73.19525909423828,1445.293212890625,-0.07015858590602875,-0.9787330627441406,0.19276753067970276,-0.9585973024368286,0.11961369961500168,0.25842559337615967,-0.27598729729652405,-0.16665565967559814,-0.9466028213500977
410,1648822325.4808671,-29.24006462097168,-165.1466064453125,1394.7574462890625,-0.0882282704114914,0.9808294773101807,-0.17375054955482483,-0.9535218477249146,-0.13361553847789764,-0.27007967233657837,-0.2881178855895996,0.14184626936912537,0.9470310211181641
300,1648822325.5130649,172.42974853515625,89.98048400878906,1361.0509033203125,0.9510031938552856,0.3028596043586731,0.06220085173845291,0.2944711744785309,-0.9485539793968201,0.11632725596427917,0.09423169493675232,-0.09231124073266983,-0.9912613034248352
4,1648822325.5130935,-24.10991668701172,-73.43685913085938,1445.68896484375,-0.06759697198867798,-0.9783775806427002,0.19546863436698914,-0.9595099091529846,0.11744381487369537,0.2560228407382965,-0.2734435796737671,-0.17024771869182587,-0.9467018246650696
410,1648822325.5130997,-28.867874145507812,-165.61268615722656,1395.462890625,-0.08507771044969559,0.9819164276123047,-0.1691209226846695,-0.9550921320915222,-0.12872134149074554,-0.26688918471336365,-0.2838323712348938,0.13881973922252655,0.9487719535827637
300,1648822325.542891,172.4310760498047,89.98110961914062,1361.0914306640625,0.9510418772697449,0.30289071798324585,0.06145350635051727,0.29447346925735474,-0.9484252333641052,0.1173667460680008,0.09383335709571838,-0.0935242623090744,-0.9911854267120361
4,1648822325.5428982,-23.767675399780273,-73.63764953613281,1446.0120849609375,-0.06557665765285492,-0.9785686731338501,0.1952001452445984,-0.9606572985649109,0.11482170969247818,0.25289034843444824,-0.26988378167152405,-0.1709367334842682,-0.9475987553596497
410,1648822325.5429027,-28.457311630249023,-166.11631774902344,1396.2213134765625,-0.08206064999103546,0.9824793934822083,-0.16733279824256897,-0.9564625024795532,-0.12482008337974548,-0.2638169229030609,-0.280081182718277,0.13839855790138245,0.9499475359916687
300,1648822325.5728848,172.43142700195312,89.98369598388672,1361.04931640625,0.9510664939880371,0.30274587869644165,0.06178537756204605,0.29447752237319946,-0.9486569166183472,0.11546863615512848,0.0935707837343216,-0.0916239470243454,-0.991387665271759
4,1648822325.5728922,-23.328866958618164,-73.83853149414062,1446.3070068359375,-0.06265783309936523,-0.9783868193626404,0.19706158339977264,-0.961799681186676,0.11191554367542267,0.2498326152563095,-0.266487181186676,-0.17387978732585907,-0.9480244517326355
