300,1648821553.2725403,172.35394287109375,89.93988037109375,1361.1002197265625,0.9509506821632385,0.30309754610061646,0.06184355542063713,0.29474785923957825,-0.9484760165214539,0.11626215279102325,0.09389590471982956,-0.09233132004737854,-0.991291344165802
4,1648821553.272549,5.457190036773682,-80.1280288696289,1460.2320556640625,-0.013343862257897854,-0.9994526505470276,0.030271975323557854,-0.9796682596206665,0.019128652289509773,0.19971024990081787,-0.20017999410629272,-0.0269915871322155,-0.9793872833251953
300,1648821553.3043401,172.3417510986328,89.9437026977539,1361.139892578125,0.9510568976402283,0.3029980957508087,0.06068732962012291,0.2946414351463318,-0.9483581781387329,0.11748674511909485,0.09315158426761627,-0.09385557472705841,-0.9912183880805969
4,1648821553.3043482,5.479037761688232,-80.25531768798828,1460.5118408203125,-0.013132312335073948,-0.9993969798088074,0.0321434922516346,-0.9799817204475403,0.01925041526556015,0.19815462827682495,-0.1986539214849472,-0.028897807002067566,-0.9796435832977295
300,1648821553.3348932,172.34271240234375,89.93717193603516,1361.0841064453125,0.9510076642036438,0.30298861861228943,0.061500586569309235,0.2947158217430115,-0.9485440254211426,0.11578788608312607,0.0934184268116951,-0.09198997169733047,-0.9913681745529175
4,1648821553.3349016,5.555102348327637,-80.44359588623047,1460.8665771484375,-0.012930845841765404,-0.99937504529953,0.03289830684661865,-0.9809295535087585,0.019059577956795692,0.19342690706253052,-0.19393305480480194,-0.029769746586680412,-0.9805629849433899
300,1648821553.3645408,172.34512329101562,89.94491577148438,1361.0760498046875,0.9510000944137573,0.30294448137283325,0.06183401867747307,0.2945992648601532,-0.9485263228416443,0.11622854322195053,0.09386198967695236,-0.09231710433959961,-0.9912958741188049
4,1648821553.364549,5.509142875671387,-80.64262390136719,1461.264892578125,-0.013385468162596226,-0.9993784427642822,0.03261236846446991,-0.9818174839019775,0.01931268908083439,0.18884240090847015,-0.18935486674308777,-0.029491649940609932,-0.981465756893158
300,1648821553.3940191,172.34567260742188,89.93099212646484,1361.1085205078125,0.951029896736145,0.3030146658420563,0.061026979237794876,0.2947222590446472,-0.9484593272209167,0.11646325141191483,0.09317168593406677,-0.09277402609586716,-0.9913183450698853
4,1648821553.3940275,5.348920822143555,-80.82577514648438,1461.6439208984375,-0.014407855458557606,-0.9993114471435547,0.03419112414121628,-0.981965184211731,0.02058798260986805,0.18793751299381256,-0.18851204216480255,-0.0308667179197073,-0.981585681438446
300,1648821553.4242282,172.34922790527344,89.93287658691406,1361.0960693359375,0.9510204195976257,0.3030092716217041,0.06120103970170021,0.2947029173374176,-0.9484683275222778,0.11643916368484497,0.09332939237356186,-0.09269990026950836,-0.9913104176521301
4,1648821553.4242368,5.261046886444092,-80.9261703491211,1461.8433837890625,-0.015467695891857147,-0.9993137121200562,0.03365711122751236,-0.9824910759925842,0.021440565586090088,0.1850716918706894,-0.18566632270812988,-0.030205179005861282,-0.9821484684944153
300,1648821553.456309,172.34913635253906,89.91456604003906,1361.0869140625,0.9509913921356201,0.3031140863895416,0.06113242730498314,0.2947661876678467,-0.9483863711357117,0.11694519966840744,0.09342490136623383,-0.09319411218166351,-0.9912551045417786
4,1648821553.456317,5.149923801422119,-81.00544738769531,1462.0020751953125,-0.01658460684120655,-0.9992467761039734,0.03508332371711731,-0.9826976656913757,0.022763559594750404,0.18381264805793762,-0.18447281420230865,-0.03142784163355827,-0.9823350310325623
300,1648821553.4860325,172.34915161132812,89.91786193847656,1361.1300048828125,0.9510251879692078,0.30306872725486755,0.06083134189248085,0.2947293519973755,-0.9483717679977417,0.11715643852949142,0.09319718182086945,-0.09348994493484497,-0.9912486672401428
4,1648821553.4860406,5.03720235824585,-81.05783081054688,1462.096923828125,-0.017733098939061165,-0.9992782473564148,0.03359266370534897,-0.9828785061836243,0.02358519844710827,0.18273919820785522,-0.18339960277080536,-0.02977697364985943,-0.9825873374938965
300,1648821553.5164785,172.3455352783203,89.93460845947266,1361.0977783203125,0.9510416388511658,0.30299460887908936,0.060943279415369034,0.2947438955307007,-0.9484967589378357,0.11610298603773117,0.09298308193683624,-0.09245610982179642,-0.9913657307624817
4,1648821553.5164866,5.229915618896484,-81.08489990234375,1462.169921875,-0.016105908900499344,-0.999295175075531,0.03390800207853317,-0.983100414276123,0.02201164700090885,0.18173900246620178,-0.1823572814464569,-0.030407899990677834,-0.9827620387077332
300,1648821553.5467365,172.34994506835938,89.9388427734375,1361.089111328125,0.9510493278503418,0.3029765188694,0.060913439840078354,0.29475337266921997,-0.94852614402771,0.115838922560215,0.09287445992231369,-0.09221408516168594,-0.9913984537124634
4,1648821553.5467439,5.5426435470581055,-81.08576965332031,1462.1522216796875,-0.013333355076611042,-0.9992625117301941,0.036008529365062714,-0.9831323027610779,0.019670570269227028,0.18183501064777374,-0.18240922689437866,-0.032976675778627396,-0.9826695322990417
300,1648821553.57608,172.3544464111328,89.9433364868164,1361.1064453125,0.9510295391082764,0.30303236842155457,0.06094377487897873,0.2946953773498535,-0.9483991861343384,0.11701974272727966,0.093259796500206,-0.09332938492298126,-0.991257905960083
4,1648821553.576088,5.891115188598633,-81.0315170288086,1462.0413818359375,-0.010455414652824402,-0.9993236064910889,0.035256147384643555,-0.9831491112709045,0.01670856773853302,0.18204012513160706,-0.18250606954097748,-0.032758746296167374,-0.982658863067627
300,1648821553.60825,172.35791015625,89.94607543945312,1361.1036376953125,0.9510138630867004,0.30301782488822937,0.061260685324668884,0.2946329116821289,-0.948394775390625,0.11721281707286835,0.09361688792705536,-0.09342159330844879,-0.9912155866622925
4,1648821553.6082578,6.399439811706543,-80.9482421875,1461.8812255859375,-0.006193711422383785,-0.9993593096733093,0.03525106608867645,-0.9827518463134766,0.012598755769431591,0.18449944257736206,-0.1848253607749939,-0.0335003137588501,-0.9822002649307251
300,1648821553.6386673,172.35581970214844,89.94320678710938,1361.091796875,0.9510270357131958,0.3030032217502594,0.06112810969352722,0.29467153549194336,-0.9484360814094543,0.11678066104650497,0.0933610200881958,-0.09304884821176529,-0.9912747740745544
4,1648821553.6386752,7.07906436920166,-80.84909057617188,1461.68408203125,-0.0003612848522607237,-0.9992662072181702,0.03830024227499962,-0.9823467135429382,0.0075194379314780235,0.1869182288646698,-0.18706905841827393,-0.03755658492445946,-0.9816285967826843
300,1648821553.6679893,172.3561553955078,89.94327545166016,1361.0809326171875,0.95100337266922,0.3030770421028137,0.06113048270344734,0.29470595717430115,-0.948374330997467,0.11719431728124619,0.0934934914112091,-0.09343667328357697,-0.9912257790565491
4,1648821553.6679974,7.606557369232178,-80.76008605957031,1461.50634765625,0.0038842172361910343,-0.9992702007293701,0.03799990564584732,-0.9821202158927917,0.00334021239541471,0.18822528421878815,-0.18821485340595245,-0.038051582872867584,-0.9813904762268066
300,1648821553.6983566,172.359375,89.93344116210938,1361.10498046875,0.9510224461555481,0.30305755138397217,0.06093008071184158,0.2947196960449219,-0.9483888745307922,0.11704190075397491,0.09325584024190903,-0.09335218369960785,-0.9912561178207397
4,1648821553.6983647,8.180562019348145,-80.6946792602539,1461.3653564453125,0.008728580549359322,-0.9992079138755798,0.038824472576379776,-0.9818947911262512,-0.001217255718074739,0.18942321836948395,-0.1892259120941162,-0.03977494314312935,-0.9811276793479919
300,1648821553.7287626,172.36146545410156,89.93411254882812,1361.063720703125,0.9509530663490295,0.3031015992164612,0.061787597835063934,0.2947119474411011,-0.9484286308288574,0.11673875898122787,0.09398483484983444,-0.09280353039503098,-0.9912387728691101
4,1648821553.72877,8.74836254119873,-80.67665100097656,1461.3511962890625,0.013623916544020176,-0.9991207718849182,0.03964938968420029,-0.9816542267799377,-0.005822679493576288,0.19058087468147278,-0.19018244743347168,-0.041518449783325195,-0.9808704853057861
300,1648821553.7602198,172.35499572753906,89.95436096191406,1361.108154296875,0.951058566570282,0.30293554067611694,0.060972824692726135,0.29463863372802734,-0.9484724998474121,0.11656741797924042,0.09314346313476562,-0.09289748966693878,-0.991309404373169
4,1648821553.7602277,9.207289695739746,-80.69084930419922,1461.4415283203125,0.01744992285966873,-0.9990394711494446,0.04019520431756973,-0.9816603660583496,-0.009485756978392601,0.19040213525295258,-0.1898379623889923,-0.04278054088354111,-0.9808829426765442
300,1648821553.7901103,172.357421875,89.93455505371094,1361.100341796875,0.9510288238525391,0.3030183017253876,0.06102512776851654,0.2947314381599426,-0.948463499546051,0.11640626937150955,0.09315333515405655,-0.09271969646215439,-0.9913251399993896
4,1648821553.7901187,9.363810539245605,-80.77245330810547,1461.56884765625,0.018640901893377304,-0.9990494251251221,0.03940486162900925,-0.9819952845573425,-0.010884197428822517,0.1885915994644165,-0.1879834532737732,-0.042210903018713,-0.9812647104263306
300,1648821553.820269,172.359619140625,89.95072937011719,1361.1014404296875,0.9510349035263062,0.3029612898826599,0.061212893575429916,0.29467183351516724,-0.9485012292861938,0.11624922603368759,0.09327951818704605,-0.0925193578004837,-0.9913319945335388
4,1648821553.8202765,9.258748054504395,-80.84661102294922,1461.7591552734375,0.018124040216207504,-0.9990851879119873,0.038733042776584625,-0.9821316599845886,-0.010531877167522907,0.18790028989315033,-0.18732047080993652,-0.04144645854830742,-0.98142409324646
300,1648821553.8504589,172.3560333251953,89.94097137451172,1361.077880859375,0.951042115688324,0.3029734194278717,0.06104058027267456,0.29473838210105896,-0.9485306143760681,0.11584001779556274,0.0929953083395958,-0.09217774122953415,-0.9913905262947083
4,1648821553.8504667,9.126994132995605,-80.9056167602539,1461.8758544921875,0.017139937728643417,-0.9990920424461365,0.039004359394311905,-0.9821880459785461,-0.009523766115307808,0.18765906989574432,-0.18711721897125244,-0.041526082903146744,-0.9814594984054565
300,1648821553.8808146,172.35791015625,89.9410171508789,1361.0640869140625,0.9509913325309753,0.30306315422058105,0.06138613447546959,0.294750452041626,-0.9484679102897644,0.11632206290960312,0.09347571432590485,-0.09252768009901047,-0.9913127422332764
4,1648821553.8808224,9.07164478302002,-80.88451385498047,1461.802978515625,0.01664816588163376,-0.99912029504776,0.03848962113261223,-0.9824172854423523,-0.009186284616589546,0.18647214770317078,-0.1859545260667801,-0.0409172885119915,-0.9817060232162476
300,1648821553.9122715,172.3588104248047,89.93526458740234,1361.060546875,0.9509831070899963,0.3030624985694885,0.061516568064689636,0.294720321893692,-0.948454737663269,0.11650563031435013,0.09365417063236237,-0.0926647037267685,-0.9912830591201782
4,1648821553.9122796,8.880294799804688,-80.84061431884766,1461.6939697265625,0.015140548348426819,-0.9992163181304932,0.036571651697158813,-0.9821481108665466,-0.008003302849829197,0.18793876469135284,-0.1874987930059433,-0.03876427561044693,-0.9814996123313904
300,1648821553.9425166,172.3599853515625,89.92957305908203,1361.066650390625,0.9509826898574829,0.30307355523109436,0.06146840378642082,0.29472148418426514,-0.9484357237815857,0.11665749549865723,0.09365463256835938,-0.09282319992780685,-0.9912682175636292
4,1648821553.9425244,8.721765518188477,-80.76006317138672,1461.493896484375,0.014139906503260136,-0.9992825388908386,0.03513556346297264,-0.9817297458648682,-0.007205918896943331,0.19014404714107513,-0.1897544413805008,-0.037182245403528214,-0.9811272621154785
300,1648821553.9726732,172.3590087890625,89.91754150390625,1361.073974609375,0.9509559869766235,0.30315178632736206,0.061495378613471985,0.2947629988193512,-0.9483785033226013,0.1170169934630394,0.0937948077917099,-0.09315145015716553,-0.9912241697311401
4,1648821553.9726822,8.80997371673584,-80.6579360961914,1461.266357421875,0.014886424876749516,-0.9992663264274597,0.03528779372572899,-0.9811658263206482,-0.007800886873155832,0.19300971925258636,-0.1925928294658661,-0.037496402859687805,-0.9805620908737183
300,1648821554.0048313,172.3571014404297,89.91719055175781,1361.0562744140625,0.9509591460227966,0.3031076192855835,0.06166373938322067,0.2947722375392914,-0.9484653472900391,0.11628757417201996,0.09373357146978378,-0.09240797162055969,-0.991299569606781
4,1648821554.0048387,9.024272918701172,-80.53350067138672,1461.0335693359375,0.01698245108127594,-0.9991719126701355,0.03697390481829643,-0.9806339740753174,-0.009428451769053936,0.19562236964702606,-0.19511178135871887,-0.03958001360297203,-0.9799820780754089
300,1648821554.0343533,172.35667419433594,89.9073486328125,1361.0765380859375,0.9509689211845398,0.30311575531959534,0.06147355958819389,0.2948022484779358,-0.9484615325927734,0.11624281108379364,0.09354033321142197,-0.09242074936628342,-0.9913166165351868
4,1648821554.034361,9.084345817565918,-80.47328186035156,1460.867919921875,0.017427315935492516,-0.9991745352745056,0.036694593727588654,-0.9805309772491455,-0.009899848140776157,0.196114644408226,-0.19558949768543243,-0.039397940039634705,-0.9798941612243652
300,1648821554.0647504,172.3573455810547,89.91736602783203,1361.074951171875,0.9509606957435608,0.3031493127346039,0.06143501400947571,0.2947726249694824,-0.9483839273452759,0.11694891005754471,0.09371696412563324,-0.09310445934534073,-0.9912359118461609
4,1648821554.0647583,8.985851287841797,-80.44975280761719,1460.85546875,0.016668720170855522,-0.9992161393165588,0.03590688481926918,-0.9803553223609924,-0.009274116717278957,0.19702132046222687,-0.19653387367725372,-0.03848560154438019,-0.9797414541244507
300,1648821554.0942934,172.35775756835938,89.91785430908203,1361.0765380859375,0.9509668946266174,0.30314046144485474,0.06138220056891441,0.29475104808807373,-0.9483674764633179,0.11713625490665436,0.09372162073850632,-0.0933002308011055,-0.9912170767784119
4,1648821554.0943015,8.888799667358398,-80.45343017578125,1460.855224609375,0.015861229971051216,-0.999254584312439,0.03519459813833237,-0.9803586602210999,-0.008621569722890854,0.197034552693367,-0.19658425450325012,-0.03762853890657425,-0.9797646403312683
300,1648821554.1244648,172.35797119140625,89.9122543334961,1361.05908203125,0.9509215950965881,0.30318358540534973,0.06186902895569801,0.29479727149009705,-0.9484165906906128,0.11662136763334274,0.09403529763221741,-0.09265895932912827,-0.9912475347518921
4,1648821554.1244733,8.722841262817383,-80.4786376953125,1460.8975830078125,0.014567592181265354,-0.9992944598197937,0.0346175879240036,-0.9803133606910706,-0.007455768529325724,0.19730712473392487,-0.1969098150730133,-0.03681037575006485,-0.9797303080558777
300,1648821554.1565654,172.35768127441406,89.91275787353516,1361.0772705078125,0.9509729146957397,0.30311161279678345,0.06143197789788246,0.29473060369491577,-0.9483908414840698,0.11699860543012619,0.09372515976428986,-0.09315662086009979,-0.9912302494049072
4,1648821554.1565733,8.39334487915039,-80.48394012451172,1460.90380859375,0.011851980350911617,-0.999345600605011,0.034173913300037384,-0.980442464351654,-0.004899850580841303,0.19674481451511383,-0.19644862413406372,-0.03583737462759018,-0.9798589944839478
300,1648821554.186693,172.35910034179688,89.91024780273438,1361.0614013671875,0.9509544372558594,0.303113728761673,0.06170639023184776,0.2947700321674347,-0.9484604001045227,0.1163334995508194,0.09378834813833237,-0.09243866801261902,-0.9912915229797363
4,1648821554.1867008,8.183867454528809,-80.47368621826172,1460.871826171875,0.010126014240086079,-0.9994052648544312,0.03296395763754845,-0.9804420471191406,-0.0034434429835528135,0.196777805685997,-0.196547269821167,-0.034311823546886444,-0.9798938035964966
300,1648821554.215999,172.35899353027344,89.91320037841797,1361.0887451171875,0.9509795904159546,0.30307942628860474,0.06148695945739746,0.294718861579895,-0.9484277367591858,0.11672890931367874,0.09369406849145889,-0.09288544952869415,-0.9912586808204651
4,1648821554.2160075,7.991209506988525,-80.47757720947266,1460.8841552734375,0.008612492121756077,-0.9994066953659058,0.03334857523441315,-0.9803096652030945,-0.0018590857507660985,0.19745749235153198,-0.19727833569049835,-0.03439253196120262,-0.9797440767288208
300,1648821554.2461696,172.36199951171875,89.91085052490234,1361.0784912109375,0.9509344696998596,0.3031366169452667,0.061901770532131195,0.29477348923683167,-0.9484578371047974,0.11634574085474014,0.09397987276315689,-0.09239017963409424,-0.9912778735160828
4,1648821554.2461772,7.776586532592773,-80.47473907470703,1460.84423828125,0.006867863237857819,-0.9994692206382751,0.03184527903795242,-0.9804400205612183,-0.0004660618142224848,0.19681765139102936,-0.1966983526945114,-0.03257410228252411,-0.9799227714538574
300,1648821554.2765431,172.36026000976562,89.91419982910156,1361.0770263671875,0.9509378671646118,0.30313485860824585,0.061858464032411575,0.2947636544704437,-0.9484451413154602,0.1164739578962326,0.09397667646408081,-0.09252586960792542,-0.9912655353546143
4,1648821554.276551,7.693830490112305,-80.43156433105469,1460.765380859375,0.006184672936797142,-0.9994576573371887,0.032343268394470215,-0.9803855419158936,0.00031130522256717086,0.19708892703056335,-0.19699211418628693,-0.032927803695201874,-0.9798519611358643
300,1648821554.3085916,172.3588409423828,89.91548919677734,1361.1075439453125,0.9509924054145813,0.30306801199913025,0.06134472414851189,0.29475003480911255,-0.9484561681747437,0.1164187639951706,0.09346558898687363,-0.09263201057910919,-0.9913039207458496
4,1648821554.3085992,7.672383785247803,-80.3720932006836,1460.64794921875,0.006001169793307781,-0.9994673132896423,0.032079655677080154,-0.9799721837043762,0.0005074355285614729,0.19913382828235626,-0.19904403388500214,-0.03263220563530922,-0.979447066783905
300,1648821554.3388586,172.34942626953125,89.97854614257812,1361.0950927734375,0.9510237574577332,0.3029612600803375,0.06138600409030914,0.29463285207748413,-0.9484836459159851,0.11649147421121597,0.0935160219669342,-0.09269983321428299,-0.9912928342819214
4,1648821554.3388667,7.960141181945801,-80.2424087524414,1460.5283203125,0.008788350969552994,-0.9993137717247009,0.035982754081487656,-0.980135440826416,-0.0014785536332055926,0.19832377135753632,-0.19813446700572968,-0.03701091185212135,-0.9794758558273315
300,1648821554.368316,172.35739135742188,89.93739318847656,1361.0550537109375,0.9509356021881104,0.30310800671577454,0.062024153769016266,0.2947622239589691,-0.9484983086585999,0.11604401469230652,0.09400367736816406,-0.09206800907850266,-0.9913055896759033
4,1648821554.3683252,8.450017929077148,-80.25023651123047,1460.5233154296875,0.011267406865954399,-0.9991898536682129,0.038634900003671646,-0.9797950983047485,-0.003316364483907819,0.19997648894786835,-0.19968634843826294,-0.040107499808073044,-0.9790387153625488
300,1648821554.39866,172.357666015625,89.9368896484375,1361.0902099609375,0.9510181546211243,0.3030175268650055,0.0611950159072876,0.2947157919406891,-0.9484696388244629,0.1163957342505455,0.09331156313419342,-0.09265932440757751,-0.9913159012794495
4,1648821554.3986678,8.688718795776367,-80.19540405273438,1460.412353515625,0.0137692391872406,-0.99920254945755,0.037478379905223846,-0.9794002771377563,-0.005925630684942007,0.20184145867824554,-0.2014584243297577,-0.039485540241003036,-0.9787008762359619
300,1648821554.4282649,172.35841369628906,89.93913269042969,1361.099609375,0.9510247707366943,0.3030410706996918,0.06097523868083954,0.29474449157714844,-0.9484407305717468,0.11655823886394501,0.09315333515405655,-0.09287765622138977,-0.9913103580474854
4,1648821554.4282718,8.991305351257324,-80.1181411743164,1460.2835693359375,0.016000060364603996,-0.9991639852523804,0.0376211479306221,-0.979163646697998,-0.008039556443691254,0.20291361212730408,-0.2024415135383606,-0.04008388891816139,-0.9784736633300781
300,1648821554.4606855,172.3565673828125,89.92972564697266,1361.0955810546875,0.9510095715522766,0.3030531704425812,0.06115197017788887,0.29476022720336914,-0.948462188243866,0.11634387075901031,0.09325870871543884,-0.09261896461248398,-0.9913246631622314
4,1648821554.4606934,9.514595985412598,-80.03363037109375,1460.109375,0.020038826391100883,-0.9989687204360962,0.04074220731854439,-0.9787418842315674,-0.011281060054898262,0.20478549599647522,-0.20411469042301178,-0.043979767709970474,-0.9779585599899292
300,1648821554.4906662,172.3569793701172,89.94065856933594,1361.085693359375,0.951014518737793,0.30301040410995483,0.0612865574657917,0.29468420147895813,-0.9484586715698242,0.11656513810157776,0.0934482142329216,-0.09279496222734451,-0.9912903308868408
4,1648821554.4906743,9.800928115844727,-79.96538543701172,1460.011962890625,0.02267664112150669,-0.9988712072372437,0.041737910360097885,-0.9783833026885986,-0.013589052483439445,0.20635278522968292,-0.20555268228054047,-0.04551506042480469,-0.9775870442390442
300,1648821554.5207064,172.35714721679688,89.92687225341797,1361.061767578125,0.9509959816932678,0.30305570363998413,0.06135023757815361,0.294712096452713,-0.9484351873397827,0.11668527126312256,0.09354886412620544,-0.09288656711578369,-0.9912722706794739
4,1648821554.5207148,10.211898803710938,-79.9190673828125,1459.900146484375,0.02585795894265175,-0.9987702369689941,0.04230102151632309,-0.97828209400177,-0.016576778143644333,0.20661403238773346,-0.20565873384475708,-0.04672494903206825,-0.9775077104568481
300,1648821554.5507147,172.35891723632812,89.9214859008789,1361.0667724609375,0.9509903192520142,0.30307063460350037,0.06136418133974075,0.2947620451450348,-0.9484670162200928,0.11629989743232727,0.09344898909330368,-0.09251224994659424,-0.9913166761398315
4,1648821554.5507228,10.406598091125488,-79.88214111328125,1459.82861328125,0.027745777741074562,-0.9987973570823669,0.04042276367545128,-0.9781674742698669,-0.018796470016241074,0.20696638524532318,-0.20595768094062805,-0.04528267681598663,-0.9775125980377197
300,1648821554.580945,172.35890197753906,89.92051696777344,1361.0623779296875,0.9509652256965637,0.30310091376304626,0.061603281646966934,0.29471322894096375,-0.9484084248542786,0.1169000044465065,0.09385756403207779,-0.09301254153251648,-0.9912312626838684
4,1648821554.5809531,10.556699752807617,-79.84658813476562,1459.769775390625,0.02864132635295391,-0.9987926483154297,0.039911769330501556,-0.9778870940208435,-0.01972210966050625,0.20820137858390808,-0.20716287195682526,-0.044992368668317795,-0.977271318435669
300,1648821554.6120133,172.36119079589844,89.91195678710938,1361.0716552734375,0.9509402513504028,0.3031669855117798,0.06166405230760574,0.2947821021080017,-0.9483982920646667,0.11680833995342255,0.09389451146125793,-0.09290029108524323,-0.9912382960319519
4,1648821554.6120229,10.661865234375,-79.83209228515625,1459.707763671875,0.029910413548350334,-0.9987311363220215,0.040515296161174774,-0.9778519868850708,-0.02083677239716053,0.2082577496767044,-0.20714929699897766,-0.04584703966975212,-0.9772344827651978
300,1648821554.6422613,172.36289978027344,89.91535186767578,1361.0750732421875,0.9509526491165161,0.30316945910453796,0.061459627002477646,0.2948535680770874,-0.9484409093856812,0.11628057062625885,0.09354354441165924,-0.09245572984218597,-0.9913130402565002
4,1648821554.6422687,10.793246269226074,-79.8269271850586,1459.700927734375,0.031001444905996323,-0.9986238479614258,0.04229982569813728,-0.9778645634651184,-0.02154112420976162,0.208126962184906,-0.20692935585975647,-0.04781574010848999,-0.9771867394447327
300,1648821554.6723986,172.36170959472656,89.90511322021484,1361.0615234375,0.9509808421134949,0.3030925691127777,0.06140303239226341,0.2947760224342346,-0.9484571218490601,0.11634524166584015,0.09350152313709259,-0.09254195541143417,-0.9913089871406555
4,1648821554.6724064,10.686017990112305,-79.82301330566406,1459.6783447265625,0.030253112316131592,-0.9987313151359558,0.040255021303892136,-0.9777100682258606,-0.021196918562054634,0.20888689160346985,-0.20776858925819397,-0.045677218586206436,-0.9771109223365784
300,1648821554.7045999,172.35986328125,89.9179458618164,1361.0667724609375,0.9510063529014587,0.30307644605636597,0.06108703091740608,0.29477953910827637,-0.9484431743621826,0.11645010113716125,0.09323085844516754,-0.092737577855587,-0.9913161993026733
4,1648821554.704608,10.353601455688477,-79.80559539794922,1459.6495361328125,0.027552492916584015,-0.9989033937454224,0.0378534235060215,-0.9777869582176208,-0.019060123711824417,0.20873267948627472,-0.2077822983264923,-0.042763691395521164,-0.9772399067878723
300,1648821554.7349253,172.36569213867188,89.89630126953125,1361.0665283203125,0.9509692192077637,0.3031114637851715,0.06148962676525116,0.2948181927204132,-0.9484847187995911,0.11601279675960541,0.09348678588867188,-0.09219633787870407,-0.9913425445556641
4,1648821554.7349339,9.838172912597656,-79.84436798095703,1459.6903076171875,0.023739393800497055,-0.9990605115890503,0.03625711798667908,-0.9774401783943176,-0.01558139268308878,0.21063683927059174,-0.2098740041255951,-0.04043955355882645,-0.9768917560577393
300,1648821554.76408,172.3662567138672,89.91143035888672,1361.07666015625,0.9510166645050049,0.3029903173446655,0.061352621763944626,0.29473093152046204,-0.9485388994216919,0.11579115688800812,0.09327895194292068,-0.09203680604696274,-0.9913769364356995
4,1648821554.7640874,8.627510070800781,-79.87017822265625,1459.69091796875,0.015194054692983627,-0.9994547963142395,0.029313523322343826,-0.9780322909355164,-0.008759944699704647,0.20826931297779083,-0.20789897441864014,-0.03183402866125107,-0.9776321649551392
300,1648821554.7942266,172.36154174804688,89.90709686279297,1361.0877685546875,0.9510189890861511,0.30308449268341064,0.06084981560707092,0.2948293685913086,-0.9484533667564392,0.11624028533697128,0.09294384717941284,-0.09260640293359756,-0.9913553595542908
4,1648821554.794235,7.462027072906494,-79.93603515625,1459.81494140625,0.0059439619071781635,-0.999683678150177,0.024438807740807533,-0.9782947897911072,-0.0007510543800890446,0.20721672475337982,-0.20713281631469727,-0.025140047073364258,-0.9779897332191467
300,1648821554.8242035,172.3619384765625,89.90666198730469,1361.1177978515625,0.9510054588317871,0.3030932545661926,0.061016879975795746,0.29475194215774536,-0.9483851790428162,0.11699101328849792,0.09332668781280518,-0.09327425062656403,-0.9912567734718323
4,1648821554.824212,6.4054412841796875,-79.99199676513672,1459.9017333984375,-0.002126135164871812,-0.9997594356536865,0.02182876318693161,-0.9784647226333618,0.006585404742509127,0.20630910992622375,-0.2064032256603241,-0.020920032635331154,-0.978243350982666
300,1648821554.8570387,172.36044311523438,89.9128189086914,1361.112060546875,0.9510098695755005,0.30306124687194824,0.06110697612166405,0.2947550415992737,-0.9484410285949707,0.1165292039513588,0.09327185153961182,-0.09280883520841599,-0.9913056492805481
4,1648821554.8570464,5.535229682922363,-80.0255126953125,1460.040771484375,-0.008663821034133434,-0.9997674226760864,0.019749069586396217,-0.9780885577201843,0.012580939568579197,0.20780876278877258,-0.20800890028476715,-0.017515920102596283,-0.9779700636863708
300,1648821554.88609,172.36427307128906,89.9089584350586,1361.073974609375,0.9509814977645874,0.3030981123447418,0.06136513128876686,0.2947579622268677,-0.9484273791313171,0.11663287878036499,0.09355157613754272,-0.09282784909009933,-0.9912775158882141
4,1648821554.886102,5.0623393058776855,-80.0183334350586,1460.0579833984375,-0.012115361168980598,-0.9997842907905579,0.01686905138194561,-0.9779701232910156,0.015363551676273346,0.20817863941192627,-0.2083929032087326,-0.013975270092487335,-0.9779453277587891
300,1648821554.9162238,172.36012268066406,89.91150665283203,1361.0689697265625,0.9509934186935425,0.30305612087249756,0.06138850376009941,0.2947258949279785,-0.9484530091285706,0.11650537699460983,0.0935317799448967,-0.09270306676626205,-0.9912910461425781
4,1648821554.9162316,5.192239284515381,-79.95486450195312,1459.9373779296875,-0.010913980193436146,-0.9998153448104858,0.015815619379281998,-0.9779735207557678,0.013969939202070236,0.20826096832752228,-0.20844346284866333,-0.01319430023431778,-0.9779453873634338
300,1648821554.9461362,172.36099243164062,89.90039825439453,1361.070068359375,0.9509305953979492,0.30319297313690186,0.06168520078063011,0.2948756217956543,-0.9484594464302063,0.11607342213392258,0.09369856119155884,-0.09218830615282059,-0.9913232922554016
4,1648821554.946144,5.660971641540527,-79.90206909179688,1459.792236328125,-0.007231501396745443,-0.9998416304588318,0.016261441633105278,-0.9778321981430054,0.010473575443029404,0.20912791788578033,-0.2092651128768921,-0.01438865251839161,-0.9777531027793884
300,1648821554.9764717,172.36427307128906,89.90863800048828,1361.1014404296875,0.9509936571121216,0.3030809164047241,0.06126223877072334,0.2946961224079132,-0.9483757019042969,0.11720792949199677,0.0936231017112732,-0.09341025352478027,-0.9912160634994507
4,1648821554.9764798,5.937274932861328,-79.83772277832031,1459.69775390625,-0.004553055390715599,-0.9998733401298523,0.015252172015607357,-0.9773845672607422,0.00767430430278182,0.21133030951023102,-0.21142059564590454,-0.013945038430392742,-0.9772956967353821
300,1648821555.008435,172.36337280273438,89.90709686279297,1361.09814453125,0.9509979486465454,0.3030834197998047,0.06118321791291237,0.2948003113269806,-0.948466420173645,0.11620760709047318,0.0932508260011673,-0.09247636795043945,-0.9913386702537537
4,1648821555.0084429,7.090114116668701,-79.76654815673828,1459.5374755859375,0.004075478296726942,-0.9997368454933167,0.022575287148356438,-0.9773316979408264,0.0007965852855704725,0.21171247959136963,-0.2116747349500656,-0.022926371544599533,-0.977071225643158
300,1648821555.038669,172.36827087402344,89.89871215820312,1361.083984375,0.9509518146514893,0.30316826701164246,0.06147865206003189,0.2948101758956909,-0.9484018683433533,0.1167086660861969,0.09368883073329926,-0.09285978227853775,-0.9912615418434143
4,1648821555.0386765,7.638111591339111,-79.71947479248047,1459.461669921875,0.008729351684451103,-0.9996573328971863,0.024678723886609077,-0.9772850871086121,-0.0033026968594640493,0.2119031846523285,-0.21174906194210052,-0.025967925786972046,-0.9769790172576904
300,1648821555.069004,172.3711395263672,89.89557647705078,1361.10205078125,0.9509707093238831,0.30315858125686646,0.06123347952961922,0.2948649525642395,-0.9484390020370483,0.11626767367124557,0.09332375973463058,-0.09251154214143753,-0.9913285374641418
4,1648821555.069012,7.362305641174316,-79.71141052246094,1459.4632568359375,0.006189946550875902,-0.999805212020874,0.018742011860013008,-0.9771648645401001,-0.002066840184852481,0.21247242391109467,-0.21239230036735535,-0.019629228860139847,-0.9769873023033142
300,1648821555.0981677,172.36862182617188,89.89581298828125,1361.070068359375,0.9508968591690063,0.30327972769737244,0.06177886947989464,0.2948737144470215,-0.9483566880226135,0.11691500246524811,0.09404635429382324,-0.09295714646577835,-0.9912185668945312
4,1648821555.0981753,7.696506023406982,-79.71115112304688,1459.4417724609375,0.008664706721901894,-0.9997149705886841,0.022246897220611572,-0.9775086045265198,-0.0037798830308020115,0.21086174249649048,-0.21071754395961761,-0.023573586717247963,-0.9772627353668213
300,1648821555.1283934,172.3734893798828,89.8931884765625,1361.083740234375,0.95091313123703,0.30326491594314575,0.06160074844956398,0.2948334217071533,-0.9483141899108887,0.11736024171113968,0.09400811046361923,-0.09343743324279785,-0.9911770224571228
4,1648821555.1284015,7.776376724243164,-79.73289489746094,1459.4898681640625,0.009240406565368176,-0.9996961951255798,0.022851096466183662,-0.977250337600708,-0.0041859345510602,0.21204790472984314,-0.21188782155513763,-0.024290649220347404,-0.9769920706748962
300,1648821555.1607473,172.37429809570312,89.89636993408203,1361.094482421875,0.9510197043418884,0.30310866236686707,0.06071757525205612,0.2948612570762634,-0.9484375715255737,0.11628874391317368,0.0928349569439888,-0.0926896259188652,-0.9913578033447266
4,1648821555.160756,7.728124618530273,-79.72075653076172,1459.4786376953125,0.00908044446259737,-0.9997003674507141,0.02273157797753811,-0.9772359728813171,-0.004053208976984024,0.21211646497249603,-0.2119607776403427,-0.02414022758603096,-0.9769799709320068
300,1648821555.1906617,172.37184143066406,89.91104888916016,1361.060302734375,0.9509567022323608,0.3031645119190216,0.06142178550362587,0.29483088850975037,-0.9484203457832336,0.11650578677654266,0.09357409179210663,-0.09268292039632797,-0.991288959980011
4,1648821555.1906738,7.858302116394043,-79.66446685791016,1459.4090576171875,0.009363786317408085,-0.999716579914093,0.021886708214879036,-0.9770398139953613,-0.004487985745072365,0.2130095511674881,-0.21285095810890198,-0.023378761485219002,-0.9768049716949463
300,1648821555.2207158,172.37234497070312,89.86981964111328,1361.0919189453125,0.9510172009468079,0.3031095266342163,0.06075257807970047,0.2948605716228485,-0.9484400153160095,0.1162702888250351,0.0928628072142601,-0.09266150742769241,-0.9913578033447266
4,1648821555.2207239,7.49832820892334,-79.67124938964844,1459.3623046875,0.008274306543171406,-0.9998040795326233,0.01798287406563759,-0.9766468405723572,-0.004219008609652519,0.2148095667362213,-0.21469159424304962,-0.01934031769633293,-0.9764903783798218
300,1648821555.2506924,172.36953735351562,89.88140106201172,1361.0887451171875,0.9510118365287781,0.3031146824359894,0.06081084534525871,0.29481855034828186,-0.9483984708786011,0.1167149618268013,0.09305093437433243,-0.09306914359331131,-0.9913020133972168
4,1648821555.2506995,7.077297687530518,-79.65055084228516,1459.3416748046875,0.005066119134426117,-0.9998435974121094,0.01694526895880699,-0.9765180945396423,-0.001296814065426588,0.2154315710067749,-0.2153759002685547,-0.017638763412833214,-0.9763718843460083
300,1648821555.2808042,172.36529541015625,89.87825012207031,1361.06298828125,0.9510124325752258,0.3031139671802521,0.060805290937423706,0.2948475480079651,-0.9484276175498962,0.11640416085720062,0.0929531455039978,-0.09277351200580597,-0.9913389086723328
4,1648821555.2808115,6.785941123962402,-79.6624984741211,1459.389892578125,0.003059564158320427,-0.9998632073402405,0.016254542395472527,-0.976500391960144,0.0005155023536644876,0.21551498770713806,-0.21549388766288757,-0.016531948000192642,-0.9763652682304382
300,1648821555.312922,172.3701171875,89.89186096191406,1361.075439453125,0.9510405659675598,0.30305245518684387,0.06067199259996414,0.294783353805542,-0.9484275579452515,0.11656755208969116,0.09286907315254211,-0.09297537803649902,-0.9913278818130493
4,1648821555.3129306,6.504023551940918,-79.65033721923828,1459.32373046875,0.0007512017036788166,-0.999908447265625,0.013511775992810726,-0.9766771197319031,0.0021675261668860912,0.2147022932767868,-0.21471191942691803,-0.013357927091419697,-0.9765860438346863
300,1648821555.3422196,172.37283325195312,89.88581848144531,1361.0360107421875,0.9509593844413757,0.303170382976532,0.06135125085711479,0.2948538661003113,-0.9484269618988037,0.11639373749494553,0.09347431361675262,-0.09259606152772903,-0.991306483745575
4,1648821555.342227,6.389184474945068,-79.64836120605469,1459.306884765625,-0.0006143784848973155,-0.9998834133148193,0.015257119201123714,-0.9765664339065552,0.003883477533236146,0.21518106758594513,-0.21521523594856262,-0.014767387881875038,-0.9764549732208252
300,1648821555.3725352,172.37335205078125,89.88369750976562,1361.068359375,0.9509991407394409,0.3031232953071594,0.060965944081544876,0.29482537508010864,-0.9484129548072815,0.11657967418432236,0.09315890818834305,-0.09289286285638809,-0.9913083910942078
4,1648821555.3725438,6.5615234375,-79.65632629394531,1459.2738037109375,0.0013554331380873919,-0.9998864531517029,0.015006417408585548,-0.9766983389854431,0.0018968669464811683,0.21460825204849243,-0.21461234986782074,-0.01494763046503067,-0.9765849113464355
300,1648821555.4047825,172.3741455078125,89.89957427978516,1361.05517578125,0.9509687423706055,0.3030785918235779,0.06165928393602371,0.29475682973861694,-0.9484871625900269,0.11614853888750076,0.09368517249822617,-0.09227912873029709,-0.9913161396980286
4,1648821555.4047909,6.652431964874268,-79.68416595458984,1459.345947265625,0.0017010362353175879,-0.9998726844787598,0.015865908935666084,-0.9767276048660278,0.0017416351474821568,0.21447636187076569,-0.21447668969631195,-0.015861503779888153,-0.9766002893447876
300,1648821555.4344742,172.37808227539062,89.88905334472656,1361.0828857421875,0.9509934186935425,0.30309900641441345,0.06117619574069977,0.29481327533721924,-0.9484581351280212,0.11624223738908768,0.09325596690177917,-0.09251004457473755,-0.9913350939750671
4,1648821555.4344819,6.932101726531982,-79.72881317138672,1459.4208984375,0.003934538923203945,-0.9998664855957031,0.01586129330098629,-0.977116584777832,-0.0004708068154286593,0.21270392835140228,-0.2126680463552475,-0.016335224732756615,-0.9769879579544067
410,1648821555.4344866,-1.654680609703064,-204.850830078125,1409.400634765625,0.013553096912801266,0.9850661754608154,0.17164181172847748,-0.979394257068634,0.04767056554555893,-0.1962507665157318,-0.20150226354599,-0.1654452085494995,0.96541428565979
300,1648821555.4649675,172.37242126464844,89.8888168334961,1361.06884765625,0.9509631395339966,0.30317994952201843,0.06124532222747803,0.29482054710388184,-0.948368489742279,0.11695324629545212,0.09354101121425629,-0.09316185116767883,-0.9912471771240234
4,1648821555.4649756,7.007044792175293,-79.7850112915039,1459.550048828125,0.004575788043439388,-0.9998221397399902,0.01829575002193451,-0.9772884249687195,-0.0005948679754510522,0.21191273629665375,-0.2118641585111618,-0.018849890679121017,-0.9771173000335693
410,1648821555.4649804,-1.5174143314361572,-201.23243713378906,1410.522216796875,0.015589595772325993,0.9848006963729858,0.172987163066864,-0.9792709350585938,0.0499819852411747,-0.19629119336605072,-0.2019539475440979,-0.16634120047092438,0.965165913105011
300,1648821555.4946663,172.38304138183594,89.87529754638672,1361.0736083984375,0.950875997543335,0.30326876044273376,0.06215215101838112,0.2949063777923584,-0.9484478831291199,0.11608972400426865,0.0941544622182846,-0.09205786138772964,-0.9912922382354736
4,1648821555.4946773,7.14751672744751,-79.84323120117188,1459.6776123046875,0.005311083048582077,-0.9997959733009338,0.019487658515572548,-0.9776509404182434,-0.0010956840123981237,0.21023176610469818,-0.2101675122976303,-0.020168686285614967,-0.9774573445320129
410,1648821555.4946826,-1.3624216318130493,-197.77163696289062,1411.485595703125,0.01755749247968197,0.9841479659080505,0.17647822201251984,-0.9794462323188782,0.05240165814757347,-0.1947796493768692,-0.20093974471092224,-0.16943109035491943,0.9648400545120239
300,1648821555.524951,172.3688507080078,89.87571716308594,1361.1077880859375,0.9510198831558228,0.30315089225769043,0.060503795742988586,0.2947704792022705,-0.9482643604278564,0.11791989207267761,0.09312111139297485,-0.09430943429470062,-0.9911781549453735
4,1648821555.5249593,7.150243759155273,-79.89988708496094,1459.7952880859375,0.004975341726094484,-0.9997634887695312,0.021170292049646378,-0.9777534604072571,-0.00042413827031850815,0.20975711941719055,-0.20969852805137634,-0.021742939949035645,-0.9775242805480957
410,1648821555.524964,-1.3148990869522095,-194.54620361328125,1412.443115234375,0.019244877621531487,0.9837103486061096,0.17872773110866547,-0.9797412753105164,0.05419563874602318,-0.19279497861862183,-0.19934068620204926,-0.17139661312103271,0.9648246169090271
300,1648821555.5561225,172.36257934570312,89.8730697631836,1361.0406494140625,0.9509424567222595,0.3032212555408478,0.06136197969317436,0.2949424088001251,-0.9484498500823975,0.1159820556640625,0.09336698800325394,-0.09219401329755783,-0.9913540482521057
