300,1648821705.4241848,172.40567016601562,89.7594223022461,1361.0340576171875,0.9507794976234436,0.30359360575675964,0.062042899429798126,0.29525700211524963,-0.9483600854873657,0.11591576039791107,0.09403029084205627,-0.09189172089099884,-0.9913194179534912
4,1648821705.4241934,0.5315468311309814,-89.0273666381836,1490.688232421875,-0.03936055302619934,-0.9976118803024292,0.05675647035241127,-0.9960994720458984,0.043663233518600464,0.0766773447394371,-0.07897239923477173,-0.05351702868938446,-0.9954392313957214
300,1648821705.4565945,172.40347290039062,89.76216125488281,1361.0645751953125,0.9508730173110962,0.30350056290626526,0.06105700880289078,0.2952088713645935,-0.9483143091201782,0.11641189455986023,0.09323231130838394,-0.09266835451126099,-0.9913225173950195
4,1648821705.456602,0.5033680200576782,-89.03511810302734,1490.728515625,-0.039809487760066986,-0.9976785778999329,0.055251047015190125,-0.9961047172546387,0.04397923871874809,0.07642790675163269,-0.0786803811788559,-0.051993273198604584,-0.9955431222915649
300,1648821705.486301,172.41517639160156,89.75967407226562,1361.062744140625,0.9508556723594666,0.30342307686805725,0.06170814111828804,0.2951337993144989,-0.9484189748764038,0.11574742197990417,0.0936456099152565,-0.09184693545103073,-0.9913600087165833
4,1648821705.4863095,0.37381160259246826,-89.0356674194336,1490.6961669921875,-0.0399605892598629,-0.9976382255554199,0.05586705729365349,-0.9962043762207031,0.044105540961027145,0.0750434622168541,-0.07733027637004852,-0.052656225860118866,-0.9956140518188477
300,1648821705.516715,172.40121459960938,89.7674560546875,1361.100830078125,0.9509342312812805,0.3035063147544861,0.060066744685173035,0.2952292561531067,-0.9482050538063049,0.11724681407213211,0.09254074096679688,-0.09376055002212524,-0.9912846088409424
4,1648821705.5167234,0.7248106002807617,-89.06781005859375,1490.744384765625,-0.03865530341863632,-0.997594952583313,0.05753376707434654,-0.9962385296821594,0.042943406850099564,0.07526399940252304,-0.07755367457866669,-0.0544080026447773,-0.9955024719238281
300,1648821705.546724,172.4035186767578,89.75236511230469,1361.06787109375,0.9508886933326721,0.30351918935775757,0.0607193224132061,0.29526111483573914,-0.948300838470459,0.11638873815536499,0.0929064005613327,-0.09274467825889587,-0.9913459420204163
4,1648821705.5467322,0.6509365439414978,-89.06432342529297,1490.717529296875,-0.0382109135389328,-0.9975930452346802,0.057862039655447006,-0.9963346123695374,0.04246959090232849,0.07425446063280106,-0.07653310894966125,-0.05481261759996414,-0.9955592751502991
300,1648821705.5761528,172.40110778808594,89.76166534423828,1361.0579833984375,0.9509343504905701,0.3034568428993225,0.0603138767182827,0.2952411472797394,-0.9483127593994141,0.11634235829114914,0.09250130504369736,-0.09282681345939636,-0.9913761615753174
4,1648821705.5761616,0.4436644911766052,-89.07103729248047,1490.788818359375,-0.04155268520116806,-0.9977057576179504,0.05344685912132263,-0.9961135983467102,0.04552553594112396,0.07540003955364227,-0.07766025513410568,-0.05010606721043587,-0.9957199692726135
300,1648821705.6083155,172.40577697753906,89.74861145019531,1361.0570068359375,0.9509262442588806,0.30343782901763916,0.06053711846470833,0.29515114426612854,-0.9482748508453369,0.11687862128019333,0.09287121891975403,-0.09327535331249237,-0.9912994503974915
4,1648821705.608324,0.9518615007400513,-89.07239532470703,1490.7274169921875,-0.03713357076048851,-0.9975887537002563,0.0586324967443943,-0.9963502883911133,0.04147239401936531,0.07460619509220123,-0.07685793191194534,-0.055648114532232285,-0.9954878687858582
300,1648821705.6389492,172.4071502685547,89.7556381225586,1361.0521240234375,0.9508849382400513,0.3034627139568329,0.061059460043907166,0.2952220141887665,-0.9483768343925476,0.11586778610944748,0.093068927526474,-0.09215083718299866,-0.9913861155509949
4,1648821705.6389568,0.7730442881584167,-89.07228088378906,1490.6788330078125,-0.0379662811756134,-0.9975053668022156,0.059511683881282806,-0.9962871074676514,0.042390476912260056,0.07493332028388977,-0.07726911455392838,-0.056445784866809845,-0.9954111576080322
300,1648821705.6680677,172.40451049804688,89.767822265625,1361.0833740234375,0.9509387016296387,0.3033953011035919,0.06055435538291931,0.29520848393440247,-0.948390007019043,0.11579461395740509,0.09256068617105484,-0.0922374278306961,-0.991425633430481
4,1648821705.668076,0.411780446767807,-89.0130844116211,1490.677734375,-0.041583266109228134,-0.9976401329040527,0.05463486164808273,-0.9959809184074402,0.045731525868177414,0.0770106390118599,-0.07932744175195694,-0.05121292546391487,-0.995532214641571
300,1648821705.6982608,172.40968322753906,89.7461929321289,1361.0648193359375,0.9508562684059143,0.3035219609737396,0.061210669577121735,0.29521098732948303,-0.94830721616745,0.11646411567926407,0.09339593350887299,-0.09267056733369827,-0.9913069009780884
4,1648821705.698269,0.8252650499343872,-89.04109954833984,1490.609130859375,-0.036148764193058014,-0.9976192116737366,0.058729950338602066,-0.9962916374206543,0.04056752100586891,0.07587656378746033,-0.07807844877243042,-0.05576931685209274,-0.9953861236572266
300,1648821705.7284012,172.41372680664062,89.77254486083984,1361.0316162109375,0.950878918170929,0.3034352660179138,0.06128861382603645,0.29520508646965027,-0.9484231472015381,0.11553125828504562,0.09318380057811737,-0.09176353365182877,-0.9914112091064453
4,1648821705.728409,0.43030503392219543,-88.99698638916016,1490.6571044921875,-0.04123005270957947,-0.9976183176040649,0.05529671534895897,-0.9959186315536499,0.04548095539212227,0.07795866578817368,-0.08028794080018997,-0.051856789737939835,-0.9954218864440918
300,1648821705.7606244,172.4074249267578,89.76121520996094,1361.038818359375,0.9508340358734131,0.3035239577293396,0.06154577434062958,0.29523950815200806,-0.9483732581138611,0.11585261672735214,0.09353241324424744,-0.09198586642742157,-0.9913578033447266
4,1648821705.7606332,0.2065591812133789,-88.98882293701172,1490.6280517578125,-0.043271880596876144,-0.997640073299408,0.05330921709537506,-0.9959235191345215,0.047301508486270905,0.07680471986532211,-0.07914507389068604,-0.049768418073654175,-0.9956200122833252
300,1648821705.7909548,172.40562438964844,89.75702667236328,1361.07958984375,0.9508620500564575,0.3034607470035553,0.06142442300915718,0.29522866010665894,-0.9484296441078186,0.11541762948036194,0.09328146278858185,-0.09161199629306793,-0.9914160370826721
4,1648821705.7909627,0.6285140514373779,-89.04344177246094,1490.613525390625,-0.04037824273109436,-0.9975425004959106,0.05725868418812752,-0.9961689710617065,0.044638995081186295,0.07519801706075668,-0.07756918668746948,-0.05400296300649643,-0.9955233335494995
300,1648821705.8204877,172.40179443359375,89.76441955566406,1361.067138671875,0.9508978724479675,0.30345451831817627,0.060898471623659134,0.2953510582447052,-0.9484955072402954,0.11456029862165451,0.09252576529979706,-0.09094871580600739,-0.9915479421615601
4,1648821705.820496,0.19476638734340668,-88.98721313476562,1490.6951904296875,-0.04235727712512016,-0.997623085975647,0.05435110628604889,-0.9959133267402649,0.04650268331170082,0.0774221122264862,-0.07976555824279785,-0.05084960162639618,-0.9955158233642578
300,1648821705.8506212,172.4037628173828,89.75100708007812,1361.04833984375,0.9508299231529236,0.3035963773727417,0.06125151365995407,0.2952544093132019,-0.9482585191726685,0.11675044894218445,0.09352727979421616,-0.0929250419139862,-0.9912707209587097
4,1648821705.850629,0.24268534779548645,-89.0387191772461,1490.7103271484375,-0.04182266443967819,-0.997639000415802,0.054473258554935455,-0.9959940314292908,0.04594250023365021,0.07671484351158142,-0.07903635501861572,-0.051046621054410934,-0.9955639243125916
300,1648821705.880787,172.40711975097656,89.74662780761719,1361.0445556640625,0.9508770704269409,0.303479939699173,0.0610961876809597,0.29521796107292175,-0.9483548402786255,0.11605789512395859,0.09316210448741913,-0.09232009947299957,-0.9913616180419922
4,1648821705.8807952,0.5312985181808472,-89.0190658569336,1490.66650390625,-0.040784645825624466,-0.9975833892822266,0.056249722838401794,-0.9961050748825073,0.044999778270721436,0.07582678645849228,-0.07817476987838745,-0.0529380664229393,-0.9955331683158875
300,1648821705.9121435,172.4038543701172,89.7531509399414,1361.037353515625,0.9508640766143799,0.3035585284233093,0.06090736761689186,0.29523590207099915,-0.9482473134994507,0.11688792705535889,0.09323757141828537,-0.09316249191761017,-0.9912756681442261
4,1648821705.9121518,0.1144680306315422,-89.03104400634766,1490.7867431640625,-0.04418902099132538,-0.9976884722709656,0.051623933017253876,-0.9959551692008972,0.04804111272096634,0.07592953741550446,-0.07823409885168076,-0.04805987328290939,-0.9957759380340576
300,1648821705.9428022,172.40541076660156,89.75450134277344,1361.042724609375,0.9508106708526611,0.3035866916179657,0.06159723177552223,0.2951982021331787,-0.9482575058937073,0.11690055578947067,0.09389948844909668,-0.09296689927577972,-0.9912315607070923
4,1648821705.9428098,0.39232730865478516,-89.06393432617188,1490.8187255859375,-0.040995389223098755,-0.9977643489837646,0.05277973785996437,-0.9960463643074036,0.04497717693448067,0.07660732418298721,-0.0788099393248558,-0.049430519342422485,-0.9956634044647217
410,1648821705.942815,-19.85748863220215,-218.71466064453125,1460.436767578125,-0.03664543107151985,0.9659572839736938,0.25609293580055237,-0.996993362903595,-0.01783100515604019,-0.0754072517156601,-0.06827379018068314,-0.25808629393577576,0.9637064933776855
300,1648821705.972307,172.4072265625,89.7578353881836,1361.022705078125,0.9508023858070374,0.3035452961921692,0.06192755699157715,0.29519328474998474,-0.9483460783958435,0.11619234085083008,0.09399839490652084,-0.09219535440206528,-0.991294264793396
4,1648821705.972315,0.6839474439620972,-89.08544158935547,1490.859619140625,-0.0369270034134388,-0.9977139830589294,0.056596893817186356,-0.9963123798370361,0.04114610701799393,0.07529067248106003,-0.07744729518890381,-0.05360792577266693,-0.9955541491508484
410,1648821705.97232,-19.578330993652344,-217.8232879638672,1460.3980712890625,-0.037211693823337555,0.9663326740264893,0.2545906901359558,-0.9972331523895264,-0.01950274407863617,-0.07173316925764084,-0.06435288488864899,-0.25655558705329895,0.9643847346305847
300,1648821706.00481,172.40960693359375,89.75562286376953,1361.0404052734375,0.9508745074272156,0.30345773696899414,0.0612458772957325,0.2951841652393341,-0.9483683109283447,0.11603401601314545,0.09329506754875183,-0.09225498139858246,-0.9913551807403564
4,1648821706.0048187,0.22193798422813416,-89.10514831542969,1490.8687744140625,-0.04210348427295685,-0.9978535175323486,0.05015597119927406,-0.9962239265441895,0.04574384167790413,0.0737929567694664,-0.07592888921499252,-0.04685963690280914,-0.9960115551948547
410,1648821706.0048244,-19.54498291015625,-216.1905975341797,1460.71142578125,-0.03590414300560951,0.9660700559616089,0.25577232241630554,-0.9971441030502319,-0.01761561445891857,-0.0734390839934349,-0.06644171476364136,-0.2576786279678345,0.963943600654602
300,1648821706.034254,172.41087341308594,89.75720977783203,1361.02978515625,0.9508301019668579,0.3035043179988861,0.061702776700258255,0.2952176034450531,-0.948395848274231,0.11572334170341492,0.09364119172096252,-0.09181749075651169,-0.9913631677627563
4,1648821706.0342622,0.5007379651069641,-89.07844543457031,1490.8592529296875,-0.039391130208969116,-0.9977932572364807,0.05345035344362259,-0.9962114691734314,0.04336664080619812,0.07537918537855148,-0.07753080129623413,-0.05027858540415764,-0.9957213401794434
410,1648821706.0342672,-19.563961029052734,-214.8035888671875,1460.7427978515625,-0.03557004779577255,0.9660768508911133,0.2557935416698456,-0.9971143007278442,-0.0171308945864439,-0.0739566832780838,-0.06706586480140686,-0.257686048746109,0.9638983607292175
300,1648821706.0649328,172.40740966796875,89.74866485595703,1361.0029296875,0.9507818818092346,0.30354079604148865,0.0622636117041111,0.295278400182724,-0.9484745264053345,0.11492045223712921,0.09393849968910217,-0.09087918698787689,-0.9914214611053467
4,1648821706.0649421,0.631311297416687,-89.10587310791016,1490.822998046875,-0.03740597516298294,-0.997687041759491,0.056757401674985886,-0.9963699579238892,0.041582439094781876,0.07428232580423355,-0.07647062093019485,-0.05377276614308357,-0.9956207871437073
410,1648821706.0649471,-19.499717712402344,-213.65362548828125,1460.70947265625,-0.03605693578720093,0.9658797383308411,0.2564687728881836,-0.9972407817840576,-0.018111733719706535,-0.07199195772409439,-0.06489048153162003,-0.2583569288253784,0.9638676643371582
300,1648821706.0944536,172.4095001220703,89.75213623046875,1360.993896484375,0.9508193731307983,0.3034115135669708,0.062321729958057404,0.2952146828174591,-0.9485843777656555,0.11417520046234131,0.09375949203968048,-0.09016170352697372,-0.991503894329071
4,1648821706.094462,0.032893672585487366,-89.0539779663086,1490.838134765625,-0.042728688567876816,-0.9978580474853516,0.04953356087207794,-0.996005117893219,0.04643552377820015,0.07627296447753906,-0.07840970903635025,-0.046076636761426926,-0.9958558678627014
410,1648821706.0944672,-19.621519088745117,-212.10598754882812,1461.0030517578125,-0.03672404587268829,0.9657990336418152,0.2566780745983124,-0.9969885945320129,-0.017853746190667152,-0.07546543329954147,-0.06830177456140518,-0.2586764991283417,0.9635462164878845
300,1648821706.1248646,172.41131591796875,89.75768280029297,1360.9884033203125,0.9507924914360046,0.30347684025764465,0.06241391599178314,0.29521581530570984,-0.9485130906105042,0.11476297676563263,0.09402832388877869,-0.09069019556045532,-0.9914302825927734
4,1648821706.1248732,0.39365682005882263,-89.05748748779297,1490.7747802734375,-0.038539305329322815,-0.9977578520774841,0.054716985672712326,-0.9962074756622314,0.04263880476355553,0.07584588974714279,-0.07800890505313873,-0.05158642306923866,-0.9956170916557312
410,1648821706.1248786,-19.717531204223633,-210.94561767578125,1460.9864501953125,-0.03690767288208008,0.9660618305206299,0.2556607127189636,-0.9971015453338623,-0.01856779120862484,-0.07378163188695908,-0.06653056293725967,-0.2576427757740021,0.963947057723999
300,1648821706.1561303,172.4071807861328,89.76110076904297,1361.0218505859375,0.9508298635482788,0.3034577965736389,0.06193535402417183,0.2951687276363373,-0.9484355449676514,0.11552251130342484,0.09379789978265762,-0.09156087040901184,-0.9913720488548279
4,1648821706.1561387,0.31629058718681335,-89.06782531738281,1490.7578125,-0.039910007268190384,-0.9976715445518494,0.05530532822012901,-0.9962047338485718,0.04401404410600662,0.07509259879589081,-0.07735195755958557,-0.052098482847213745,-0.9956417083740234
410,1648821706.1561437,-19.82732391357422,-209.6898651123047,1461.0281982421875,-0.036820188164711,0.9661783576011658,0.25523248314857483,-0.9972864389419556,-0.019233377650380135,-0.07106227427721024,-0.06374984979629517,-0.2571564018726349,0.9642647504806519
300,1648821706.1867125,172.40635681152344,89.76580047607422,1361.0379638671875,0.9508219957351685,0.30347132682800293,0.061989013105630875,0.2952377200126648,-0.9484916925430298,0.11488345265388489,0.0936599001288414,-0.0909322202205658,-0.9914429783821106
4,1648821706.1867218,-0.41811662912368774,-89.00181579589844,1490.780517578125,-0.04505573958158493,-0.9978346824645996,0.04791548475623131,-0.9958370327949524,0.04866650700569153,0.07707227021455765,-0.07923726737499237,-0.0442434661090374,-0.9958734512329102
410,1648821706.1867268,-19.960859298706055,-208.208251953125,1461.3724365234375,-0.03686811774969101,0.9665089249610901,0.2539709806442261,-0.9971613883972168,-0.018884697929024696,-0.07288720458745956,-0.06564996391534805,-0.25593724846839905,0.964461624622345
300,1648821706.216949,172.40711975097656,89.76278686523438,1361.0599365234375,0.9508363604545593,0.30348801612854004,0.06168639287352562,0.295230507850647,-0.9484275579452515,0.11543034762144089,0.09353680163621902,-0.09154366701841354,-0.9913983345031738
4,1648821706.2169569,-0.10473963618278503,-89.03134155273438,1490.734619140625,-0.04063205420970917,-0.9978116750717163,0.05216256529092789,-0.9961193799972534,0.04453176632523537,0.07591535151004791,-0.07807211577892303,-0.04887554422020912,-0.9957489371299744
410,1648821706.216962,-19.985063552856445,-206.93861389160156,1461.41064453125,-0.036966487765312195,0.9664589762687683,0.2541465759277344,-0.9973539710044861,-0.019749896600842476,-0.06996437907218933,-0.0625983402132988,-0.2560604512691498,0.9646317958831787
300,1648821706.2460775,172.40371704101562,89.76205444335938,1361.0682373046875,0.9508288502693176,0.3034924268722534,0.06178072839975357,0.2952035665512085,-0.9484066963195801,0.11567024141550064,0.09369830042123795,-0.09174471348524094,-0.9913644790649414
4,1648821706.2460854,-0.19730505347251892,-89.03165435791016,1490.8355712890625,-0.04475432634353638,-0.9976275563240051,0.05230926349759102,-0.9958193898200989,0.04872443526983261,0.07726388424634933,-0.0796293169260025,-0.04863268509507179,-0.9956374764442444
410,1648821706.2460902,-19.996139526367188,-205.52000427246094,1461.594482421875,-0.03761966526508331,0.9666350483894348,0.25338006019592285,-0.9974286556243896,-0.020844554528594017,-0.06856834888458252,-0.06099897623062134,-0.25530806183815,0.9649336338043213
300,1648821706.2767699,172.40272521972656,89.75564575195312,1361.0870361328125,0.9509084820747375,0.3034394681453705,0.06080715358257294,0.2952697277069092,-0.9484238624572754,0.11536011099815369,0.09267576783895493,-0.09174239635467529,-0.9914608001708984
4,1648821706.2767785,-0.5653049945831299,-89.06085205078125,1490.9234619140625,-0.046175725758075714,-0.9977816939353943,0.04795327037572861,-0.995881974697113,0.049730848520994186,0.0758020207285881,-0.07801862806081772,-0.044255580753088,-0.9959691166877747
410,1648821706.2767835,-20.023954391479492,-203.6666259765625,1462.0777587890625,-0.038379888981580734,0.966114342212677,0.2552450895309448,-0.9970571994781494,-0.020061085000634193,-0.07399021834135056,-0.06636251509189606,-0.2573336958885193,0.9640411734580994
300,1648821706.3082645,172.40513610839844,89.75940704345703,1361.0899658203125,0.9508720636367798,0.30349043011665344,0.061122119426727295,0.29517892003059387,-0.948305606842041,0.11655832827091217,0.09333678334951401,-0.09279009699821472,-0.9913012981414795
4,1648821706.308273,-0.3191693425178528,-89.07998657226562,1490.9207763671875,-0.04584745690226555,-0.9977126717567444,0.04967312514781952,-0.9960209727287292,0.04946061968803406,0.07413376122713089,-0.07642105221748352,-0.04607663303613663,-0.996010422706604
410,1648821706.3082783,-19.83125877380371,-202.1182861328125,1462.1336669921875,-0.03805100917816162,0.9665199518203735,0.2537543475627899,-0.9973748326301575,-0.02107776515185833,-0.06927580386400223,-0.06160787492990494,-0.2557242214679718,0.9647847414016724
300,1648821706.338928,172.40579223632812,89.75704956054688,1361.0760498046875,0.9508653283119202,0.3034813404083252,0.06127186864614487,0.29524779319763184,-0.9484036564826965,0.11558206379413605,0.09318746626377106,-0.09181259572505951,-0.9914063215255737
4,1648821706.3389356,-0.24906328320503235,-89.04804229736328,1490.942138671875,-0.0460859090089798,-0.9976940751075745,0.04982602223753929,-0.9958105087280273,0.04982798174023628,0.07667171955108643,-0.07897765189409256,-0.04608379304409027,-0.9958106279373169
410,1648821706.3389401,-19.58730125427246,-200.55528259277344,1462.31689453125,-0.0374358706176281,0.9673312306404114,0.2507365047931671,-0.997601330280304,-0.02155718207359314,-0.06577876210212708,-0.05822468176484108,-0.2525975704193115,0.9658179879188538
300,1648821706.3683226,172.40423583984375,89.77054595947266,1361.0611572265625,0.9508485794067383,0.3034621775150299,0.061625074595212936,0.29515302181243896,-0.9483774304389954,0.11603832989931107,0.09365707635879517,-0.09214605391025543,-0.991331160068512
4,1648821706.368331,-0.48937538266181946,-89.10916900634766,1491.0496826171875,-0.04605375602841377,-0.9977392554283142,0.04894284904003143,-0.9960191249847412,0.049607329070568085,0.07406104356050491,-0.07632153481245041,-0.04533722251653671,-0.9960519671440125
410,1648821706.3683364,-19.58526611328125,-198.60577392578125,1462.7728271484375,-0.037283554673194885,0.9666356444358826,0.25342753529548645,-0.9973976016044617,-0.020335309207439423,-0.06917043775320053,-0.06170908361673355,-0.2553469240665436,0.9648782014846802
300,1648821706.398666,172.41114807128906,89.76225280761719,1361.0538330078125,0.950857400894165,0.30338767170906067,0.061855338513851166,0.2951863706111908,-0.9485331773757935,0.11467277258634567,0.09346214681863785,-0.09077860414981842,-0.9914757013320923
4,1648821706.3986747,-0.17861995100975037,-89.11576843261719,1491.087890625,-0.0452793650329113,-0.9976704716682434,0.05102323740720749,-0.9960038065910339,0.04902172088623047,0.07465432584285736,-0.07698167115449905,-0.04743903875350952,-0.9959033131599426
410,1648821706.39868,-19.520708084106445,-196.94053649902344,1462.8153076171875,-0.03681511804461479,0.966435968875885,0.25425609946250916,-0.9975916743278503,-0.020575713366270065,-0.06623773276805878,-0.05878302454948425,-0.25608232617378235,0.9648659825325012
300,1648821706.4282234,172.41091918945312,89.77484893798828,1361.0628662109375,0.9508645534515381,0.3034535050392151,0.06142096966505051,0.2952013611793518,-0.948411762714386,0.11563434451818466,0.09334202110767365,-0.09182105213403702,-0.9913910031318665
4,1648821706.4282312,-0.2044244408607483,-89.11175537109375,1491.0572509765625,-0.04218193516135216,-0.9977778792381287,0.05157545208930969,-0.9962410926818848,0.045913852751255035,0.07345453649759293,-0.07565933465957642,-0.048283129930496216,-0.9959640502929688
410,1648821706.4282362,-19.50299072265625,-195.11370849609375,1462.961669921875,-0.03464736044406891,0.966233491897583,0.2553279995918274,-0.9978762269020081,-0.019345659762620926,-0.06219981610774994,-0.05516005679965019,-0.2569407820701599,0.9648516774177551
300,1648821706.4603071,172.41195678710938,89.76625061035156,1361.0728759765625,0.9509024024009705,0.3034055531024933,0.06107132136821747,0.2952178716659546,-0.9484482407569885,0.11529254913330078,0.09290338307619095,-0.0916026160120964,-0.9914524555206299
4,1648821706.460316,-0.3396732211112976,-89.10910034179688,1491.04541015625,-0.04596606269478798,-0.9976708889007568,0.050397902727127075,-0.995989203453064,0.0496487058699131,0.07443500310182571,-0.0767638236284256,-0.046774279326200485,-0.9959515333175659
410,1648821706.460321,-19.48764419555664,-192.9414520263672,1463.3648681640625,-0.035324420779943466,0.9659673571586609,0.25624048709869385,-0.9976375102996826,-0.018967537209391594,-0.06602759659290314,-0.05892025679349899,-0.2579675316810608,0.9643552899360657
300,1648821706.4907408,172.40859985351562,89.77116394042969,1361.08935546875,0.9509501457214355,0.30332157015800476,0.06074400618672371,0.29515472054481506,-0.9484553933143616,0.11539530754089355,0.09261486679315567,-0.0918063074350357,-0.9914605617523193
4,1648821706.4907508,-0.05197708308696747,-89.11955261230469,1491.07763671875,-0.04411808028817177,-0.997687041759491,0.05171257257461548,-0.9962030053138733,0.04782325401902199,0.07274972647428513,-0.07505451887845993,-0.04830664396286011,-0.9960086941719055
410,1648821706.4907558,-19.331729888916016,-190.97650146484375,1463.4847412109375,-0.036491598933935165,0.9659057259559631,0.2563094198703766,-0.9976258873939514,-0.020221354439854622,-0.06583074480295181,-0.0584033727645874,-0.2581031620502472,0.9643504619598389
300,1648821706.520429,172.40585327148438,89.83296203613281,1361.0648193359375,0.9509148001670837,0.3033452033996582,0.061178166419267654,0.29501938819885254,-0.9483429193496704,0.11665889620780945,0.09340579807758331,-0.09288392961025238,-0.9912859797477722
4,1648821706.5204372,0.5002538561820984,-89.10057830810547,1491.14013671875,-0.03912965953350067,-0.9976598620414734,0.05606820061802864,-0.9964376091957092,0.043153733015060425,0.07245612144470215,-0.07470611482858658,-0.05303327739238739,-0.995794415473938
410,1648821706.520442,-18.980527877807617,-190.63951110839844,1463.52197265625,-0.040114447474479675,0.9653251767158508,0.2579497992992401,-0.9977003335952759,-0.024581260979175568,-0.06316456198692322,-0.05463361367583275,-0.25989043712615967,0.9640913605690002
300,1648821706.5505438,172.41148376464844,89.80197143554688,1361.0438232421875,0.9508765339851379,0.3034341633319855,0.0613313652575016,0.29508253931999207,-0.9483085870742798,0.11677823960781097,0.09359556436538696,-0.09294386953115463,-0.9912624955177307
4,1648821706.5505517,0.5165154337882996,-89.13236999511719,1491.180419921875,-0.04063771665096283,-0.9976500272750854,0.055163510143756866,-0.9963514804840088,0.044607918709516525,0.07275903224945068,-0.0750487744808197,-0.05200548470020294,-0.9958228468894958
410,1648821706.5505562,-18.94753646850586,-190.46978759765625,1463.77490234375,-0.03810758516192436,0.9650065898895264,0.25944188237190247,-0.9976305365562439,-0.021857446059584618,-0.06523507088422775,-0.05728153884410858,-0.2613130807876587,0.9635529518127441
300,1648821706.5808227,172.40707397460938,89.76944732666016,1361.0328369140625,0.950865626335144,0.3034650981426239,0.06134771183133125,0.29514017701148987,-0.9483275413513184,0.11647811532020569,0.09352476894855499,-0.09264885634183884,-0.9912967681884766
4,1648821706.5808315,0.6302726864814758,-89.17095947265625,1491.13818359375,-0.03932454437017441,-0.9977846741676331,0.05365970730781555,-0.9964866638183594,0.0431341789662838,0.07179014384746552,-0.07394567131996155,-0.05064806714653969,-0.9959753155708313
410,1648821706.5808363,-18.812824249267578,-190.6218719482422,1463.6861572265625,-0.037440959364175797,0.9647526144981384,0.26048147678375244,-0.9976252317428589,-0.02100645937025547,-0.06559396535158157,-0.05781015381217003,-0.26231878995895386,0.963248074054718
300,1648821706.6121824,172.40548706054688,89.82024383544922,1361.00830078125,0.9507659077644348,0.30351120233535767,0.06265142560005188,0.29514795541763306,-0.9484316110610962,0.1156078651547432,0.09450887143611908,-0.09142457693815231,-0.991317093372345
4,1648821706.612191,0.8261803984642029,-89.11971282958984,1491.0614013671875,-0.03921527415513992,-0.997651994228363,0.05614876002073288,-0.9965778589248657,0.04314132407307625,0.07050829380750656,-0.07276507467031479,-0.05319160968065262,-0.9959296584129333
410,1648821706.6121964,-19.013776779174805,-190.3504638671875,1463.568359375,-0.03642388433218002,0.9631217122077942,0.2665894329547882,-0.9975595474243164,-0.019140519201755524,-0.06714574992656708,-0.059566862881183624,-0.26838454604148865,0.9614683985710144
300,1648821706.6428502,172.39466857910156,89.83323669433594,1361.10009765625,0.9509045481681824,0.30337899923324585,0.06116966903209686,0.29509660601615906,-0.9483745694160461,0.11620517820119858,0.09326596558094025,-0.09244906902313232,-0.9913398027420044
4,1648821706.6428585,0.745742917060852,-89.0349349975586,1490.941650390625,-0.03926962986588478,-0.9976183176040649,0.05670570209622383,-0.9963016510009766,0.04343196004629135,0.074139304459095,-0.07642557471990585,-0.053584564477205276,-0.9956343770027161
410,1648821706.6428633,-19.227920532226562,-190.03521728515625,1463.4617919921875,-0.03591517359018326,0.9607894420623779,0.27494317293167114,-0.9974488019943237,-0.017479436472058296,-0.06921244412660599,-0.0616927370429039,-0.27672749757766724,0.958966076374054
300,1648821706.6723418,172.39846801757812,89.82584381103516,1361.078857421875,0.9508992433547974,0.30333182215690613,0.06148502230644226,0.2950016260147095,-0.9483799934387207,0.11640217155218124,0.09361964464187622,-0.09254855662584305,-0.99129718542099
4,1648821706.6723542,1.0283452272415161,-89.02812957763672,1490.8564453125,-0.03724903240799904,-0.9976558685302734,0.057404015213251114,-0.9964185357093811,0.041443753987550735,0.073705293238163,-0.07591155171394348,-0.05445297807455063,-0.9956265687942505
410,1648821706.6723595,-19.203840255737305,-190.02133178710938,1463.3079833984375,-0.036840230226516724,0.9607393741607666,0.2749957740306854,-0.997435450553894,-0.01845385693013668,-0.0691516175866127,-0.061361949890851974,-0.276838093996048,0.9589553475379944
300,1648821706.7047765,172.404541015625,89.82559204101562,1361.0643310546875,0.9508880972862244,0.30335769057273865,0.0615299828350544,0.29504698514938354,-0.9483966827392578,0.1161508783698082,0.09359009563922882,-0.09229224920272827,-0.9913238883018494
4,1648821706.704785,0.9227830767631531,-88.99825286865234,1490.87939453125,-0.037342287600040436,-0.9976648092269897,0.05718798190355301,-0.996181309223175,0.04168422892689705,0.07671543210744858,-0.07892011851072311,-0.054104868322610855,-0.9954116344451904
410,1648821706.7047908,-19.31991958618164,-189.95310974121094,1463.3658447265625,-0.03743923082947731,0.9601544141769409,0.2769508361816406,-0.9974385499954224,-0.019002525135874748,-0.06895799189805984,-0.06094755977392197,-0.2788231670856476,0.9584065079689026
300,1648821706.7341623,172.40603637695312,89.81563568115234,1361.0889892578125,0.9508899450302124,0.3033886253833771,0.06134822219610214,0.29503604769706726,-0.9483237266540527,0.11677263677120209,0.09360546618700027,-0.09293799847364426,-0.9912620782852173
4,1648821706.7341702,0.7758863568305969,-88.97198486328125,1490.8118896484375,-0.035213176161050797,-0.9977911114692688,0.0563284195959568,-0.9962702989578247,0.039490584284067154,0.07671990245580673,-0.07877488434314728,-0.05341678112745285,-0.9954602718353271
410,1648821706.7341747,-19.67631721496582,-189.8595428466797,1463.217529296875,-0.03684759885072708,0.9591126441955566,0.28061574697494507,-0.997462809085846,-0.018183279782533646,-0.0688282698392868,-0.060911551117897034,-0.2824399173259735,0.9573491811752319
300,1648821706.764768,172.40316772460938,89.80583190917969,1361.03515625,0.9508708715438843,0.3033333718776703,0.061915088444948196,0.29508134722709656,-0.9485076069831848,0.11515349894762039,0.09365683048963547,-0.09122611582279205,-0.9914162755012512
4,1648821706.764777,0.8564873337745667,-88.98640441894531,1490.8291015625,-0.03721179813146591,-0.9977540373802185,0.05569737032055855,-0.9963104128837585,0.04135589301586151,0.0752011314034462,-0.07733564078807831,-0.052693501114845276,-0.9956116676330566
410,1648821706.7647822,-19.893009185791016,-189.69189453125,1463.2298583984375,-0.03778444603085518,0.9583852291107178,0.2829665243625641,-0.9972763657569885,-0.01821587234735489,-0.07147033512592316,-0.06334163248538971,-0.2848963141441345,0.9564632177352905
300,1648821706.794129,172.4019775390625,89.81902313232422,1361.0323486328125,0.9508905410766602,0.3032931685447693,0.06180992349982262,0.2950313985347748,-0.9484980702400208,0.11536002159118652,0.09361449629068375,-0.09145887941122055,-0.991398811340332
4,1648821706.7941377,0.7723072171211243,-89.00099182128906,1490.9315185546875,-0.03669624403119087,-0.9977384805679321,0.05631454661488533,-0.9962840676307678,0.04092030972242355,0.0757865458726883,-0.07791955769062042,-0.05332420393824577,-0.9955325722694397
410,1648821706.794143,-19.90654754638672,-189.56568908691406,1463.386962890625,-0.040101513266563416,0.9583320021629333,0.28282803297042847,-0.9972301125526428,-0.020640606060624123,-0.07145644724369049,-0.06264125555753708,-0.2849101424217224,0.9565052390098572
300,1648821706.8245425,172.40011596679688,89.81425476074219,1361.0389404296875,0.9508932828903198,0.30328214168548584,0.06182117760181427,0.29508718848228455,-0.9485678672790527,0.11464109271764755,0.0934101790189743,-0.09076880663633347,-0.9914814829826355
4,1648821706.8245509,0.7638004422187805,-88.99034881591797,1491.0146484375,-0.03335358947515488,-0.9978317618370056,0.056738872081041336,-0.9964636564254761,0.0375811867415905,0.0751524344086647,-0.077121801674366,-0.0540316179394722,-0.9955565333366394
410,1648821706.8245564,-20.03544807434082,-189.63182067871094,1463.4647216796875,-0.03987659886479378,0.958329439163208,0.282868355512619,-0.9974105358123779,-0.021219970658421516,-0.0687161311507225,-0.05985023081302643,-0.2848760485649109,0.9566940665245056
300,1648821706.8562472,172.39649963378906,89.82176208496094,1361.0567626953125,0.9508858919143677,0.3033472001552582,0.06161554157733917,0.2950085699558258,-0.9483826756477356,0.11636234819889069,0.0937333032488823,-0.0924702063202858,-0.9912937879562378
4,1648821706.8562548,0.8817601203918457,-89.02718353271484,1491.06787109375,-0.034356649965047836,-0.9977381229400635,0.05777745321393013,-0.9965612292289734,0.03856305405497551,0.07333870977163315,-0.07540090382099152,-0.055059097707271576,-0.9956320524215698
410,1648821706.8562596,-20.059141159057617,-189.59765625,1463.604248046875,-0.03825724869966507,0.9581781029701233,0.28360384702682495,-0.9975076913833618,-0.01978120394051075,-0.06772822141647339,-0.05928567051887512,-0.285488098859787,0.9565467834472656
300,1648821706.8866522,172.3995819091797,89.81673431396484,1361.05810546875,0.9508987665176392,0.30338311195373535,0.061239197850227356,0.295083224773407,-0.9483644366264343,0.11632215976715088,0.09336724877357483,-0.09253993630409241,-0.9913218021392822
4,1648821706.8866606,0.7464576363563538,-89.0459976196289,1491.1043701171875,-0.03451463207602501,-0.9978148937225342,0.05633994936943054,-0.9967010021209717,0.038510024547576904,0.07144328206777573,-0.07345682382583618,-0.05368824303150177,-0.9958522319793701
410,1648821706.8866658,-20.14849090576172,-189.40155029296875,1463.91748046875,-0.03643675521016121,0.9577121734619141,0.2854115962982178,-0.9974384903907776,-0.017261316999793053,-0.06941571086645126,-0.06155368685722351,-0.28720977902412415,0.9558879137039185
300,1648821706.9168413,172.4000701904297,89.83307647705078,1361.06591796875,0.9509088397026062,0.30341237783432007,0.060936495661735535,0.29510173201560974,-0.9483078122138977,0.11673592776060104,0.09320568293333054,-0.09302276372909546,-0.9912918210029602
4,1648821706.9168491,0.8365204334259033,-89.08037567138672,1491.191162109375,-0.03441695123910904,-0.9978387951850891,0.055974673479795456,-0.99665367603302,0.038423214107751846,0.07214682549238205,-0.07414162904024124,-0.053304288536310196,-0.9958221316337585
410,1648821706.9168544,-20.21591567993164,-189.44476318359375,1463.966796875,-0.03663863614201546,0.9571400284767151,0.2872988283634186,-0.9976984262466431,-0.018620222806930542,-0.06520093232393265,-0.05705684795975685,-0.2890264689922333,0.9556192755699158
300,1648821706.9467905,172.3947296142578,89.84011840820312,1361.0382080078125,0.9509071111679077,0.303324818611145,0.061398424208164215,0.2949691116809845,-0.9483463168144226,0.11675810068845749,0.09364259988069534,-0.09291546791791916,-0.9912607073783875
4,1648821706.9467986,0.9310388565063477,-89.08065032958984,1491.206298828125,-0.03281691297888756,-0.9977937340736389,0.05771218240261078,-0.9966984987258911,0.036962151527404785,0.0722903460264206,-0.07426401972770691,-0.05514930188655853,-0.9957125186920166
410,1648821706.9468036,-20.158048629760742,-189.63450622558594,1464.0208740234375,-0.03762669116258621,0.9570878148078918,0.2873449921607971,-0.997886061668396,-0.020739542320370674,-0.061590030789375305,-0.05298766493797302,-0.2890549898147583,0.9558449387550354
300,1648821706.9769862,172.4021759033203,89.82654571533203,1361.046142578125,0.9508465528488159,0.3035057485103607,0.06144188344478607,0.2951440215110779,-0.9482899904251099,0.1167735829949379,0.0937061756849289,-0.09289955347776413,-0.9912561774253845
4,1648821706.9769945,0.9490675926208496,-89.10797882080078,1491.2591552734375,-0.03281784430146217,-0.9977546334266663,0.058384135365486145,-0.9967550039291382,0.03696903958916664,0.0715036615729332,-0.07350151985883713,-0.05584808439016342,-0.9957301616668701
410,1648821706.9769998,-20.216005325317383,-189.54568481445312,1464.263671875,-0.03791404888033867,0.9570034146308899,0.2875882387161255,-0.9979575872421265,-0.02145509235560894,-0.060169417411088943,-0.051412105560302734,-0.2892821133136749,0.955862283706665
300,1648821707.0085247,172.396484375,89.84807586669922,1361.04638671875,0.9509153962135315,0.30329185724258423,0.06143255531787872,0.2949613928794861,-0.9483856558799744,0.11645789444446564,0.09358248859643936,-0.09262137860059738,-0.9912939071655273
4,1648821707.008533,1.0075525045394897,-89.11119842529297,1491.3165283203125,-0.033753592520952225,-0.9976691007614136,0.05930526182055473,-0.9967439770698547,0.03795122727751732,0.07114167511463165,-0.07322655618190765,-0.056710872799158096,-0.9957016110420227
410,1648821707.0085385,-20.230117797851562,-189.4206085205078,1464.2874755859375,-0.03914220258593559,0.9563515186309814,0.2895854115486145,-0.9976931810379028,-0.0213184654712677,-0.06445062905550003,-0.055463939905166626,-0.29144012928009033,0.9549797773361206
300,1648821707.0380068,172.38873291015625,89.8592529296875,1361.056884765625,0.9509184956550598,0.3032565116882324,0.06155850738286972,0.2948881685733795,-0.9483742713928223,0.1167355626821518,0.09378132969141006,-0.0928531363606453,-0.9912534356117249
4,1648821707.0380144,0.9943217039108276,-89.10009765625,1491.3001708984375,-0.035022102296352386,-0.9977700710296631,0.05681858956813812,-0.996687650680542,0.03904647007584572,0.07133758813142776,-0.07339707762002945,-0.054131995886564255,-0.995832622051239
410,1648821707.0380194,-20.3419132232666,-189.2779083251953,1464.34033203125,-0.0401250422000885,0.9556998014450073,0.2915953993797302,-0.9973938465118408,-0.02079622447490692,-0.06908724457025528,-0.05996258184313774,-0.29360756278038025,0.9540435671806335
300,1648821707.0686684,172.38656616210938,89.86636352539062,1361.0540771484375,0.9509480595588684,0.3031653165817261,0.061551790684461594,0.2948225438594818,-0.9484268426895142,0.11647407710552216,0.09368827193975449,-0.09261393547058105,-0.9912846088409424
4,1648821707.068677,0.9297292828559875,-89.08499145507812,1491.3345947265625,-0.03592897951602936,-0.9978348612785339,0.055088188499212265,-0.9965425729751587,0.03990559279918671,0.07287285476922989,-0.0749133974313736,-0.052279479801654816,-0.9958186745643616
410,1648821707.0686817,-20.418415069580078,-189.16542053222656,1464.457275390625,-0.04168705642223358,0.955109715461731,0.2933047413825989,-0.9972370266914368,-0.02170925959944725,-0.07104265689849854,-0.061486102640628815,-0.2954559028148651,0.9533756971359253
300,1648821707.0986814,172.3927001953125,89.85359191894531,1361.069091796875,0.9509193301200867,0.30323630571365356,0.061645444482564926,0.29483461380004883,-0.9483580589294434,0.11700247973203659,0.0939413532614708,-0.09308470785617828,-0.9912165403366089
4,1648821707.0986927,1.0877031087875366,-89.07313537597656,1491.3580322265625,-0.03522038832306862,-0.9977196455001831,0.05757618322968483,-0.9965226054191589,0.039414532482624054,0.0734112337231636,-0.07551316916942596,-0.054790396243333817,-0.995638370513916
410,1648821707.098698,-20.388578414916992,-189.10415649414062,1464.3092041015625,-0.04404645785689354,0.9548469185829163,0.29381510615348816,-0.9971739053726196,-0.02410351112484932,-0.07115636765956879,-0.060861460864543915,-0.29611894488334656,0.9532100558280945
300,1648821707.1281414,172.4024200439453,89.85515594482422,1361.0599365234375,0.9508694410324097,0.30332261323928833,0.06198938563466072,0.29495108127593994,-0.9484028816223145,0.11634357273578644,0.09408054500818253,-0.09234371036291122,-0.9912726879119873
4,1648821707.1281486,1.019212245941162,-89.02932739257812,1491.2906494140625,-0.03654436394572258,-0.9977313280105591,0.05653930827975273,-0.9964979887008667,0.04064027592539787,0.07307644933462143,-0.07520844042301178,-0.05367077514529228,-0.9957224130630493
410,1648821707.1281533,-20.577713012695312,-189.05810546875,1464.3607177734375,-0.04329067841172218,0.9537472724914551,0.2974761426448822,-0.9970982074737549,-0.02258327044546604,-0.07269936054944992,-0.06261883676052094,-0.2997601330280304,0.9519573450088501
