300,1648821456.3506248,172.41343688964844,89.42935180664062,1361.1361083984375,0.9506577849388123,0.3042457401752472,0.06069885939359665,0.29601970314979553,-0.9481063485145569,0.11604619771242142,0.0928555354475975,-0.09235215932130814,-0.9913873672485352
4,1648821456.350633,50.43827438354492,-97.59801483154297,1550.584716796875,0.12259504199028015,-0.9923704266548157,-0.01309194229543209,-0.9470782279968262,-0.1130361333489418,-0.30044251680374146,0.29667040705680847,0.04923185706138611,-0.9537100791931152
300,1648821456.3801625,172.4154052734375,89.43819427490234,1361.107177734375,0.9506426453590393,0.3042124807834625,0.06110116466879845,0.2960377633571625,-0.948215663433075,0.11510305851697922,0.09295286238193512,-0.09133362025022507,-0.991472601890564
4,1648821456.3801699,50.390594482421875,-97.58511352539062,1550.6705322265625,0.12219616025686264,-0.9924331307411194,-0.012024222873151302,-0.9474072456359863,-0.11302462965250015,-0.29940763115882874,0.29578301310539246,0.04797830060124397,-0.9540495276451111
300,1648821456.412298,172.4138946533203,89.44046020507812,1361.141845703125,0.950627863407135,0.30421867966651917,0.06129980459809303,0.2960173189640045,-0.9482111930847168,0.11519224941730499,0.09316879510879517,-0.09135916084051132,-0.9914500117301941
4,1648821456.4123065,50.208980560302734,-97.59939575195312,1550.65283203125,0.12128705531358719,-0.9925044775009155,-0.014975414611399174,-0.9474877715110779,-0.11126215010881424,-0.2998126745223999,0.29589924216270447,0.05055242031812668,-0.9538805484771729
300,1648821456.442732,172.40545654296875,89.44182586669922,1361.2222900390625,0.9507001638412476,0.3041814863681793,0.060355596244335175,0.29597538709640503,-0.948104202747345,0.11617636680603027,0.09256209433078766,-0.09258511662483215,-0.9913930892944336
4,1648821456.4427397,50.090213775634766,-97.61615753173828,1550.62890625,0.12021692097187042,-0.992643415927887,-0.014386331662535667,-0.9477426409721375,-0.11044120043516159,-0.29931020736694336,0.29551947116851807,0.04961669445037842,-0.9540473818778992
300,1648821456.4729962,172.40997314453125,89.42952728271484,1361.2093505859375,0.9506486058235168,0.30421993136405945,0.060971394181251526,0.29606059193611145,-0.9482130408287048,0.11506587266921997,0.0928192064166069,-0.09133598208427429,-0.9914849400520325
4,1648821456.473005,49.96562194824219,-97.63743591308594,1550.6956787109375,0.11947213113307953,-0.9927178621292114,-0.015415841713547707,-0.9478580355644226,-0.10942523181438446,-0.2993179261684418,0.2954513728618622,0.050372179597616196,-0.9540289044380188
300,1648821456.504038,172.4120635986328,89.4439697265625,1361.174072265625,0.9506574273109436,0.3042234778404236,0.060815513134002686,0.296054482460022,-0.9481837749481201,0.11532238125801086,0.09274806082248688,-0.09162737429141998,-0.9914646744728088
4,1648821456.5040455,49.87124252319336,-97.61257934570312,1550.9146728515625,0.1192500963807106,-0.9927216172218323,-0.016827993094921112,-0.9479879140853882,-0.10880577564239502,-0.2991325259208679,0.295124351978302,0.051624320447444916,-0.9540631771087646
300,1648821456.5341117,172.40859985351562,89.41667938232422,1361.1290283203125,0.9505491256713867,0.30439814925193787,0.061629123985767365,0.29609566926956177,-0.9480958580970764,0.11593778431415558,0.09372156113386154,-0.09195644408464432,-0.9913426637649536
4,1648821456.5341198,49.92308807373047,-97.62564849853516,1551.0601806640625,0.11983560770750046,-0.9926120638847351,-0.018992789089679718,-0.9472748041152954,-0.10859397798776627,-0.30145949125289917,0.29716983437538147,0.05411697179079056,-0.953289806842804
300,1648821456.564349,172.40994262695312,89.43875885009766,1361.1077880859375,0.9505370855331421,0.3043191730976105,0.06220175325870514,0.29614201188087463,-0.9483091831207275,0.11405939608812332,0.0936969518661499,-0.08999713510274887,-0.9915247559547424
4,1648821456.5643568,50.03644561767578,-97.5999526977539,1551.1298828125,0.1199023649096489,-0.9926633238792419,-0.015586153604090214,-0.9464577436447144,-0.10955321788787842,-0.30367058515548706,0.2997351288795471,0.05116245523095131,-0.9526495933532715
300,1648821456.5945346,172.41600036621094,89.43111419677734,1361.1572265625,0.9506600499153137,0.3042500913143158,0.06064118817448616,0.29605525732040405,-0.9481289982795715,0.11576973646879196,0.09271862357854843,-0.09210451692342758,-0.9914232492446899
4,1648821456.5945427,49.991512298583984,-97.60724639892578,1551.28173828125,0.12026554346084595,-0.9925562143325806,-0.01919214054942131,-0.9461092352867126,-0.10873928666114807,-0.30504611134529114,0.3006884753704071,0.05484439805150032,-0.952144205570221
300,1648821456.6248133,172.4052276611328,89.43128204345703,1361.1622314453125,0.9505655169487,0.3043482303619385,0.06162259727716446,0.296109676361084,-0.9481731057167053,0.11526850610971451,0.09351065754890442,-0.09132321923971176,-0.991421103477478
4,1648821456.6248212,49.956939697265625,-97.58757781982422,1551.401123046875,0.11953111737966537,-0.992696225643158,-0.016325371339917183,-0.9459137916564941,-0.10887220501899719,-0.3056042790412903,0.3015948534011841,0.051971614360809326,-0.9520186185836792
300,1648821456.6568353,172.40711975097656,89.4261703491211,1361.18701171875,0.9506474137306213,0.3042542040348053,0.060818202793598175,0.29602816700935364,-0.9481181502342224,0.11592772603034973,0.09293434023857117,-0.09220249205827713,-0.9913939237594604
4,1648821456.6568427,49.96467590332031,-97.60240173339844,1551.5819091796875,0.11931943893432617,-0.992741048336029,-0.015103793703019619,-0.9453540444374084,-0.10894851386547089,-0.3073042631149292,0.3034279942512512,0.05094580724835396,-0.9514914155006409
300,1648821456.6863134,172.4093017578125,89.42454528808594,1361.1407470703125,0.9506088495254517,0.3042635917663574,0.06137121096253395,0.2960362136363983,-0.9481803178787231,0.11539788544178009,0.09330234676599503,-0.09153015166521072,-0.991421639919281
4,1648821456.6863217,49.95318603515625,-97.5995864868164,1551.5380859375,0.11935136467218399,-0.9927268028259277,-0.015773413702845573,-0.9458634257316589,-0.10885889083147049,-0.3057648539543152,0.3018238842487335,0.05141294747591019,-0.9519764184951782
300,1648821456.7159307,172.40380859375,89.4244613647461,1361.17822265625,0.9506544470787048,0.30422231554985046,0.06086760386824608,0.29604604840278625,-0.9481831789016724,0.11534889042377472,0.09280534833669662,-0.09163732826709747,-0.9914584159851074
4,1648821456.7159383,49.88845443725586,-97.61492156982422,1551.4073486328125,0.11871616542339325,-0.9928192496299744,-0.014710817486047745,-0.9462089538574219,-0.10862681269645691,-0.3047766387462616,0.30099013447761536,0.050101425498723984,-0.9523102641105652
300,1648821456.7462442,172.41302490234375,89.4134292602539,1361.19189453125,0.9506787657737732,0.30422165989875793,0.06048992648720741,0.29609352350234985,-0.9481857419013977,0.11520620435476303,0.09240391105413437,-0.09161341935396194,-0.9914981126785278
4,1648821456.7462516,49.82605743408203,-97.64411926269531,1551.299560546875,0.1180475652217865,-0.9929003715515137,-0.01461477018892765,-0.9464021921157837,-0.10803898423910141,-0.30438536405563354,0.3006453812122345,0.049763403832912445,-0.9524368643760681
300,1648821456.776104,172.40963745117188,89.41789245605469,1361.1748046875,0.9506650567054749,0.30422788858413696,0.06067397817969322,0.2960726022720337,-0.9481790065765381,0.11531498283147812,0.09261182695627213,-0.09166202694177628,-0.9914742112159729
4,1648821456.7761118,49.70320510864258,-97.64859771728516,1551.2791748046875,0.11757904291152954,-0.992927610874176,-0.016428640112280846,-0.94691002368927,-0.10711431503295898,-0.30313023924827576,0.29922667145729065,0.05119821056723595,-0.9528074860572815
300,1648821456.8087363,172.40411376953125,89.4193344116211,1361.2449951171875,0.9507807493209839,0.30406421422958374,0.05967380106449127,0.2960362136363983,-0.9482356905937195,0.1149420291185379,0.0915345847606659,-0.09161905944347382,-0.991578221321106
4,1648821456.8087437,49.558773040771484,-97.65965270996094,1551.208251953125,0.11684895306825638,-0.9929608702659607,-0.019366666674613953,-0.9476144909858704,-0.10563336312770844,-0.30144381523132324,0.2972761392593384,0.05357552692294121,-0.9532872438430786
300,1648821456.8379645,172.4034881591797,89.42650604248047,1361.173583984375,0.9506717324256897,0.30416709184646606,0.060874272137880325,0.2960483431816101,-0.9482577443122864,0.1147284209728241,0.09262111037969589,-0.09104733169078827,-0.9915300011634827
4,1648821456.8379724,49.5458984375,-97.67515563964844,1551.09033203125,0.11625177413225174,-0.9930811524391174,-0.01659315451979637,-0.9471871256828308,-0.10582129657268524,-0.3027183413505554,0.29886797070503235,0.050908368080854416,-0.9529356360435486
300,1648821456.8679774,172.40609741210938,89.43012237548828,1361.150634765625,0.9506493806838989,0.3041757345199585,0.06117944046854973,0.2960343360900879,-0.9482689499855042,0.11467193812131882,0.09289498627185822,-0.09090159088373184,-0.9915177226066589
4,1648821456.8679855,49.517513275146484,-97.67745971679688,1551.040283203125,0.11544748395681381,-0.9932026267051697,-0.014847342856228352,-0.9475381374359131,-0.10562967509031296,-0.30168506503105164,0.29806604981422424,0.04889720305800438,-0.9532920122146606
300,1648821456.8980772,172.4127655029297,89.4260025024414,1361.13720703125,0.9506056904792786,0.3042483627796173,0.061495617032051086,0.2961093783378601,-0.9482859969139099,0.11433666199445724,0.09310217201709747,-0.09047965705394745,-0.9915369153022766
4,1648821456.8980854,49.2149658203125,-97.71400451660156,1550.9442138671875,0.11306648701429367,-0.9934573173522949,-0.01607728749513626,-0.9475475549697876,-0.10294470191001892,-0.3025822043418884,0.29894745349884033,0.049445901066064835,-0.9529876708984375
300,1648821456.9283788,172.415771484375,89.42911529541016,1361.1298828125,0.950638473033905,0.3041367530822754,0.06154123321175575,0.2959724962711334,-0.9483012557029724,0.11456435918807983,0.0932028591632843,-0.09069477766752243,-0.9915077686309814
4,1648821456.9283862,48.77321243286133,-97.747314453125,1550.85986328125,0.10933631658554077,-0.993864893913269,-0.016679303720593452,-0.9483367204666138,-0.09927061945199966,-0.3013351261615753,0.29783064126968384,0.04876446723937988,-0.9533724188804626
300,1648821456.959943,172.3970947265625,89.43047332763672,1361.151611328125,0.9507070183753967,0.3041265308856964,0.06052466854453087,0.2959718108177185,-0.9481928944587708,0.11545950919389725,0.09250336140394211,-0.09185457229614258,-0.9914665222167969
4,1648821456.9599514,48.4227409362793,-97.79115295410156,1550.7274169921875,0.10576455295085907,-0.9942861795425415,-0.014452309347689152,-0.9484108090400696,-0.09649496525526047,-0.3020026683807373,0.29888248443603516,0.04564790427684784,-0.9531975388526917
300,1648821456.9902525,172.40805053710938,89.4297866821289,1361.0931396484375,0.9506011605262756,0.3041635751724243,0.061983123421669006,0.2959785759449005,-0.94832444190979,0.11435653269290924,0.09356319904327393,-0.09036177396774292,-0.9915042519569397
4,1648821456.9902594,48.057701110839844,-97.82568359375,1550.711669921875,0.10304517298936844,-0.994561493396759,-0.01513663213700056,-0.9491399526596069,-0.09376462548971176,-0.3005687892436981,0.2975148558616638,0.0453389436006546,-0.9536400437355042
300,1648821457.0203366,172.40623474121094,89.4249496459961,1361.14013671875,0.9506729245185852,0.30411645770072937,0.061108268797397614,0.2960968017578125,-0.9483976364135742,0.11344008892774582,0.09245393425226212,-0.08975045382976532,-0.9916638135910034
4,1648821457.020345,47.76414108276367,-97.8216781616211,1550.620361328125,0.10121289640665054,-0.994705319404602,-0.017813697457313538,-0.950291097164154,-0.0913630798459053,-0.29765692353248596,0.2944534122943878,0.04705491662025452,-0.9545066952705383
300,1648821457.0501466,172.4095458984375,89.41841125488281,1361.1331787109375,0.9506350159645081,0.30417969822883606,0.061381950974464417,0.2960699200630188,-0.9483223557472229,0.11413738876581192,0.09292815625667572,-0.09032965451478958,-0.9915668964385986
4,1648821457.0501547,47.676025390625,-97.85398864746094,1550.6163330078125,0.09962400048971176,-0.9949139952659607,-0.01487171370536089,-0.9497827887535095,-0.09062803536653519,-0.2994982600212097,0.2966272234916687,0.04396211355924606,-0.9539809226989746
300,1648821457.080417,172.41207885742188,89.42269134521484,1361.192626953125,0.9506629705429077,0.30421262979507446,0.06078337877988815,0.2960595190525055,-0.9481990337371826,0.11518420279026031,0.09267523139715195,-0.09150585532188416,-0.9914827346801758
4,1648821457.0804245,47.7017936706543,-97.8550033569336,1550.58056640625,0.09980820119380951,-0.9949106574058533,-0.013824572786688805,-0.949857771396637,-0.09113237261772156,-0.29910728335380554,0.296325147151947,0.042984738945961,-0.9541193246841431
300,1648821457.112617,172.39901733398438,89.42571258544922,1361.1568603515625,0.9507160186767578,0.3041425943374634,0.06030189245939255,0.29606008529663086,-0.9482328295707703,0.1149037703871727,0.09212736785411835,-0.09138787537813187,-0.9915446639060974
4,1648821457.1126251,47.693267822265625,-97.85539245605469,1550.5792236328125,0.09986323118209839,-0.994879424571991,-0.015564153902232647,-0.9497612714767456,-0.09064798802137375,-0.29956042766571045,0.2966156601905823,0.04469730332493782,-0.9539503455162048
300,1648821457.1420915,172.40231323242188,89.4198989868164,1361.1083984375,0.950631320476532,0.30428043007850647,0.060938816517591476,0.2961289584636688,-0.9481982588768005,0.11501191556453705,0.09277795255184174,-0.09128817915916443,-0.9914931654930115
4,1648821457.1420996,47.72928237915039,-97.86026763916016,1550.6627197265625,0.10040809959173203,-0.9948152899742126,-0.01614840142428875,-0.9492691159248352,-0.09092452377080917,-0.301033079624176,0.29800400137901306,0.04555533826351166,-0.9534769654273987
300,1648821457.1722286,172.4091033935547,89.42475891113281,1361.12255859375,0.9506580233573914,0.3041761517524719,0.06104263663291931,0.29603061079978943,-0.9482486248016357,0.11484973132610321,0.09281814098358154,-0.09111233055591583,-0.9915055632591248
4,1648821457.172236,47.744441986083984,-97.84648132324219,1550.67529296875,0.10091974586248398,-0.9947390556335449,-0.017589427530765533,-0.9491927027702332,-0.09097190201282501,-0.30125951766967773,0.29807448387145996,0.0470987930893898,-0.9533799290657043
300,1648821457.2042174,172.40945434570312,89.42957305908203,1361.1253662109375,0.9506726264953613,0.30411815643310547,0.06110432744026184,0.2959902286529541,-0.9482910633087158,0.11460284143686295,0.09279749542474747,-0.09086349606513977,-0.9915303587913513
4,1648821457.2042253,47.74048614501953,-97.8315658569336,1550.7547607421875,0.1005987599492073,-0.9947876930236816,-0.016652053222060204,-0.9494343400001526,-0.09098230302333832,-0.3004940152168274,0.2974127233028412,0.04603935778141022,-0.9536383152008057
300,1648821457.2343447,172.41339111328125,89.42599487304688,1361.1109619140625,0.9506641030311584,0.3041189908981323,0.061232708394527435,0.29604408144950867,-0.9483576416969299,0.11391107738018036,0.09271302819252014,-0.09016358852386475,-0.9916021227836609
4,1648821457.2343538,47.66261291503906,-97.84760284423828,1550.8173828125,0.09982439875602722,-0.9948874711990356,-0.015296139754354954,-0.949222981929779,-0.0906105488538742,-0.30127301812171936,0.29834675788879395,0.044593844562768936,-0.9534152150154114
300,1648821457.264869,172.4076385498047,89.42903137207031,1361.1839599609375,0.9506711959838867,0.3041973412036896,0.0607307031750679,0.29610031843185425,-0.9482527375221252,0.11463574320077896,0.09245993942022324,-0.09099852293729782,-0.9915494918823242
4,1648821457.264877,47.58771896362305,-97.86683654785156,1550.794677734375,0.09943024814128876,-0.9949043989181519,-0.01670096442103386,-0.9491521120071411,-0.08979261666536331,-0.301740825176239,0.2987036406993866,0.04585392028093338,-0.9532436728477478
300,1648821457.2940922,172.41342163085938,89.41830444335938,1361.119140625,0.9505824446678162,0.3042929470539093,0.06163422018289566,0.2961309850215912,-0.9482660889625549,0.11444568634033203,0.09327065199613571,-0.09053826332092285,-0.9915156960487366
4,1648821457.2941003,47.5570068359375,-97.8697738647461,1550.6881103515625,0.09904700517654419,-0.9949526190757751,-0.016091318801045418,-0.9496829509735107,-0.08968696743249893,-0.3000975251197815,0.29713964462280273,0.04500541090965271,-0.953772783279419
300,1648821457.324188,172.40957641601562,89.42739868164062,1361.156005859375,0.9506319761276245,0.304242879152298,0.06111564487218857,0.2961641550064087,-0.9483019113540649,0.11406241357326508,0.09265875816345215,-0.09033111482858658,-0.9915919899940491
4,1648821457.3241959,47.54533004760742,-97.87104797363281,1550.6365966796875,0.09871520847082138,-0.9949976205825806,-0.015332017093896866,-0.9499050974845886,-0.08962785452604294,-0.2994113564491272,0.29653942584991455,0.044120416045188904,-0.9540009498596191
300,1648821457.3565722,172.41073608398438,89.42603302001953,1361.148193359375,0.9506641626358032,0.3041943609714508,0.060855668038129807,0.2960762679576874,-0.9482477307319641,0.11473903805017471,0.0926092192530632,-0.09106037765741348,-0.9915298819541931
4,1648821457.3565793,47.54456329345703,-97.8698501586914,1550.70263671875,0.09858860820531845,-0.9950364828109741,-0.013516227714717388,-0.950046181678772,-0.09007175266742706,-0.29882991313934326,0.2961292266845703,0.042302265763282776,-0.954210638999939
300,1648821457.386705,172.41392517089844,89.43596649169922,1361.1114501953125,0.9505673050880432,0.30421093106269836,0.062269750982522964,0.29599234461784363,-0.9483106732368469,0.11443508416414261,0.09386347234249115,-0.09034688025712967,-0.9914772510528564
4,1648821457.3867133,47.4964714050293,-97.86223602294922,1550.7464599609375,0.09843398630619049,-0.9950266480445862,-0.015256289392709732,-0.9496617317199707,-0.08934235572814941,-0.30026742815971375,0.2974110543727875,0.04404483363032341,-0.9537330269813538
300,1648821457.4167595,172.4189910888672,89.431640625,1361.1904296875,0.9506717324256897,0.30413615703582764,0.06102849170565605,0.2959948480129242,-0.94826340675354,0.11481956392526627,0.09279187023639679,-0.0910915955901146,-0.9915099740028381
4,1648821457.416768,47.4981575012207,-97.87521362304688,1550.7911376953125,0.09846004843711853,-0.9950105547904968,-0.016112472862005234,-0.949481189250946,-0.08908194303512573,-0.30091506242752075,0.29797834157943726,0.04492660239338875,-0.953514814376831
300,1648821457.4469068,172.41212463378906,89.44049072265625,1361.1690673828125,0.9506514668464661,0.3041224181652069,0.061411552131175995,0.29608154296875,-0.9484102725982666,0.11337409913539886,0.09272295236587524,-0.08959642797708511,-0.9916526079177856
4,1648821457.446916,47.53923797607422,-97.87354278564453,1550.73681640625,0.09824629873037338,-0.9950591325759888,-0.014315730892121792,-0.9492603540420532,-0.0893864780664444,-0.30152079463005066,0.2987514138221741,0.043212659657001495,-0.9533520936965942
300,1648821457.4761982,172.40740966796875,89.44580078125,1361.1505126953125,0.9506481289863586,0.30421581864356995,0.06099870428442955,0.29608967900276184,-0.9482501745223999,0.11468446999788284,0.09273085743188858,-0.09096349030733109,-0.9915274381637573
4,1648821457.4762063,47.49395751953125,-97.86939239501953,1550.708984375,0.09785953909158707,-0.9951068162918091,-0.013637601397931576,-0.9493200778961182,-0.08922652900218964,-0.3013801872730255,0.2986886203289032,0.04243937507271767,-0.9534065127372742
300,1648821457.5086346,172.40492248535156,89.43772888183594,1361.1578369140625,0.9506611227989197,0.3042468726634979,0.060640621930360794,0.29608994722366333,-0.9481675028800964,0.115365169942379,0.09259696304798126,-0.09171810746192932,-0.9914703965187073
4,1648821457.5086427,47.424659729003906,-97.87063598632812,1550.7578125,0.09724593162536621,-0.9951717853546143,-0.013278557918965816,-0.9494613409042358,-0.08876200765371323,-0.30107221007347107,0.29843994975090027,0.04188552498817444,-0.9535089135169983
300,1648821457.5388794,172.4020538330078,89.44129180908203,1361.1163330078125,0.9506500363349915,0.30421000719070435,0.060997843742370605,0.29610490798950195,-0.9482724666595459,0.11446037888526917,0.09266256541013718,-0.09075000137090683,-0.9915533661842346
4,1648821457.5388873,47.32442855834961,-97.86371612548828,1550.810302734375,0.0968252494931221,-0.9951861500740051,-0.015147428028285503,-0.9495705366134644,-0.08780559152364731,-0.3010082542896271,0.2982292175292969,0.04352875053882599,-0.9535012245178223
300,1648821457.5683,172.4080047607422,89.45259094238281,1361.1519775390625,0.9506848454475403,0.30407536029815674,0.061126459389925,0.29591885209083557,-0.9482789039611816,0.11488763988018036,0.09289943426847458,-0.0911334678530693,-0.9914960265159607
4,1648821457.5683079,47.32744598388672,-97.86613464355469,1550.8372802734375,0.09677832573652267,-0.9951993823051453,-0.014564371667802334,-0.9493678212165833,-0.08790737390518188,-0.30161726474761963,0.29888901114463806,0.043016962707042694,-0.9533178210258484
300,1648821457.5981877,172.41180419921875,89.44218444824219,1361.1124267578125,0.9506065249443054,0.3042261302471161,0.06159275770187378,0.2960508167743683,-0.9482689499855042,0.1146293431520462,0.09327974170446396,-0.09073281288146973,-0.9914970993995667
4,1648821457.598196,47.27638626098633,-97.86308288574219,1550.829833984375,0.0965501144528389,-0.99518883228302,-0.01665228232741356,-0.9493521451950073,-0.08705131709575653,-0.3019147515296936,0.29901257157325745,0.04495878517627716,-0.953189492225647
300,1648821457.628208,172.40553283691406,89.46646118164062,1361.1053466796875,0.950559139251709,0.3043067157268524,0.061924975365400314,0.2960085868835449,-0.948163628578186,0.11560554802417755,0.09389455616474152,-0.09155958890914917,-0.9913630485534668
4,1648821457.628215,47.56422805786133,-97.8011703491211,1550.9278564453125,0.09863997250795364,-0.9950699210166931,-0.01029324159026146,-0.948689877986908,-0.09090953320264816,-0.3028580844402313,0.30042922496795654,0.039639007300138474,-0.952980101108551
300,1648821457.6606824,172.40809631347656,89.46392059326172,1361.1453857421875,0.9506248235702515,0.30423757433891296,0.06125319004058838,0.2960663437843323,-0.9482293725013733,0.11491622030735016,0.09304390847682953,-0.09110720455646515,-0.9914848804473877
4,1648821457.660691,48.415794372558594,-97.73006439208984,1550.904052734375,0.10409028828144073,-0.994541585445404,-0.007230299990624189,-0.9484947323799133,-0.09707868099212646,-0.3015517592430115,0.2992038428783417,0.038246508687734604,-0.9534223675727844
300,1648821457.6907728,172.40835571289062,89.47217559814453,1361.1630859375,0.9506328105926514,0.30422601103782654,0.06118686497211456,0.29601195454597473,-0.9481830596923828,0.1154375895857811,0.09313546866178513,-0.09162671118974686,-0.9914284348487854
4,1648821457.6907825,49.433101654052734,-97.64188385009766,1550.75830078125,0.11135419458150864,-0.9937800765037537,-0.0011980269337072968,-0.9478524327278137,-0.10584554821252823,-0.30062007904052734,0.2986234426498413,0.03461086004972458,-0.9537432193756104
300,1648821457.7209234,172.40597534179688,89.46366882324219,1361.13037109375,0.9506224393844604,0.30421358346939087,0.06140872836112976,0.29597145318984985,-0.9481857419013977,0.11551907658576965,0.09336935728788376,-0.09163980185985565,-0.9914052486419678
4,1648821457.720931,50.11948013305664,-97.60320281982422,1550.50732421875,0.11601518839597702,-0.9932418465614319,0.0033272181171923876,-0.9475541114807129,-0.1116817519068718,-0.29944679141044617,0.2977946996688843,0.03158765658736229,-0.9541072249412537
300,1648821457.750745,172.40606689453125,89.45092010498047,1361.1302490234375,0.9506048560142517,0.30428966879844666,0.061304640024900436,0.29607847332954407,-0.9481802582740784,0.11528987437486649,0.09320936352014542,-0.09144412726163864,-0.9914383292198181
4,1648821457.750752,50.374202728271484,-97.59066009521484,1550.3121337890625,0.11827794462442398,-0.9929757714271545,0.0030821647960692644,-0.9478738903999329,-0.11382945626974106,-0.2976205348968506,0.29588082432746887,0.03228044509887695,-0.9546792507171631
300,1648821457.7806785,172.4131317138672,89.45411682128906,1361.0933837890625,0.9505749344825745,0.3042444884777069,0.061988964676856995,0.2960551381111145,-0.9482958912849426,0.11439500749111176,0.09358793497085571,-0.09038887172937393,-0.9914994239807129
4,1648821457.7806864,50.15565490722656,-97.62230682373047,1550.228271484375,0.11729276180267334,-0.9930972456932068,-0.0004879638727288693,-0.948508083820343,-0.1118808165192604,-0.2963360548019409,0.2942359149456024,0.0352209098637104,-0.9550836086273193
300,1648821457.8127513,172.40882873535156,89.44857788085938,1361.1334228515625,0.9506732821464539,0.3041628897190094,0.06087038293480873,0.2959773540496826,-0.9481927752494812,0.1154465451836586,0.09283141046762466,-0.09173569083213806,-0.991446852684021
4,1648821457.8127596,49.61912155151367,-97.68328094482422,1550.1424560546875,0.11355539411306381,-0.9935259222984314,-0.0033754841424524784,-0.9491004943847656,-0.10747187584638596,-0.29607096314430237,0.29379141330718994,0.03682412952184677,-0.9551599621772766
300,1648821457.8420596,172.4030303955078,89.44365692138672,1361.1392822265625,0.9506602883338928,0.3041692078113556,0.06104230135679245,0.2959698736667633,-0.9481977820396423,0.11542445421218872,0.0929887443780899,-0.09166276454925537,-0.9914388656616211
4,1648821457.8420675,48.795997619628906,-97.75653839111328,1550.1754150390625,0.10791368037462234,-0.9941251873970032,-0.008352711796760559,-0.9496040940284729,-0.10058650374412537,-0.29687434434890747,0.29429006576538086,0.039968572556972504,-0.9548799991607666
300,1648821457.8721228,172.40687561035156,89.41856384277344,1361.124755859375,0.9505743980407715,0.30432236194610596,0.06161338463425636,0.2960697412490845,-0.9481662511825562,0.11542732268571854,0.09354684501886368,-0.09148040413856506,-0.9914032220840454
4,1648821457.872131,47.724952697753906,-97.84725952148438,1550.352783203125,0.10012771189212799,-0.9948577284812927,-0.015250209718942642,-0.9507739543914795,-0.09115079790353775,-0.29617631435394287,0.2932632267475128,0.04415496066212654,-0.9550115466117859
300,1648821457.9039984,172.4130401611328,89.42195129394531,1361.1414794921875,0.950581967830658,0.30430564284324646,0.06157882884144783,0.29607731103897095,-0.9481910467147827,0.11520397663116455,0.09344571083784103,-0.09127872437238693,-0.9914313554763794
4,1648821457.9040062,46.88188934326172,-97.916748046875,1550.457275390625,0.09357021749019623,-0.995456874370575,-0.01761285960674286,-0.95103520154953,-0.08413252234458923,-0.29741182923316956,0.2945788502693176,0.044579342007637024,-0.9545868039131165
300,1648821457.9340715,172.40423583984375,89.42411041259766,1361.1436767578125,0.9506300687789917,0.3042650818824768,0.06103421375155449,0.29613634943962097,-0.9482365846633911,0.11467622220516205,0.09276684373617172,-0.09094022214412689,-0.991526186466217
4,1648821457.9340794,46.30333709716797,-97.94376373291016,1550.5233154296875,0.08884751796722412,-0.9958742260932922,-0.018455589190125465,-0.9512990713119507,-0.07935035228729248,-0.29788193106651306,0.2951884865760803,0.044022854417562485,-0.9544243216514587
300,1648821457.964513,172.40972900390625,89.4149169921875,1361.1397705078125,0.9506317377090454,0.3042582869529724,0.061042338609695435,0.29606443643569946,-0.9481756687164307,0.11536338925361633,0.09297912567853928,-0.09159563481807709,-0.9914459586143494
4,1648821457.9645245,45.8953742980957,-97.97142028808594,1550.5872802734375,0.08535043895244598,-0.9961822628974915,-0.018334895372390747,-0.9516290426254272,-0.07605423778295517,-0.29768767952919006,0.2951567471027374,0.042855795472860336,-0.9544872641563416
300,1648821457.9945629,172.40867614746094,89.42108917236328,1361.1378173828125,0.9505640864372253,0.30440255999565125,0.06137582287192345,0.2961074709892273,-0.9480713605880737,0.11610808223485947,0.0935322567820549,-0.0921943336725235,-0.9913384318351746
4,1648821457.994571,45.622982025146484,-97.97246551513672,1550.612548828125,0.0831604152917862,-0.9963542222976685,-0.019043458625674248,-0.9520294070243835,-0.07378468662500381,-0.2969777286052704,0.29448989033699036,0.04282672330737114,-0.9546945095062256
300,1648821458.024583,172.4092559814453,89.41007232666016,1361.1551513671875,0.9506946802139282,0.3041897118091583,0.06040098890662193,0.2960931658744812,-0.9482162594795227,0.11495548486709595,0.09224147349596024,-0.09140324592590332,-0.9915326237678528
4,1648821458.0245912,45.563026428222656,-97.99726104736328,1550.5556640625,0.08283548057079315,-0.996375560760498,-0.01934063248336315,-0.9520220160484314,-0.07338103652000427,-0.2971014976501465,0.29460543394088745,0.043023254722356796,-0.9546499848365784
300,1648821458.0566232,172.40895080566406,89.41252136230469,1361.1461181640625,0.9506325721740723,0.30431416630744934,0.06074991077184677,0.2961333096027374,-0.9481362104415894,0.11551108956336975,0.09275084733963013,-0.09181853383779526,-0.9914467334747314
4,1648821458.0566304,45.59721755981445,-97.99755096435547,1550.5079345703125,0.08371331542730331,-0.9962685704231262,-0.02099968120455742,-0.9517157077789307,-0.07368822395801544,-0.29800546169281006,0.29534605145454407,0.04493275284767151,-0.9543331265449524
300,1648821458.0867827,172.4049835205078,89.4434814453125,1361.1251220703125,0.9506413340568542,0.30418330430984497,0.06126663088798523,0.2960018217563629,-0.9482376575469971,0.11501392722129822,0.09308064728975296,-0.09120195358991623,-0.9914727210998535
4,1648821458.0867906,45.59951400756836,-97.95706939697266,1550.5828857421875,0.08373773843050003,-0.9962618947029114,-0.02121937833726406,-0.951733410358429,-0.07364881783723831,-0.2979586124420166,0.2952820062637329,0.04514557123184204,-0.9543429017066956
300,1648821458.116739,172.41127014160156,89.40910339355469,1361.1441650390625,0.950606644153595,0.3043254017829895,0.06109857186675072,0.29610851407051086,-0.948138952255249,0.11555205285549164,0.09309536218643188,-0.09175274521112442,-0.991420567035675
4,1648821458.116747,45.55525207519531,-97.99931335449219,1550.6727294921875,0.08365879207849503,-0.9961682558059692,-0.02549639344215393,-0.9511446356773376,-0.07219458371400833,-0.3001862168312073,0.29719528555870056,0.04936397448182106,-0.9535397887229919
300,1648821458.1465254,172.4093475341797,89.4195327758789,1361.1551513671875,0.9506115913391113,0.3042362928390503,0.06146425008773804,0.29605650901794434,-0.9482463598251343,0.11480169743299484,0.09321009367704391,-0.09093493223190308,-0.9914851188659668
4,1648821458.1465328,45.46986770629883,-97.99542236328125,1550.75732421875,0.08293405175209045,-0.9962534308433533,-0.024517159909009933,-0.9508565664291382,-0.0717424750328064,-0.3012056052684784,0.29831820726394653,0.048292502760887146,-0.9532439708709717
300,1648821458.176608,172.4119873046875,89.40047454833984,1361.1435546875,0.9506109952926636,0.3042730987071991,0.061291057616472244,0.2961019277572632,-0.9482229351997375,0.11487801373004913,0.09307187795639038,-0.09105589985847473,-0.9914869666099548
4,1648821458.176616,45.56224822998047,-98.0019760131836,1550.8033447265625,0.08295223116874695,-0.996338963508606,-0.020677369087934494,-0.9509621858596802,-0.07293615490198135,-0.3005848824977875,0.2979763150215149,0.04459758102893829,-0.9535309076309204
300,1648821458.208725,172.41207885742188,89.41360473632812,1361.1429443359375,0.9506039619445801,0.30431312322616577,0.06120113655924797,0.29610639810562134,-0.9481649994850159,0.11534351855516434,0.09312932193279266,-0.09152396023273468,-0.9914385080337524
4,1648821458.2087321,45.32649230957031,-98.02794647216797,1550.842529296875,0.08173391968011856,-0.9963648915290833,-0.02401093952357769,-0.9508591890335083,-0.0707368403673172,-0.30143502354621887,0.2986408472061157,0.04746849089860916,-0.9531843662261963
300,1648821458.2386525,172.4128875732422,89.41688537597656,1361.1434326171875,0.9506016373634338,0.3042490482330322,0.06155485287308693,0.2960703670978546,-0.9482541084289551,0.11470158398151398,0.09326749294996262,-0.09081094712018967,-0.9914910793304443
4,1648821458.23866,44.9404411315918,-98.04278564453125,1550.824462890625,0.07972709089517593,-0.9963783025741577,-0.02956223674118519,-0.9510863423347473,-0.06715644896030426,-0.30153733491897583,0.2984599769115448,0.05215693637728691,-0.9529959559440613
300,1648821458.2686374,172.41102600097656,89.4159927368164,1361.15283203125,0.9506669044494629,0.30416837334632874,0.06094317138195038,0.2961277961730957,-0.9483420252799988,0.11382325738668442,0.09241640567779541,-0.0901610404253006,-0.9916300773620605
4,1648821458.2686496,44.74180221557617,-98.0479507446289,1550.8294677734375,0.07804977893829346,-0.9965062141418457,-0.0297243669629097,-0.9511610269546509,-0.06549990922212601,-0.30166617035865784,0.29866528511047363,0.051817636936903,-0.952950119972229
300,1648821458.2985902,172.41017150878906,89.4225082397461,1361.1275634765625,0.9506282210350037,0.3042599856853485,0.06108902394771576,0.2961355745792389,-0.9482489228248596,0.1145763024687767,0.09278858453035355,-0.09082882851362228,-0.9915343523025513
4,1648821458.298598,44.837013244628906,-98.04781341552734,1550.887939453125,0.07885073870420456,-0.996456503868103,-0.029273729771375656,-0.9509242177009583,-0.06636907905340195,-0.30222228169441223,0.29920849204063416,0.05166754871606827,-0.9527878761291504
300,1648821458.328679,172.4091033935547,89.42127990722656,1361.1142578125,0.9505590796470642,0.30435219407081604,0.06170199438929558,0.2961251735687256,-0.9481924772262573,0.11506891250610352,0.09352684766054153,-0.0911082848906517,-0.9914393424987793
4,1648821458.328686,44.81116485595703,-98.03565979003906,1550.858642578125,0.07894600182771683,-0.9964510202407837,-0.029203660786151886,-0.950970470905304,-0.06649031490087509,-0.30205008387565613,0.2990363538265228,0.05161746218800545,-0.9528446197509766
300,1648821458.3604078,172.4071807861328,89.42340850830078,1361.148681640625,0.9505856037139893,0.30431482195854187,0.06147767975926399,0.2960755228996277,-0.9481654763221741,0.11541890352964401,0.09341469407081604,-0.09151351451873779,-0.9914126396179199
4,1648821458.360416,44.69868469238281,-98.04193115234375,1550.9818115234375,0.07783059775829315,-0.9965394735336304,-0.029179925099015236,-0.9502482414245605,-0.06529694050550461,-0.30457279086112976,0.301613450050354,0.0514332540333271,-0.9520419836044312
300,1648821458.390526,172.40646362304688,89.43584442138672,1361.137451171875,0.9506099820137024,0.3042810261249542,0.06126810610294342,0.29609256982803345,-0.9482008218765259,0.11508407443761826,0.09311237186193466,-0.09125903248786926,-0.9914644956588745
4,1648821458.3905334,44.51652145385742,-98.02519989013672,1551.2354736328125,0.07578625530004501,-0.996742844581604,-0.027569813653826714,-0.9500749707221985,-0.06378971040248871,-0.3054314851760864,0.3026779890060425,0.04934090003371239,-0.9518148303031921
300,1648821458.420717,172.41162109375,89.44664001464844,1361.125,0.9505484700202942,0.3042922914028168,0.062159616500139236,0.29602837562561035,-0.9482289552688599,0.11501762270927429,0.09394052624702454,-0.090928815305233,-0.9914167523384094
4,1648821458.420725,44.467254638671875,-97.99549865722656,1551.48388671875,0.07491014897823334,-0.9968616962432861,-0.025597594678401947,-0.9495232105255127,-0.06346425414085388,-0.3072100579738617,0.3046213984489441,0.04731865972280502,-0.951297402381897
300,1648821458.4505105,172.40013122558594,89.45467376708984,1361.1683349609375,0.9506654143333435,0.3041892349720001,0.060861993581056595,0.2959945797920227,-0.9481745958328247,0.1155514046549797,0.09285729378461838,-0.09183590114116669,-0.991435170173645
4,1648821458.4505186,44.5527458190918,-97.96380615234375,1551.7025146484375,0.0760195255279541,-0.9967963695526123,-0.02486078254878521,-0.9489919543266296,-0.06467720121145248,-0.30859532952308655,0.3059987723827362,0.04705195501446724,-0.9508684873580933
410,1648821458.4505236,52.99293518066406,-257.7673034667969,1585.4580078125,0.08438662439584732,0.9897489547729492,0.11522135883569717,-0.9359477162361145,0.03905826807022095,0.34996625781059265,0.34187838435173035,-0.13737362623214722,0.9296492338180542
300,1648821458.480543,172.41119384765625,89.45231628417969,1361.1156005859375,0.9506270885467529,0.3041864335536957,0.06147180497646332,0.2960231900215149,-0.9482787251472473,0.11461971700191498,0.09315817058086395,-0.09076353162527084,-0.9915056824684143
4,1648821458.4805503,44.5728645324707,-97.95729064941406,1551.7935791015625,0.07549962401390076,-0.9968708157539368,-0.023417677730321884,-0.9488095641136169,-0.06459680199623108,-0.30917248129844666,0.30669233202934265,0.045561324805021286,-0.9507176280021667
410,1648821458.4805555,52.76947784423828,-253.41799926757812,1584.5728759765625,0.08372358232736588,0.9900336861610413,0.11324164271354675,-0.9343076348304749,0.0384758859872818,0.3543851971626282,0.34649619460105896,-0.13547293841838837,0.928217351436615
300,1648821458.5126803,172.40672302246094,89.45343780517578,1361.1199951171875,0.9506858587265015,0.3041096031665802,0.060940541326999664,0.29600968956947327,-0.9483018517494202,0.11446333676576614,0.09259942919015884,-0.09077968448400497,-0.9915565252304077
4,1648821458.5126882,44.79236602783203,-97.95296478271484,1551.7047119140625,0.07739056646823883,-0.9967001676559448,-0.02448374591767788,-0.948597252368927,-0.06605231761932373,-0.3095163106918335,0.3068777620792389,0.047178857028484344,-0.9505788683891296
410,1648821458.5126934,52.794612884521484,-249.259033203125,1583.484375,0.08337166160345078,0.990131676197052,0.11264285445213318,-0.9327400922775269,0.03774644061923027,0.3585681915283203,0.35077783465385437,-0.13496093451976776,0.9266824722290039
300,1648821458.5430603,172.41033935546875,89.45885467529297,1361.08203125,0.9506042003631592,0.304171621799469,0.0618976391851902,0.29606059193611145,-0.9483833909034729,0.11365319788455963,0.09327276796102524,-0.08971375226974487,-0.9915904402732849
4,1648821458.5430684,45.244171142578125,-97.9198226928711,1551.5782470703125,0.08105527609586716,-0.9964683055877686,-0.021930452436208725,-0.9488422274589539,-0.07040712237358093,-0.30780062079429626,0.3051694929599762,0.04575740545988083,-0.9511981010437012
410,1648821458.5430741,52.8803596496582,-245.13690185546875,1582.0606689453125,0.0822923555970192,0.9903748035430908,0.11129093915224075,-0.9318946599960327,0.03688359633088112,0.36084896326065063,0.35327091813087463,-0.13340654969215393,0.9259602427482605
300,1648821458.5722222,172.41311645507812,89.45148468017578,1361.1221923828125,0.95064777135849,0.3041722774505615,0.06122151389718056,0.29599469900131226,-0.9482395648956299,0.11501676589250565,0.09303757548332214,-0.09121918678283691,-0.9914752244949341
4,1648821458.5722294,45.476470947265625,-97.93323516845703,1551.395263671875,0.08282477408647537,-0.9962961077690125,-0.023111434653401375,-0.9487152099609375,-0.07172706723213196,-0.3078875243663788,0.30508941411972046,0.04742688313126564,-0.9511420130729675
410,1648821458.5722342,52.70351791381836,-241.90528869628906,1580.4642333984375,0.08299519121646881,0.9894694089889526,0.11858383566141129,-0.9324809312820435,0.035129666328430176,0.35950690507888794,0.3515552580356598,-0.1404145061969757,0.92557692527771
300,1648821458.6041534,172.4184112548828,89.441650390625,1361.13232421875,0.950585126876831,0.3042495846748352,0.061807163059711456,0.2960527539253235,-0.9482659101486206,0.11464977264404297,0.09349177032709122,-0.09068618714809418,-0.991481363773346
4,1648821458.6041608,45.768951416015625,-97.91116333007812,1551.29931640625,0.08567163348197937,-0.9960364699363708,-0.023910626769065857,-0.9495367407798767,-0.07435715943574905,-0.304714560508728,0.30172887444496155,0.04880940914154053,-0.9521435499191284
410,1648821458.604166,52.2186164855957,-237.92393493652344,1578.0343017578125,0.08478697389364243,0.9880006909370422,0.1290959268808365,-0.9346712231636047,0.033970240503549576,0.3538866639137268,0.3452548384666443,-0.1506672203540802,0.9263360500335693
