300,1648821327.7601633,172.3262939453125,89.94989776611328,1361.0562744140625,0.9508779048919678,0.30313360691070557,0.0627790093421936,0.29476597905158997,-0.9485585689544678,0.11554064601659775,0.09457381814718246,-0.0913599357008934,-0.9913168549537659
4,1648821327.7601707,65.77009582519531,-50.93342590332031,1432.324462890625,0.1487913280725479,-0.9423915147781372,0.299598753452301,-0.8974289894104004,-0.001442802487872541,0.4411565959453583,-0.41530996561050415,-0.33450886607170105,-0.8459441065788269
410,1648821327.7601757,43.731014251708984,-141.90797424316406,1370.793701171875,0.1054905354976654,0.8966116309165955,0.4300689697265625,-0.9142416715621948,0.25758013129234314,-0.3127533197402954,-0.39119547605514526,-0.36019447445869446,0.8468919992446899
300,1648821327.790521,172.32391357421875,89.94581604003906,1361.1116943359375,0.9509629607200623,0.30305543541908264,0.0618610754609108,0.29476937651634216,-0.9485534429550171,0.11557397246360779,0.09370385855436325,-0.09167182445526123,-0.991370677947998
4,1648821327.7905285,65.90283966064453,-50.921043395996094,1432.3280029296875,0.1494961827993393,-0.9421596527099609,0.29997676610946655,-0.8983237147331238,-0.0026623359881341457,0.43932610750198364,-0.4131166934967041,-0.33515381813049316,-0.8467623591423035
410,1648821327.7905333,43.95689392089844,-141.93411254882812,1370.8050537109375,0.10626012086868286,0.8967584371566772,0.4295731484889984,-0.9142675995826721,0.25796449184417725,-0.3123604357242584,-0.3909264802932739,-0.35955336689949036,0.8472885489463806
300,1648821327.8209286,172.31675720214844,89.94854736328125,1361.1558837890625,0.9510506987571716,0.3029305338859558,0.061120208352804184,0.2946733236312866,-0.948531448841095,0.11599881201982498,0.09311402589082718,-0.09231025725603104,-0.9913670420646667
4,1648821327.8209367,66.00947570800781,-50.90413284301758,1432.3895263671875,0.14999441802501678,-0.9423277974128723,0.2991989552974701,-0.8985185027122498,-0.003659255104139447,0.43892043828964233,-0.4125120937824249,-0.33467140793800354,-0.8472477793693542
410,1648821327.8209422,44.14048385620117,-141.9547882080078,1370.8519287109375,0.1070188358426094,0.8964289426803589,0.43007227778434753,-0.9142648577690125,0.2587132453918457,-0.311748743057251,-0.3907259702682495,-0.35983696579933167,0.847260594367981
300,1648821327.8502455,172.31373596191406,89.93733978271484,1361.1494140625,0.9510985016822815,0.30290284752845764,0.06050995737314224,0.29475343227386475,-0.9485732913017273,0.11545173823833466,0.09236878901720047,-0.09197045862674713,-0.9914683103561401
4,1648821327.8502533,66.1231918334961,-50.9125862121582,1432.456298828125,0.15133075416088104,-0.941889226436615,0.2999061048030853,-0.897820234298706,-0.004040902014821768,0.44034358859062195,-0.4135429859161377,-0.335899293422699,-0.8462587594985962
410,1648821327.8502579,44.33517837524414,-141.96685791015625,1370.8873291015625,0.10766063630580902,0.8969404101371765,0.4288438856601715,-0.9143550992012024,0.25868743658065796,-0.31150537729263306,-0.39033830165863037,-0.35857871174812317,0.8479724526405334
300,1648821327.8807504,172.31956481933594,89.95057678222656,1361.0927734375,0.9510282874107361,0.30295467376708984,0.06134858727455139,0.29473742842674255,-0.9485909342765808,0.11534758657217026,0.09313980489969254,-0.09161709249019623,-0.9914289116859436
4,1648821327.8807583,66.2193603515625,-50.89376449584961,1432.485107421875,0.15164382755756378,-0.9421946406364441,0.29878661036491394,-0.8979026675224304,-0.004930561408400536,0.4401664733886719,-0.41324928402900696,-0.33502981066703796,-0.8467467427253723
410,1648821327.8807633,44.51046371459961,-141.95738220214844,1370.8636474609375,0.10838557034730911,0.8967645168304443,0.42902910709381104,-0.9143434166908264,0.25930914282798767,-0.3110222816467285,-0.39016491174697876,-0.3585696220397949,0.8480560779571533
300,1648821327.9129684,172.31663513183594,89.93314361572266,1361.1143798828125,0.9509822726249695,0.3030729591846466,0.061477385461330414,0.2947576940059662,-0.9484733939170837,0.11625897884368896,0.0935446172952652,-0.09243930131196976,-0.9913144707679749
4,1648821327.912976,66.28849792480469,-50.91362380981445,1432.4893798828125,0.1528855413198471,-0.9409872889518738,0.30194196105003357,-0.8974254131317139,-0.004253999330103397,0.44114571809768677,-0.4138280749320984,-0.3384151756763458,-0.8451162576675415
410,1648821327.9129815,44.69581985473633,-141.985107421875,1370.970947265625,0.1091778501868248,0.8974332809448242,0.42742687463760376,-0.9137694239616394,0.25987526774406433,-0.3122343122959137,-0.3912871479988098,-0.35648053884506226,0.848419725894928
300,1648821327.9425724,172.3192901611328,89.93998718261719,1361.089111328125,0.9509212374687195,0.30311518907546997,0.06220903992652893,0.2947545647621155,-0.9485036134719849,0.11601991951465607,0.094172902405262,-0.09198940545320511,-0.9912968277931213
4,1648821327.9425805,66.3855972290039,-50.85755157470703,1432.5078125,0.15281905233860016,-0.9414699077606201,0.30046752095222473,-0.8984283208847046,-0.005700366571545601,0.43908318877220154,-0.41167083382606506,-0.33704879879951477,-0.8467143774032593
410,1648821327.9425857,44.87533187866211,-141.92530822753906,1370.9052734375,0.11000749468803406,0.8975113034248352,0.4270501136779785,-0.9146521687507629,0.2595638036727905,-0.3099000155925751,-0.3889855146408081,-0.3565109968185425,0.8494646549224854
300,1648821327.9721968,172.31283569335938,89.9268569946289,1361.143798828125,0.9510413408279419,0.3030436336994171,0.060703352093696594,0.2947739064693451,-0.948433518409729,0.11654293537139893,0.09289068728685379,-0.09294338524341583,-0.9913288354873657
4,1648821327.9722047,66.435302734375,-50.853397369384766,1432.5576171875,0.1533414125442505,-0.9409770369529724,0.30174267292022705,-0.8980293273925781,-0.0052788835018873215,0.4399039149284363,-0.41234660148620605,-0.3384292721748352,-0.8458344340324402
410,1648821327.97221,44.99571990966797,-141.974609375,1370.947998046875,0.11045072972774506,0.8971916437149048,0.42760711908340454,-0.9141607284545898,0.26054030656814575,-0.31053003668785095,-0.39001381397247314,-0.35660335421562195,0.8489542007446289
300,1648821328.0045297,172.31541442871094,89.94891357421875,1361.1087646484375,0.951017439365387,0.3029741048812866,0.06142078712582588,0.2947562634944916,-0.9485929608345032,0.11528266221284866,0.0931909903883934,-0.0915316641330719,-0.9914320111274719
4,1648821328.0045376,66.46179962158203,-50.8553352355957,1432.581298828125,0.1538870930671692,-0.9406158924102783,0.30258965492248535,-0.8977599740028381,-0.005184594541788101,0.4404544532299042,-0.4127296507358551,-0.3394331634044647,-0.8452451229095459
410,1648821328.0045433,45.038944244384766,-141.95668029785156,1370.890869140625,0.11083196848630905,0.8967874646186829,0.42835554480552673,-0.9147341251373291,0.2605597674846649,-0.3088203966617584,-0.3885585069656372,-0.3576042652130127,0.8492004871368408
300,1648821328.0342472,172.31417846679688,89.93756866455078,1361.1138916015625,0.9510716795921326,0.3030162453651428,0.06036420911550522,0.29482120275497437,-0.948475182056427,0.1160832941532135,0.09242907166481018,-0.09260688722133636,-0.9914034605026245
4,1648821328.0342553,66.4883804321289,-50.84904861450195,1432.56005859375,0.15360145270824432,-0.9411962628364563,0.3009256422519684,-0.8981157541275024,-0.00598103879019618,0.43971845507621765,-0.41206151247024536,-0.33780744671821594,-0.8462218642234802
410,1648821328.0342603,45.0152702331543,-141.98904418945312,1370.930908203125,0.11062310636043549,0.8975139856338501,0.4268853962421417,-0.913851797580719,0.260701984167099,-0.31130263209342957,-0.39068832993507385,-0.3556727468967438,0.8490344882011414
300,1648821328.0649407,172.3133087158203,89.94205474853516,1361.0595703125,0.9510492086410522,0.3029751181602478,0.06092178076505661,0.2947673201560974,-0.9485427737236023,0.11566700041294098,0.09283113479614258,-0.09204725921154022,-0.9914180040359497
4,1648821328.0649486,66.43880462646484,-50.8387565612793,1432.468505859375,0.15316355228424072,-0.9416370391845703,0.2997676134109497,-0.8977466225624084,-0.005800786428153515,0.4404739737510681,-0.41302773356437683,-0.33657991886138916,-0.8462399244308472
410,1648821328.0649536,44.91038131713867,-141.94046020507812,1370.8929443359375,0.11021708697080612,0.8965325951576233,0.42904722690582275,-0.9139304757118225,0.2610739469528198,-0.310759574174881,-0.3906191289424896,-0.3578683137893677,0.8481432199478149
300,1648821328.0942483,172.31268310546875,89.93063354492188,1361.0767822265625,0.951045036315918,0.3030536472797394,0.06059537082910538,0.29478296637535095,-0.9484161734580994,0.11666084080934525,0.09282412379980087,-0.09308723360300064,-0.9913215637207031
4,1648821328.094256,66.3622055053711,-50.831085205078125,1432.4300537109375,0.15262489020824432,-0.9416470527648926,0.3000108003616333,-0.8977442383766174,-0.005168970208615065,0.44048669934272766,-0.4132322669029236,-0.33656221628189087,-0.8461471199989319
410,1648821328.0942612,44.774478912353516,-141.9068145751953,1370.818359375,0.10986384749412537,0.8965483903884888,0.429104745388031,-0.9141371846199036,0.26063838601112366,-0.31051698327064514,-0.39023467898368835,-0.3581460118293762,0.8482030034065247
300,1648821328.1246905,172.316650390625,89.94241333007812,1361.050537109375,0.9509541392326355,0.3031142055988312,0.061709195375442505,0.2946930229663849,-0.9483840465545654,0.11714810878038406,0.09403327107429504,-0.09321720153093338,-0.9911953806877136
4,1648821328.1246986,66.25521087646484,-50.82955551147461,1432.41064453125,0.15211166441440582,-0.9414095282554626,0.3010152280330658,-0.8976662158966064,-0.00414394773542881,0.4406565725803375,-0.4135909080505371,-0.33724021911621094,-0.8457018136978149
410,1648821328.1247036,44.63351821899414,-141.90419006347656,1370.786865234375,0.10936904698610306,0.8966031074523926,0.4291169047355652,-0.9139209985733032,0.26046833395957947,-0.31129518151283264,-0.3908796012401581,-0.35813289880752563,0.847911536693573
300,1648821328.1568592,172.31748962402344,89.94200134277344,1361.0009765625,0.9508830904960632,0.3032056391239166,0.06235165148973465,0.2948093116283417,-0.9484579563140869,0.1162538155913353,0.09438673406839371,-0.09216193854808807,-0.9912604689598083
4,1648821328.1568668,66.17369842529297,-50.852169036865234,1432.41015625,0.15155203640460968,-0.9414891004562378,0.30104860663414,-0.8970857262611389,-0.003120796289294958,0.44184550642967224,-0.41505321860313416,-0.33702898025512695,-0.845069408416748
410,1648821328.1568713,44.48621368408203,-141.88656616210938,1370.7216796875,0.10866939276456833,0.8965426087379456,0.42942091822624207,-0.913907527923584,0.2600592374801636,-0.3116765022277832,-0.39110612869262695,-0.3585813343524933,0.847617506980896
300,1648821328.1862433,172.31341552734375,89.94823455810547,1361.0384521484375,0.9509801268577576,0.30308797955513,0.06143689155578613,0.2947026789188385,-0.9483944177627563,0.11703991144895554,0.09373979270458221,-0.09319701045751572,-0.9912250638008118
4,1648821328.1862512,66.07933807373047,-50.85594177246094,1432.369140625,0.14983457326889038,-0.9427518844604492,0.29794037342071533,-0.8980636596679688,-0.003725246759131551,0.43984976410865784,-0.41355928778648376,-0.33347412943840027,-0.8472093939781189
410,1648821328.1862564,44.2816276550293,-141.8839111328125,1370.701416015625,0.10810740292072296,0.8969061374664307,0.4288031756877899,-0.9139416813850403,0.25938940048217773,-0.31213411688804626,-0.391182005405426,-0.35815709829330444,0.8477618098258972
300,1648821328.2167442,172.31153869628906,89.94908142089844,1361.069091796875,0.950956404209137,0.30304962396621704,0.06199052184820175,0.29467710852622986,-0.9484859704971313,0.1163603663444519,0.09406010806560516,-0.09238644689321518,-0.9912706017494202
4,1648821328.2167523,65.947998046875,-50.87601852416992,1432.291748046875,0.14959463477134705,-0.9420861005783081,0.30015867948532104,-0.8977444171905518,-0.002202048432081938,0.44051113724708557,-0.41433843970298767,-0.33536389470100403,-0.8460819721221924
410,1648821328.216758,44.056800842285156,-141.86346435546875,1370.6373291015625,0.10716124624013901,0.8967088460922241,0.4294528067111969,-0.9141135215759277,0.2587442994117737,-0.3121664524078369,-0.3910408914089203,-0.35911646485328674,0.8474210500717163
300,1648821328.2460766,172.31056213378906,89.9509506225586,1361.0526123046875,0.9509303569793701,0.30309876799583435,0.062149498611688614,0.29475322365760803,-0.948516309261322,0.11591967195272446,0.09408492594957352,-0.09191277623176575,-0.9913123250007629
4,1648821328.2460847,65.86293029785156,-50.882869720458984,1432.2694091796875,0.14894235134124756,-0.9423391819000244,0.29968827962875366,-0.8978167772293091,-0.00185776490252465,0.4403652548789978,-0.41441667079925537,-0.33465421199798584,-0.846324622631073
410,1648821328.2460892,43.9077033996582,-141.8585205078125,1370.6494140625,0.10660258680582047,0.89759761095047,0.4277317225933075,-0.9141879081726074,0.25765472650527954,-0.3128490447998047,-0.39101964235305786,-0.3576766550540924,0.8480395078659058
300,1648821328.2768426,172.31381225585938,89.94564819335938,1361.0848388671875,0.9509673118591309,0.3030622899532318,0.06176142394542694,0.2947402894496918,-0.9485042095184326,0.11605138331651688,0.09375177323818207,-0.09215749055147171,-0.9913211464881897
4,1648821328.2768507,65.78291320800781,-50.90074920654297,1432.294189453125,0.1484588086605072,-0.942477285861969,0.29949381947517395,-0.8977113962173462,-0.001402321388013661,0.440581738948822,-0.41481831669807434,-0.334267258644104,-0.8462808132171631
410,1648821328.276856,43.785587310791016,-141.87625122070312,1370.70068359375,0.10555097460746765,0.8969507813453674,0.4293462932109833,-0.9142136573791504,0.25739941000938416,-0.31298384070396423,-0.3912445902824402,-0.35947850346565247,0.8471734523773193
300,1648821328.3089736,172.31259155273438,89.94145202636719,1361.0755615234375,0.9509495496749878,0.3030959367752075,0.06186928600072861,0.29481738805770874,-0.9485493302345276,0.11548519134521484,0.09368916600942612,-0.09158045053482056,-0.991380512714386
4,1648821328.3089821,65.6985855102539,-50.915626525878906,1432.267333984375,0.1475207656621933,-0.9430340528488159,0.29820194840431213,-0.8978952765464783,-0.0012592573184520006,0.440207302570343,-0.4147549569606781,-0.33269384503364563,-0.8469315767288208
410,1648821328.3089871,43.62955856323242,-141.87998962402344,1370.6561279296875,0.10502728819847107,0.8969643712043762,0.4294463098049164,-0.9143948554992676,0.25687193870544434,-0.31288790702819824,-0.39096203446388245,-0.35982173681259155,0.8471581935882568
300,1648821328.3390183,172.31460571289062,89.93521118164062,1361.0960693359375,0.9509794116020203,0.3030705749988556,0.06153355538845062,0.2947596311569214,-0.9484851956367493,0.11615771055221558,0.09356764703989029,-0.09232598543167114,-0.9913228750228882
4,1648821328.339026,65.66488647460938,-50.95092010498047,1432.27685546875,0.14719639718532562,-0.9430155158042908,0.2984207570552826,-0.8980888724327087,-0.0010033093858510256,0.43981292843818665,-0.414451003074646,-0.332747220993042,-0.847059428691864
410,1648821328.3390307,43.46174240112305,-141.9011993408203,1370.7197265625,0.10469605028629303,0.8965416550636292,0.43040886521339417,-0.9141188263893127,0.257211834192276,-0.3134147822856903,-0.39169567823410034,-0.3606315553188324,0.8464747071266174
300,1648821328.3685448,172.3117218017578,89.9322509765625,1361.1632080078125,0.9510850310325623,0.3030131161212921,0.06016945838928223,0.2947618067264557,-0.9483954906463623,0.1168823167681694,0.09248131513595581,-0.09342935681343079,-0.9913214445114136
4,1648821328.3685524,65.73519134521484,-50.94062042236328,1432.36328125,0.14792194962501526,-0.9426329135894775,0.29926958680152893,-0.8978102207183838,-0.0010747907217592,0.4403812289237976,-0.41479620337486267,-0.3338293433189392,-0.8464644551277161
410,1648821328.3685567,43.39570617675781,-141.9112548828125,1370.784912109375,0.10470490157604218,0.8957704901695251,0.43200933933258057,-0.913956880569458,0.25792747735977173,-0.31329894065856934,-0.39207103848457336,-0.36203399300575256,0.8457018733024597
300,1648821328.3987148,172.30845642089844,89.92565155029297,1361.1905517578125,0.9511116147041321,0.30304673314094543,0.0595768466591835,0.2947865426540375,-0.9483019113540649,0.11757735162973404,0.09212826937437057,-0.09426673501729965,-0.9912750124931335
4,1648821328.398723,65.84976959228516,-50.87199783325195,1432.2620849609375,0.14867053925991058,-0.9427106976509094,0.29865288734436035,-0.89775151014328,-0.002029586583375931,0.44049760699272156,-0.4146556854248047,-0.3336051106452942,-0.8466216921806335
410,1648821328.398728,43.48520278930664,-141.9156951904297,1370.7354736328125,0.10494883358478546,0.8947650194168091,0.43402910232543945,-0.9140272736549377,0.2587519586086273,-0.31241247057914734,-0.3918416500091553,-0.36392712593078613,0.844995379447937
300,1648821328.4289243,172.3212432861328,89.91973114013672,1361.1312255859375,0.951016366481781,0.30310139060020447,0.06080647185444832,0.2948310971260071,-0.9484277963638306,0.11644478887319565,0.09296512603759766,-0.09281326085329056,-0.9913340210914612
4,1648821328.428932,65.97341918945312,-50.805362701416016,1432.2003173828125,0.1499173641204834,-0.9423583149909973,0.2991413474082947,-0.8974223732948303,-0.002725949976593256,0.44116395711898804,-0.41491907835006714,-0.3345942795276642,-0.8461021184921265
410,1648821328.4289365,43.69788360595703,-141.91038513183594,1370.6697998046875,0.1058497354388237,0.8949101567268372,0.43351083993911743,-0.9139578938484192,0.2593136727809906,-0.31214964389801025,-0.3917611837387085,-0.36316967010498047,0.8453584909439087
300,1648821328.4609704,172.3213653564453,89.88489532470703,1361.0966796875,0.9509841799736023,0.3031826317310333,0.0609043687582016,0.29491573572158813,-0.948418140411377,0.11630863696336746,0.0930255651473999,-0.09264601767063141,-0.9913440346717834
4,1648821328.460978,65.69046783447266,-50.89966583251953,1432.1900634765625,0.14821316301822662,-0.9438624978065491,0.29522278904914856,-0.8969548344612122,-0.0025619887746870518,0.4421147406101227,-0.41653916239738464,-0.33032873272895813,-0.8469817042350769
410,1648821328.460983,43.71189880371094,-141.978515625,1370.575927734375,0.10898006707429886,0.8950490355491638,0.4324471652507782,-0.9133207201957703,0.2618851363658905,-0.31186771392822266,-0.39238837361335754,-0.36097556352615356,0.8460071086883545
300,1648821328.4902594,172.31982421875,89.86782836914062,1361.0823974609375,0.9509750008583069,0.3031991422176361,0.060966022312641144,0.2948320508003235,-0.9483205676078796,0.11731233447790146,0.09338433295488358,-0.09358636289834976,-0.9912219643592834
4,1648821328.4902685,65.41885375976562,-51.03562927246094,1432.1556396484375,0.14612480998039246,-0.9440584778785706,0.29563674330711365,-0.8981704711914062,-0.0013449244434013963,0.43964529037475586,-0.4146532416343689,-0.32977527379989624,-0.8481220006942749
410,1648821328.4902735,43.844017028808594,-141.95909118652344,1370.423828125,0.11314962804317474,0.8948171138763428,0.4318558871746063,-0.9118609428405762,0.2661406695842743,-0.31253600120544434,-0.39459696412086487,-0.3584291636943817,0.8460624814033508
300,1648821328.520887,172.33035278320312,89.84380340576172,1361.061767578125,0.9508675336837769,0.30333125591278076,0.06197691336274147,0.29506221413612366,-0.9484989643096924,0.11527349054813385,0.09375108778476715,-0.09132277220487595,-0.9913984537124634
4,1648821328.5208945,65.23429107666016,-51.19904327392578,1432.3056640625,0.14468303322792053,-0.9442325234413147,0.2957899868488312,-0.8986144065856934,-0.0002537197433412075,0.43873924016952515,-0.41419681906700134,-0.3292792737483978,-0.8485376238822937
410,1648821328.5208998,44.076904296875,-141.96995544433594,1370.2911376953125,0.11689851433038712,0.8955231308937073,0.42938679456710815,-0.9107819199562073,0.26905667781829834,-0.31318485736846924,-0.3959936797618866,-0.35446688532829285,0.8470786213874817
300,1648821328.5502183,172.33555603027344,89.82465362548828,1361.13232421875,0.9509584307670593,0.30324670672416687,0.06098784878849983,0.2950385808944702,-0.9484668970108032,0.11559727787971497,0.09289944916963577,-0.091934435069561,-0.9914220571517944
4,1648821328.5502262,65.22884368896484,-51.25601577758789,1432.328369140625,0.14426983892917633,-0.9442881941795349,0.2958141267299652,-0.8988282680511475,-1.92793486348819e-05,0.4383009374141693,-0.4138766825199127,-0.3291197121143341,-0.8487557172775269
410,1648821328.5502307,44.44895553588867,-141.92364501953125,1370.0587158203125,0.11936179548501968,0.8970217704772949,0.4255639314651489,-0.90949946641922,0.27069658041000366,-0.315490186214447,-0.39820030331611633,-0.34939271211624146,0.848151683807373
300,1648821328.5807335,172.33489990234375,89.82063293457031,1361.1075439453125,0.9509281516075134,0.30332574248313904,0.06106649339199066,0.294988751411438,-0.9483240842819214,0.11688890308141708,0.09336624294519424,-0.09313901513814926,-0.9912657737731934
4,1648821328.5807412,65.25015258789062,-51.2540168762207,1432.306640625,0.14382615685462952,-0.9443868398666382,0.29571521282196045,-0.8984861373901367,0.0006285667768679559,0.43900150060653687,-0.4147731363773346,-0.3288359045982361,-0.8484280705451965
410,1648821328.580746,44.7054328918457,-141.900634765625,1369.8118896484375,0.12096765637397766,0.8980693221092224,0.4228927791118622,-0.9086533784866333,0.2716963291168213,-0.31706494092941284,-0.39964473247528076,-0.34590834379196167,0.8489001989364624
300,1648821328.6129558,172.33587646484375,89.80138397216797,1361.1390380859375,0.9509386420249939,0.3033904731273651,0.06057949364185333,0.2951214909553528,-0.9483124613761902,0.11664827913045883,0.09283826500177383,-0.09304705262184143,-0.9913240075111389
4,1648821328.612964,65.3531723022461,-51.24794387817383,1432.281982421875,0.14473745226860046,-0.9437077641487122,0.297433465719223,-0.8983730673789978,0.0006509592058137059,0.43923279643058777,-0.41470104455947876,-0.33077964186668396,-0.8477073907852173
410,1648821328.6129692,44.97049331665039,-142.0924835205078,1369.5518798828125,0.12338854372501373,0.8978986740112305,0.4225555658340454,-0.9079232811927795,0.27402111887931824,-0.3171556293964386,-0.4005627930164337,-0.3445146679878235,0.8490341901779175
300,1648821328.6425374,172.33950805664062,89.78456115722656,1361.1141357421875,0.950863778591156,0.30351248383522034,0.06114088371396065,0.29519346356391907,-0.9482936263084412,0.11661900579929352,0.0933748334646225,-0.09284039586782455,-0.9912930130958557
4,1648821328.6425452,65.69014739990234,-51.23393249511719,1432.3563232421875,0.14764997363090515,-0.9428634643554688,0.29867711663246155,-0.8979568481445312,-0.0012100593885406852,0.4400818645954132,-0.4145756959915161,-0.33317723870277405,-0.846829354763031
410,1648821328.6425512,45.56829833984375,-142.46273803710938,1369.248779296875,0.1253775954246521,0.8977977633476257,0.4221843183040619,-0.9070993065834045,0.276084303855896,-0.31772366166114807,-0.40181007981300354,-0.34312766790390015,0.8490065336227417
300,1648821328.67294,172.3475341796875,89.7872085571289,1361.0916748046875,0.9508906006813049,0.3033697009086609,0.06143232807517052,0.2951025068759918,-0.9484241008758545,0.11578524857759476,0.09338963776826859,-0.09197026491165161,-0.9913727045059204
4,1648821328.672948,66.08577728271484,-51.18730926513672,1432.402099609375,0.15072603523731232,-0.941994309425354,0.29988065361976624,-0.8977237939834595,-0.003396206069737673,0.4405456781387329,-0.4139730632305145,-0.3356117010116577,-0.8461625576019287
410,1648821328.672953,46.292972564697266,-143.0934600830078,1369.0394287109375,0.12581244111061096,0.8987352252006531,0.42005500197410583,-0.9074416160583496,0.2753651440143585,-0.31737011671066284,-0.4009001851081848,-0.34124627709388733,0.8501940965652466
300,1648821328.7044837,172.3446044921875,89.77754974365234,1361.1195068359375,0.9509056806564331,0.3034023344516754,0.06103650853037834,0.2952593266963959,-0.9484890699386597,0.11484967917203903,0.09273812174797058,-0.09118961542844772,-0.9915059804916382
4,1648821328.7044916,66.5523910522461,-51.119869232177734,1432.519775390625,0.1543203592300415,-0.9409232139587402,0.30141115188598633,-0.897842288017273,-0.006219472736120224,0.44027331471443176,-0.41238877177238464,-0.33856281638145447,-0.8457604646682739
410,1648821328.7044964,47.17686462402344,-144.16209411621094,1368.88037109375,0.12615759670734406,0.9005759954452515,0.41598930954933167,-0.9088087677955627,0.27303075790405273,-0.3154691755771637,-0.3976818323135376,-0.338255912065506,0.8528962731361389
300,1648821328.7341409,172.35069274902344,89.75918579101562,1361.0643310546875,0.9508538842201233,0.3034426271915436,0.061640121042728424,0.29513442516326904,-0.9483862519264221,0.11601369827985764,0.09366214275360107,-0.09211995452642441,-0.9913331270217896
4,1648821328.7341492,66.90740966796875,-51.124366760253906,1432.6114501953125,0.15639741718769073,-0.9404690265655518,0.3017578721046448,-0.8978193998336792,-0.008033760823309422,0.44029054045677185,-0.41165539622306824,-0.3397843837738037,-0.8456278443336487
410,1648821328.734154,48.05158615112305,-145.5294952392578,1368.5716552734375,0.12799586355686188,0.9020004868507385,0.41232532262802124,-0.9095334410667419,0.2725188136100769,-0.31381916999816895,-0.39543142914772034,-0.3348561227321625,0.855280876159668
300,1648821328.7644963,172.3452911376953,89.7704086303711,1361.1064453125,0.9508910775184631,0.3034012019634247,0.06126922369003296,0.29511457681655884,-0.9483756422996521,0.11615094542503357,0.09334657341241837,-0.09236545860767365,-0.9913400411605835
4,1648821328.764504,67.10306549072266,-51.10710525512695,1432.6812744140625,0.1578613966703415,-0.9395382404327393,0.30388766527175903,-0.8978773951530457,-0.00849339459091425,0.44016364216804504,-0.4109695255756378,-0.3423387110233307,-0.84493088722229
410,1648821328.7645087,48.860008239746094,-147.22825622558594,1368.0673828125,0.1309552639722824,0.9024907350540161,0.4103184640407562,-0.9097172617912292,0.2738935053348541,-0.3120846152305603,-0.39403703808784485,-0.3324046730995178,0.8568791747093201
300,1648821328.7944226,172.34776306152344,89.7636947631836,1361.0986328125,0.9508882761001587,0.30341848731040955,0.06122629716992378,0.29516780376434326,-0.948400616645813,0.11581101268529892,0.0932062640786171,-0.09205130487680435,-0.9913824200630188
4,1648821328.7944295,67.4083480834961,-51.04603958129883,1432.731689453125,0.1596551388502121,-0.9385755062103271,0.3059186637401581,-0.8972604870796204,-0.008752855472266674,0.44141480326652527,-0.41162344813346863,-0.34496286511421204,-0.8435441851615906
410,1648821328.7944345,49.872623443603516,-149.1614990234375,1367.22021484375,0.13377484679222107,0.9024523496627808,0.40949249267578125,-0.9095497727394104,0.27586814761161804,-0.31083106994628906,-0.3934761583805084,-0.33087241649627686,0.8577295541763306
300,1648821328.8243847,172.35401916503906,89.75269317626953,1361.136474609375,0.950908899307251,0.30342257022857666,0.06088506057858467,0.29520338773727417,-0.9483894109725952,0.11581232398748398,0.09288281947374344,-0.09215349704027176,-0.9914032816886902
4,1648821328.824393,67.85580444335938,-50.89716339111328,1432.6788330078125,0.1628739982843399,-0.9370874762535095,0.3087702691555023,-0.8965762853622437,-0.009937518276274204,0.4427778720855713,-0.41185319423675537,-0.34895309805870056,-0.8417890071868896
410,1648821328.824402,50.764930725097656,-150.95176696777344,1366.2464599609375,0.13517726957798004,0.9034796953201294,0.4067574143409729,-0.9096142053604126,0.2759266793727875,-0.3105904757976532,-0.3928474187850952,-0.3280075490474701,0.8591169714927673
300,1648821328.856255,172.3512420654297,89.76557922363281,1361.131591796875,0.950937032699585,0.30338895320892334,0.06061243638396263,0.2950963079929352,-0.9482932090759277,0.11686819046735764,0.09293487668037415,-0.09324778616428375,-0.991296112537384
4,1648821328.8562624,68.10599517822266,-50.74458312988281,1432.6368408203125,0.1651531308889389,-0.9369690418243408,0.30791786313056946,-0.8954648375511169,-0.011602554470300674,0.4449809789657593,-0.4133607745170593,-0.3492196202278137,-0.8409391045570374
410,1648821328.8562672,51.41978073120117,-152.6622772216797,1365.212890625,0.13608092069625854,0.9039880633354187,0.40532398223876953,-0.9094604253768921,0.2762415111064911,-0.31076085567474365,-0.39289140701293945,-0.3263375163078308,0.8597326278686523
300,1648821328.88642,172.3501434326172,89.74009704589844,1361.0775146484375,0.9508592486381531,0.30351942777633667,0.06117704138159752,0.2952229380607605,-0.9483183026313782,0.11634371429681778,0.09332788735628128,-0.0925656333565712,-0.9913231134414673
4,1648821328.8864279,68.20230102539062,-50.6970100402832,1432.5684814453125,0.16664448380470276,-0.9369987845420837,0.3070225715637207,-0.8951315879821777,-0.013188263401389122,0.44560685753822327,-0.41348397731781006,-0.3490835130214691,-0.8409349918365479
410,1648821328.886433,51.77952194213867,-153.9906768798828,1364.5191650390625,0.13595254719257355,0.9039590358734131,0.4054318368434906,-0.9090321660041809,0.2765372693538666,-0.3117493987083435,-0.3939256966114044,-0.32616743445396423,0.8593237996101379
300,1648821328.9166508,172.3451690673828,89.74771881103516,1361.1131591796875,0.9509153366088867,0.3034856915473938,0.06046869605779648,0.29519277811050415,-0.9482454061508179,0.11701216548681259,0.0928506851196289,-0.09341873973608017,-0.991287887096405
4,1648821328.9166594,68.18062591552734,-50.707454681396484,1432.5648193359375,0.16686882078647614,-0.937373697757721,0.30575376749038696,-0.8955274820327759,-0.014342155307531357,0.4447751045227051,-0.41253530979156494,-0.3480299711227417,-0.8418371081352234
410,1648821328.9166646,52.04056167602539,-155.1764678955078,1364.029541015625,0.13600167632102966,0.9043059349060059,0.40464097261428833,-0.909009575843811,0.27632009983062744,-0.3120076358318329,-0.3939608037471771,-0.32538896799087524,0.8596027493476868
300,1648821328.9462614,172.350341796875,89.73694610595703,1361.09814453125,0.9508899450302124,0.30346405506134033,0.06097470968961716,0.2951871156692505,-0.9483301639556885,0.11633776128292084,0.09312848746776581,-0.0926254615187645,-0.9913362860679626
4,1648821328.9462693,68.05430603027344,-50.84880065917969,1432.6898193359375,0.1655912697315216,-0.9381337761878967,0.3041127026081085,-0.8961906433105469,-0.014440822415053844,0.4434340298175812,-0.41160881519317627,-0.3459717929363251,-0.8431380391120911
410,1648821328.946274,52.35197830200195,-156.29197692871094,1363.833984375,0.1372949630022049,0.9054712653160095,0.401586651802063,-0.9092281460762024,0.2760621905326843,-0.3115988075733185,-0.39300668239593506,-0.32235294580459595,0.861181914806366
300,1648821328.976749,172.3525390625,89.74313354492188,1361.11083984375,0.9509097337722778,0.30343326926231384,0.06081921607255936,0.2951875627040863,-0.9483518004417419,0.11615990847349167,0.09292479604482651,-0.09250450879335403,-0.9913666844367981
4,1648821328.9767568,68.036865234375,-50.9883918762207,1432.826171875,0.1653415560722351,-0.9372742176055908,0.30688634514808655,-0.8970088362693787,-0.013581138104200363,0.441803902387619,-0.4099235534667969,-0.3483283221721649,-0.8429887890815735
410,1648821328.9767618,52.788734436035156,-157.37193298339844,1363.7940673828125,0.13857662677764893,0.9070008993148804,0.39767566323280334,-0.9094293117523193,0.2755211293697357,-0.31149065494537354,-0.3920903503894806,-0.3184925615787506,0.8630339503288269
300,1648821329.0088499,172.3546600341797,89.74085235595703,1361.0947265625,0.9508833289146423,0.30346158146858215,0.06108975037932396,0.29524463415145874,-0.9484043121337891,0.11558494716882706,0.09301337599754333,-0.09187137335538864,-0.9914172291755676
4,1648821329.0088575,68.04707336425781,-51.11126708984375,1432.9908447265625,0.16470232605934143,-0.9370776414871216,0.30782899260520935,-0.8977056741714478,-0.01311113778501749,0.4404005706310272,-0.40865352749824524,-0.3488748371601105,-0.8433793187141418
410,1648821329.008863,53.138484954833984,-158.5650634765625,1363.7281494140625,0.1394413262605667,0.9080030918121338,0.39507779479026794,-0.9107553958892822,0.2742084860801697,-0.30876249074935913,-0.3886909782886505,-0.3167650103569031,0.8652047514915466
300,1648821329.0382645,172.35382080078125,89.7388916015625,1361.09716796875,0.9508848786354065,0.30347317457199097,0.06100795790553093,0.2952660620212555,-0.948400616645813,0.11556044965982437,0.09292948246002197,-0.09187110513448715,-0.9914251565933228
4,1648821329.0382771,68.07003784179688,-51.20290756225586,1433.1162109375,0.1646319180727005,-0.9364320635795593,0.30982473492622375,-0.8983029723167419,-0.012617873959243298,0.43919530510902405,-0.4073672294616699,-0.3506220579147339,-0.8432770371437073
410,1648821329.0382822,53.4239387512207,-159.68824768066406,1363.6436767578125,0.14000453054904938,0.9087464213371277,0.3931649625301361,-0.9111728668212891,0.2736457884311676,-0.3080292344093323,-0.3875083923339844,-0.315115749835968,0.8663367033004761
300,1648821329.068464,172.35011291503906,89.73011016845703,1361.124267578125,0.950910210609436,0.30347147583961487,0.060620442032814026,0.29527702927589417,-0.9483669400215149,0.11580874025821686,0.09263507276773453,-0.0922238901257515,-0.9914199113845825
4,1648821329.0684724,67.9744873046875,-51.30910873413086,1433.188232421875,0.16373760998249054,-0.9363415241241455,0.3105712831020355,-0.8989577889442444,-0.011964415200054646,0.4378718137741089,-0.4062817692756653,-0.3508865535259247,-0.8436905741691589
410,1648821329.0684774,53.60697937011719,-160.70166015625,1363.399169921875,0.14017915725708008,0.9096521139144897,0.3910023868083954,-0.9116467833518982,0.2726612687110901,-0.3074994683265686,-0.38632872700691223,-0.3133510649204254,0.8675028681755066
300,1648821329.098714,172.3518829345703,89.73300170898438,1361.1136474609375,0.9508552551269531,0.3035399913787842,0.06113762408494949,0.29525792598724365,-0.9483214616775513,0.11622871458530426,0.09325818717479706,-0.09246531128883362,-0.9913390278816223
4,1648821329.098722,67.9393539428711,-51.36788558959961,1433.2457275390625,0.16385865211486816,-0.9367405772209167,0.3093014657497406,-0.8990175724029541,-0.012727165594696999,0.43772751092910767,-0.4061006009578705,-0.3497928977012634,-0.8442317247390747
410,1648821329.0987272,53.70478439331055,-161.66641235351562,1363.0565185546875,0.13929501175880432,0.9105591773986816,0.3892028033733368,-0.9118128418922424,0.2712462246417999,-0.30825769901275635,-0.38625669479370117,-0.31194135546684265,0.8680428266525269
300,1648821329.1286092,172.35379028320312,89.73184204101562,1361.087890625,0.9508554339408875,0.3034570515155792,0.06154497340321541,0.2952052056789398,-0.9484257698059082,0.11550932377576828,0.09342295676469803,-0.09166427701711655,-0.9913979172706604
4,1648821329.1286192,67.953857421875,-51.384613037109375,1433.3138427734375,0.1645617038011551,-0.9370684623718262,0.30793195962905884,-0.8984155058860779,-0.01353346835821867,0.43893784284591675,-0.40714743733406067,-0.3488832116127014,-0.8441039323806763
410,1648821329.1286275,53.78023910522461,-162.74208068847656,1362.604736328125,0.13823142647743225,0.9107018113136292,0.3892483413219452,-0.9119098782539368,0.27037376165390015,-0.30873677134513855,-0.3864096701145172,-0.3122822940349579,0.8678521513938904
300,1648821329.160227,172.3574981689453,89.71214294433594,1361.1195068359375,0.9508554935455322,0.3035483658313751,0.06109222397208214,0.2952803075313568,-0.9483272433280945,0.11612466722726822,0.09318487346172333,-0.09237844496965408,-0.9913540482521057
4,1648821329.1602347,67.94510650634766,-51.41843795776367,1433.3192138671875,0.16412469744682312,-0.9376826286315918,0.30629122257232666,-0.8988566994667053,-0.014254010282456875,0.4380107522010803,-0.40634918212890625,-0.34720030426979065,-0.8451818227767944
410,1648821329.1602397,53.93024444580078,-163.96041870117188,1362.0897216796875,0.13768547773361206,0.9106616377830505,0.38953572511672974,-0.9118553996086121,0.27009955048561096,-0.30913740396499634,-0.3867329955101013,-0.31263652443885803,0.8675805330276489
300,1648821329.1903293,172.34812927246094,89.70895385742188,1361.0955810546875,0.9509569406509399,0.30340126156806946,0.06023730710148811,0.2951919138431549,-0.9483268857002258,0.11635243892669678,0.09242613613605499,-0.09286459535360336,-0.9913796186447144
4,1648821329.1903365,67.7801742553711,-51.467872619628906,1433.27880859375,0.16304555535316467,-0.9376336932182312,0.3070167005062103,-0.8989133238792419,-0.012915626168251038,0.43793612718582153,-0.4066583216190338,-0.3473849296569824,-0.8449572324752808
410,1648821329.1903417,53.93156433105469,-165.02980041503906,1361.5880126953125,0.13767196238040924,0.911012589931488,0.3887190520763397,-0.9119850397109985,0.2697073817253113,-0.30909737944602966,-0.3864319920539856,-0.3119519352912903,0.8679609894752502
300,1648821329.2203693,172.3533172607422,89.690673828125,1361.089599609375,0.9509257078170776,0.30345138907432556,0.06047794595360756,0.29529252648353577,-0.9483912587165833,0.1155695989727974,0.09242651611566544,-0.09203941375017166,-0.9914565682411194
4,1648821329.2203774,67.65672302246094,-51.497066497802734,1433.24560546875,0.16168326139450073,-0.9378216862678528,0.3071627914905548,-0.8993507623672485,-0.011899462901055813,0.4370659291744232,-0.40623483061790466,-0.34691333770751953,-0.8453546166419983
410,1648821329.2203825,54.05732727050781,-166.04348754882812,1361.178466796875,0.1374833881855011,0.9116411209106445,0.387309730052948,-0.9122717380523682,0.2688544690608978,-0.30899447202682495,-0.38582202792167664,-0.3108501136302948,0.8686274290084839
300,1648821329.2502956,172.3555908203125,89.6948471069336,1361.0736083984375,0.9508557915687561,0.30351316928863525,0.061261460185050964,0.2952665686607361,-0.9483797550201416,0.11573045700788498,0.09322484582662582,-0.09195452183485031,-0.9913896918296814
4,1648821329.250304,67.5974349975586,-51.493404388427734,1433.2462158203125,0.1612427979707718,-0.9375755190849304,0.30814436078071594,-0.8991118669509888,-0.01081068068742752,0.43758541345596313,-0.4069381058216095,-0.34761375188827515,-0.844728410243988
410,1648821329.2503128,54.17507553100586,-166.8891143798828,1360.7796630859375,0.1373482644557953,0.9120560884475708,0.3863794803619385,-0.9125860333442688,0.26818305253982544,-0.30864959955215454,-0.38512617349624634,-0.31021204590797424,0.8691641688346863
300,1648821329.280665,172.3603973388672,89.68780517578125,1361.072021484375,0.9507957100868225,0.3036077618598938,0.06172391027212143,0.2953425347805023,-0.9483875632286072,0.11547233909368515,0.09359648823738098,-0.09156090766191483,-0.9913910627365112
4,1648821329.2806726,67.4825668334961,-51.492698669433594,1433.161865234375,0.1602248251438141,-0.9378388524055481,0.30787378549575806,-0.8990567326545715,-0.009904307313263416,0.4377201795578003,-0.4074617028236389,-0.3469296097755432,-0.8447572588920593
410,1648821329.2806773,54.06167221069336,-167.51979064941406,1360.4725341796875,0.13751429319381714,0.9117250442504883,0.38710111379623413,-0.9124143123626709,0.2686924338340759,-0.30871421098709106,-0.3854736089706421,-0.3107439875602722,0.868820071220398
300,1648821329.3126814,172.3541259765625,89.6869125366211,1361.0904541015625,0.9508244395256042,0.30360421538352966,0.061297670006752014,0.2953393757343292,-0.9483380913734436,0.11588601022958755,0.09331439435482025,-0.0920836329460144,-0.9913692474365234
4,1648821329.3126884,67.40187072753906,-51.47968673706055,1433.117919921875,0.15944452583789825,-0.9382156133651733,0.3071300983428955,-0.8990465402603149,-0.009487956762313843,0.43775030970573425,-0.4077901542186737,-0.345921128988266,-0.8450123071670532
410,1648821329.3126929,53.943336486816406,-167.900634765625,1360.2037353515625,0.1373487263917923,0.9117950797080994,0.386994868516922,-0.9124609231948853,0.26849254965782166,-0.3087504804134369,-0.38542240858078003,-0.31071117520332336,0.8688544631004333
