300,1648822498.208689,172.472900390625,89.92622375488281,1361.001953125,0.9510033130645752,0.3028627932071686,0.0621836893260479,0.2945881485939026,-0.9486619830131531,0.11514448374509811,0.09386428445577621,-0.09118420630693436,-0.9914004802703857
4,1648822498.2086964,-63.22524642944336,-61.98933792114258,1424.2542724609375,-0.18507105112075806,-0.9558249115943909,0.22835823893547058,-0.9067853689193726,0.2556650936603546,0.33522477746009827,-0.3787994086742401,-0.14503149688243866,-0.9140442609786987
410,1648822498.2087007,-94.78987121582031,-151.58433532714844,1359.9727783203125,-0.1848842352628708,0.9815024733543396,0.04970644414424896,-0.9037694334983826,-0.14993901550769806,-0.40089794993400574,-0.3860293924808502,-0.11904287338256836,0.9147732853889465
300,1648822498.2387214,172.47328186035156,89.92207336425781,1361.0186767578125,0.9510322213172913,0.3028658330440521,0.0617254376411438,0.2944944500923157,-0.9485116004943848,0.11661390215158463,0.09386565536260605,-0.09272577613592148,-0.99125736951828
4,1648822498.2387285,-63.10792541503906,-62.03118133544922,1424.2672119140625,-0.18419964611530304,-0.9555656313896179,0.23014084994792938,-0.90720134973526,0.2553918659687042,0.3343062400817871,-0.3782276511192322,-0.14720501005649567,-0.9139335751533508
410,1648822498.2387335,-94.78843688964844,-151.5663604736328,1359.8505859375,-0.1837340146303177,0.9817848205566406,0.048377666622400284,-0.9045871496200562,-0.14961785078048706,-0.3991698622703552,-0.3846607208251953,-0.11710289865732193,0.9155998229980469
300,1648822498.2682502,172.4741668701172,89.91915130615234,1360.990478515625,0.9509744644165039,0.30294033885002136,0.06224745139479637,0.2945648431777954,-0.9485474228858948,0.11614379286766052,0.0942293033003807,-0.09211386740207672,-0.9912799000740051
4,1648822498.2682576,-63.01185989379883,-62.0783805847168,1424.3282470703125,-0.18324518203735352,-0.9556161165237427,0.23069241642951965,-0.9072360396385193,0.2547646164894104,0.3346904516220093,-0.3786078691482544,-0.1479620635509491,-0.9136537909507751
410,1648822498.2682624,-94.81197357177734,-151.5397491455078,1359.988525390625,-0.18239431083202362,0.9821375012397766,0.046241581439971924,-0.904501736164093,-0.14916542172431946,-0.39953258633613586,-0.3854982852935791,-0.11469805985689163,0.9155519604682922
300,1648822498.2986364,172.47157287597656,89.92819213867188,1360.9937744140625,0.9509860873222351,0.30288779735565186,0.06232566386461258,0.2945541739463806,-0.948613703250885,0.11562816053628922,0.09414533525705338,-0.09160248190164566,-0.9913352727890015
4,1648822498.2986438,-63.230655670166016,-62.051788330078125,1424.318359375,-0.18460078537464142,-0.955995500087738,0.22802439332008362,-0.9071875810623169,0.2549959123134613,0.33464574813842773,-0.3780651092529297,-0.14508502185344696,-0.9143397212028503
410,1648822498.2986689,-94.75729370117188,-151.66302490234375,1360.2471923828125,-0.1821652203798294,0.9823189377784729,0.04318952560424805,-0.9046023488044739,-0.15021423995494843,-0.39891141653060913,-0.38537055253982544,-0.11173713207244873,0.9159718155860901
300,1648822498.329056,172.47303771972656,89.91639709472656,1360.977783203125,0.9509666562080383,0.3029327392578125,0.06240371614694595,0.29456740617752075,-0.9485782980918884,0.11588484793901443,0.09430012106895447,-0.09182052314281464,-0.9913004040718079
4,1648822498.3290632,-63.17461395263672,-62.11436462402344,1424.3779296875,-0.1843646764755249,-0.9561349749565125,0.22763046622276306,-0.907324492931366,0.25460559129714966,0.3345717191696167,-0.3778516948223114,-0.14485149085521698,-0.9144649505615234
410,1648822498.3290677,-94.64468383789062,-151.89169311523438,1360.4439697265625,-0.18246714770793915,0.9823396801948547,0.04140597581863403,-0.9046978950500488,-0.15125685930252075,-0.39830026030540466,-0.3850032389163971,-0.11013661324977875,0.9163200259208679
300,1648822498.3609567,172.4732208251953,89.918212890625,1361.0223388671875,0.9510460495948792,0.30288657546043396,0.06140996143221855,0.29458484053611755,-0.9485358595848083,0.11618711054325104,0.09344106912612915,-0.09240885078907013,-0.9913270473480225
4,1648822498.3609643,-63.15565872192383,-62.15900802612305,1424.4398193359375,-0.18433719873428345,-0.9560450315475464,0.22802993655204773,-0.9078783988952637,0.2545085549354553,0.33313998579978943,-0.3765324056148529,-0.14561335742473602,-0.9148880243301392
410,1648822498.3609695,-94.51715087890625,-152.05734252929688,1360.5203857421875,-0.18297886848449707,0.982215404510498,0.0420907661318779,-0.904371976852417,-0.15137925744056702,-0.39899322390556335,-0.3855256140232086,-0.11107303947210312,0.9159873127937317
300,1648822498.390245,172.47244262695312,89.9188232421875,1361.012451171875,0.9510301351547241,0.3028808534145355,0.06168398633599281,0.2945640981197357,-0.9485558867454529,0.11607655882835388,0.09366807341575623,-0.0922224149107933,-0.9913229942321777
4,1648822498.390252,-63.11555480957031,-62.20977783203125,1424.5462646484375,-0.18392308056354523,-0.9557472467422485,0.2296072095632553,-0.9078351855278015,0.25472456216812134,0.3330925703048706,-0.37683892250061035,-0.14718209207057953,-0.9145107269287109
410,1648822498.3902574,-94.36580657958984,-152.24208068847656,1360.37109375,-0.18396927416324615,0.9819108843803406,0.044792063534259796,-0.9043838381767273,-0.15124179422855377,-0.3990185558795929,-0.385026216506958,-0.11391636729240417,0.9158481955528259
300,1648822498.4206064,172.47213745117188,89.90909576416016,1361.007080078125,0.9510504007339478,0.302925169467926,0.061150923371315,0.29455265402793884,-0.9484220743179321,0.11719348281621933,0.09349773824214935,-0.09344474226236343,-0.9912246465682983
4,1648822498.420616,-62.947811126708984,-62.26457977294922,1424.5584716796875,-0.18317291140556335,-0.9556801319122314,0.23048461973667145,-0.9082636833190918,0.2542274296283722,0.3323032557964325,-0.37617114186286926,-0.148471862077713,-0.9145771861076355
410,1648822498.4206214,-94.37748718261719,-152.3277130126953,1360.1259765625,-0.18372571468353271,0.9819048643112183,0.04590948671102524,-0.9045816659927368,-0.15061114728450775,-0.3988085389137268,-0.38467755913734436,-0.11480026692152023,0.9158843159675598
300,1648822498.4508777,172.47039794921875,89.91692352294922,1361.009521484375,0.9510583281517029,0.30286705493927,0.0613156259059906,0.2945742905139923,-0.9485393762588501,0.11618535965681076,0.09334900230169296,-0.09243704378604889,-0.9913331270217896
4,1648822498.4509065,-62.88573455810547,-62.26168441772461,1424.5458984375,-0.1821359395980835,-0.9554214477539062,0.2323712259531021,-0.9081634879112244,0.25404754281044006,0.3327144980430603,-0.37691590189933777,-0.1504317969083786,-0.9139500260353088
410,1648822498.450914,-94.43929290771484,-152.4033966064453,1359.9425048828125,-0.1826634705066681,0.9821239709854126,0.04545934870839119,-0.9050905108451843,-0.14991798996925354,-0.39791420102119446,-0.3839859068393707,-0.11382921785116196,0.9162956476211548
300,1648822498.48018,172.4732666015625,89.90882110595703,1361.0269775390625,0.9510625004768372,0.3028492033481598,0.06133907660841942,0.2945428788661957,-0.9485342502593994,0.11630674451589584,0.09340561926364899,-0.09254799783229828,-0.9913174510002136
4,1648822498.480188,-63.1837043762207,-62.18231964111328,1424.44189453125,-0.1849362850189209,-0.9557700753211975,0.22869668900966644,-0.9076797366142273,0.2553248703479767,0.33305662870407104,-0.3767175078392029,-0.1459890902042389,-0.9147519469261169
410,1648822498.4801924,-94.53581237792969,-152.42027282714844,1360.0269775390625,-0.18104220926761627,0.9825209379196167,0.0433167964220047,-0.904684841632843,-0.1491028070449829,-0.3991411328315735,-0.3857058584690094,-0.11144944280385971,0.9158657193183899
300,1648822498.5124662,172.47666931152344,89.92366790771484,1361.0157470703125,0.9510524272918701,0.3028183579444885,0.06164703890681267,0.29448121786117554,-0.9485505223274231,0.11633028835058212,0.0937022790312767,-0.0924823060631752,-0.991295576095581
4,1648822498.512474,-63.13140869140625,-62.19314193725586,1424.5048828125,-0.1843186765909195,-0.9558455944061279,0.22887952625751495,-0.9077637791633606,0.2548334002494812,0.3332039713859558,-0.3768176734447479,-0.1463528275489807,-0.9146525263786316
410,1648822498.5124793,-94.4580307006836,-152.59181213378906,1359.9971923828125,-0.1821882128715515,0.9823399782180786,0.042610254138708115,-0.9042296409606934,-0.15036413073539734,-0.3996991813182831,-0.3862334191799164,-0.1113499328494072,0.9156554937362671
300,1648822498.5429404,172.4766082763672,89.91197204589844,1361.0189208984375,0.9510104656219482,0.30294519662857056,0.06167124584317207,0.2945115566253662,-0.948418915271759,0.11732206493616104,0.09403233230113983,-0.09341161698102951,-0.9911772012710571
4,1648822498.542948,-62.96240234375,-62.24675750732422,1424.5540771484375,-0.18340659141540527,-0.9552367925643921,0.23213066160678864,-0.9075952172279358,0.25526249408721924,0.3333345949649811,-0.37766772508621216,-0.14954492449760437,-0.9137852191925049
410,1648822498.5429528,-94.37763214111328,-152.7870330810547,1359.816162109375,-0.1838102489709854,0.9819887280464172,0.04372626543045044,-0.9040654301643372,-0.15142786502838135,-0.3996690511703491,-0.38584911823272705,-0.11299467086791992,0.9156160354614258
300,1648822498.572231,172.4733123779297,89.90938568115234,1360.97607421875,0.9509768486022949,0.30300021171569824,0.061918869614601135,0.29457610845565796,-0.948441743850708,0.11697524040937424,0.09416995942592621,-0.09300092607736588,-0.991202712059021
4,1648822498.572239,-62.810150146484375,-62.25602340698242,1424.54736328125,-0.18238893151283264,-0.9553209543228149,0.2325858622789383,-0.9079921841621399,0.2544042766094208,0.33290940523147583,-0.3772061765193939,-0.1504671424627304,-0.9138244390487671
410,1648822498.5722435,-94.6670150756836,-152.7263641357422,1359.677001953125,-0.18118898570537567,0.9823247194290161,0.04699626937508583,-0.9043572545051575,-0.1476510465145111,-0.40042123198509216,-0.3864046335220337,-0.11505333334207535,0.9151252508163452
300,1648822498.604564,172.47341918945312,89.91134643554688,1361.025390625,0.951033353805542,0.3029642403125763,0.06122245267033577,0.29458093643188477,-0.9484081268310547,0.11723528802394867,0.09358196705579758,-0.09345970302820206,-0.9912152886390686
4,1648822498.6045716,-63.193363189697266,-62.17011642456055,1424.448974609375,-0.1849835366010666,-0.9555323123931885,0.22964993119239807,-0.9078351259231567,0.2556362450122833,0.33239349722862244,-0.3763195872306824,-0.14699696004390717,-0.914754331111908
410,1648822498.6045768,-94.60225677490234,-152.6844024658203,1359.8492431640625,-0.18140296638011932,0.9823857545852661,0.04484592378139496,-0.9038554430007935,-0.14858677983283997,-0.4012073576450348,-0.3874768912792206,-0.1133144348859787,0.9148887991905212
300,1648822498.6342897,172.47366333007812,89.89875030517578,1360.999267578125,0.9509965777397156,0.3030133545398712,0.061550479382276535,0.2947002649307251,-0.9485026597976685,0.1161654144525528,0.093580462038517,-0.09233396500349045,-0.9913209080696106
4,1648822498.6342971,-62.719207763671875,-62.25724792480469,1424.510009765625,-0.1826479285955429,-0.9548231363296509,0.234419584274292,-0.9081870317459106,0.2551826238632202,0.33178025484085083,-0.37661126255989075,-0.15229783952236176,-0.9137665629386902
410,1648822498.6343017,-94.26689910888672,-153.10890197753906,1359.6260986328125,-0.18337540328502655,0.9821110963821411,0.04279356077313423,-0.9042225480079651,-0.15143319964408875,-0.3993114233016968,-0.38568779826164246,-0.11191879212856293,0.915816068649292
300,1648822498.6647322,172.47413635253906,89.91289520263672,1361.0003662109375,0.9510142207145691,0.3029527962207794,0.06157577037811279,0.29461392760276794,-0.9484988451004028,0.11641532182693481,0.09367289394140244,-0.09257154166698456,-0.9912900328636169
4,1648822498.6647398,-62.860023498535156,-62.203460693359375,1424.46875,-0.18397654592990875,-0.9549395442008972,0.23290158808231354,-0.9075217843055725,0.25604158639907837,0.3329368531703949,-0.3775670528411865,-0.15011069178581238,-0.9137340784072876
410,1648822498.6647453,-94.41893768310547,-152.86309814453125,1359.7811279296875,-0.1798570305109024,0.9826349020004272,0.04560833051800728,-0.9046805500984192,-0.14702658355236053,-0.39992037415504456,-0.38627007603645325,-0.1131894588470459,0.9154144525527954
300,1648822498.6945832,172.47874450683594,89.90902709960938,1360.9649658203125,0.9509677290916443,0.30301812291145325,0.061970919370651245,0.29462194442749023,-0.9484700560569763,0.1166296973824501,0.09411846846342087,-0.09265308827161789,-0.9912402033805847
4,1648822498.694591,-62.741390228271484,-62.21488952636719,1424.434326171875,-0.18149952590465546,-0.9548774361610413,0.23508934676647186,-0.9082443118095398,0.25442418456077576,0.3322056233882904,-0.37702807784080505,-0.15322339534759521,-0.9134398698806763
410,1648822498.694596,-94.11907196044922,-152.84239196777344,1359.6165771484375,-0.18202528357505798,0.9823249578475952,0.04363987222313881,-0.9046828150749207,-0.14991967380046844,-0.39883965253829956,-0.38524767756462097,-0.11207914352416992,0.9159817099571228
300,1648822498.7243598,172.47610473632812,89.91828918457031,1360.9742431640625,0.9509316682815552,0.3030230402946472,0.06249766796827316,0.2946142256259918,-0.9485192894935608,0.1162479817867279,0.09450606256723404,-0.09213118255138397,-0.9912519454956055
4,1648822498.7243676,-62.72737121582031,-62.218231201171875,1424.3984375,-0.18447859585285187,-0.9548888802528381,0.23271207511425018,-0.9079223275184631,0.25623977184295654,0.3316899836063385,-0.37635716795921326,-0.15009479224681854,-0.9142356514930725
410,1648822498.7243726,-94.33047485351562,-152.46881103515625,1359.756103515625,-0.1799616515636444,0.9823978543281555,0.050082530826330185,-0.9039208292961121,-0.14507430791854858,-0.40234383940696716,-0.38799601793289185,-0.11767710000276566,0.914117693901062
300,1648822498.756938,172.47511291503906,89.90760803222656,1361.040283203125,0.9510331749916077,0.30298957228660583,0.061100468039512634,0.2946550250053406,-0.9484339952468872,0.11683914065361023,0.09335079789161682,-0.09311433136463165,-0.991269588470459
4,1648822498.7569458,-62.4133186340332,-62.2652702331543,1424.459716796875,-0.1789897084236145,-0.9546135663986206,0.23806646466255188,-0.908638060092926,0.2531841993331909,0.33207622170448303,-0.377279132604599,-0.1568780243396759,-0.9127156138420105
410,1648822498.7569504,-94.23094177246094,-152.12274169921875,1359.63037109375,-0.1788448840379715,0.9826499223709106,0.04912925884127617,-0.9043998718261719,-0.14453141391277313,-0.4014616906642914,-0.38739559054374695,-0.11623186618089676,0.914557158946991
300,1648822498.7863266,172.4707794189453,89.92561340332031,1361.0009765625,0.9510108828544617,0.30294644832611084,0.06165873631834984,0.2946071922779083,-0.948510468006134,0.11633782088756561,0.09372808784246445,-0.09247342497110367,-0.9912939667701721
4,1648822498.7863343,-62.73475646972656,-62.205284118652344,1424.40673828125,-0.18198266625404358,-0.9551423192024231,0.23363539576530457,-0.9085294008255005,0.25421079993247986,0.33158889412879944,-0.37610724568367004,-0.15192118287086487,-0.9140368103981018
410,1648822498.7863395,-93.8552017211914,-151.82725524902344,1359.880126953125,-0.18114902079105377,0.9825688600540161,0.041754744946956635,-0.9038082957267761,-0.1495903581380844,-0.400940477848053,-0.3877055048942566,-0.1103682592511177,0.9151520729064941
300,1648822498.816683,172.4711151123047,89.91497039794922,1361.0406494140625,0.9510207176208496,0.30292728543281555,0.06160103902220726,0.2945990264415741,-0.9485202431678772,0.11627878248691559,0.0936538502573967,-0.09243591874837875,-0.9913044571876526
4,1648822498.816691,-62.85153579711914,-62.178470611572266,1424.416259765625,-0.18433356285095215,-0.9549219608306885,0.23269128799438477,-0.907890260219574,0.2561229169368744,0.33186787366867065,-0.37650546431541443,-0.1500837653875351,-0.9141764044761658
410,1648822498.8166957,-94.0273208618164,-151.3795928955078,1360.0711669921875,-0.17891663312911987,0.9827804565429688,0.0461667962372303,-0.9040386080741882,-0.14570431411266327,-0.4018513262271881,-0.3882049322128296,-0.11363445222377777,0.9145404100418091
300,1648822498.8463926,172.4712677001953,89.9159164428711,1360.9849853515625,0.9509946703910828,0.3029623329639435,0.06183013319969177,0.29459792375564575,-0.948501467704773,0.11643454432487488,0.0939212515950203,-0.09251360595226288,-0.9912719130516052
4,1648822498.8464005,-62.562713623046875,-62.22460174560547,1424.431640625,-0.17923618853092194,-0.9548469185829163,0.23694255948066711,-0.9087657928466797,0.25294792652130127,0.3319067358970642,-0.37685427069664,-0.1558355987071991,-0.9130696058273315
410,1648822498.846405,-93.72560119628906,-151.05841064453125,1360.0638427734375,-0.18189193308353424,0.9823909401893616,0.042701344937086105,-0.9041524529457092,-0.1500190645456314,-0.40000325441360474,-0.386553555727005,-0.1113658919930458,0.9155184030532837
300,1648822498.8764827,172.47161865234375,89.92086029052734,1361.0213623046875,0.9510323405265808,0.3029290735721588,0.061411838978528976,0.29461461305618286,-0.948510468006134,0.1163192093372345,0.0934862419962883,-0.0925305113196373,-0.9913114905357361
4,1648822498.8764906,-62.976890563964844,-62.16295623779297,1424.4468994140625,-0.18434132635593414,-0.9545174241065979,0.23433907330036163,-0.9074728488922119,0.2568696439266205,0.33243197202682495,-0.37750670313835144,-0.1513753980398178,-0.9135503172874451
410,1648822498.8764951,-93.7083511352539,-150.4943389892578,1360.482177734375,-0.17983855307102203,0.9827781319618225,0.042488619685173035,-0.9032692909240723,-0.14787547290325165,-0.40278708934783936,-0.3895673155784607,-0.11081531643867493,0.9143069982528687
300,1648822498.908669,172.469482421875,89.91992950439453,1361.016357421875,0.9510419368743896,0.3028797507286072,0.06150714308023453,0.2945524752140045,-0.9485244750976562,0.11636199802160263,0.09358472377061844,-0.09254804998636246,-0.9913005232810974
4,1648822498.9086766,-62.68549346923828,-62.23883819580078,1424.4825439453125,-0.18142656981945038,-0.9542996287345886,0.23747967183589935,-0.9078770875930786,0.25534504652023315,0.3325028121471405,-0.3779465854167938,-0.15527750551700592,-0.9127131700515747
410,1648822498.9086812,-93.9129867553711,-150.1424102783203,1360.397216796875,-0.17866234481334686,0.9827397465705872,0.04798315092921257,-0.9047395586967468,-0.14492449164390564,-0.40055370330810547,-0.3866860866546631,-0.11497611552476883,0.9150160551071167
300,1648822498.938262,172.47328186035156,89.91059112548828,1361.014892578125,0.9510051012039185,0.30292683839797974,0.06184333935379982,0.29455819725990295,-0.9485098123550415,0.1164674162864685,0.0939401239156723,-0.09254465252161026,-0.9912672638893127
4,1648822498.9382713,-62.89325714111328,-62.214256286621094,1424.4989013671875,-0.18548792600631714,-0.954459547996521,0.2336689829826355,-0.9069318771362305,0.2578182816505432,0.33317306637763977,-0.3782443404197693,-0.15012226998806,-0.9134519696235657
410,1648822498.9382758,-93.64488220214844,-149.77845764160156,1360.55712890625,-0.18037179112434387,0.9826380610466003,0.043456897139549255,-0.9042611718177795,-0.148277148604393,-0.4004068076610565,-0.3870112895965576,-0.1115184798836708,0.9153064489364624
300,1648822498.9686031,172.47129821777344,89.93037414550781,1361.004150390625,0.9509913921356201,0.3029545843601227,0.061918195337057114,0.29453593492507935,-0.9484609961509705,0.11692004650831223,0.09414845705032349,-0.09295282512903214,-0.9912092685699463
4,1648822498.9686108,-63.1365966796875,-62.17460250854492,1424.457763671875,-0.18677125871181488,-0.9545640349388123,0.2322155088186264,-0.9074313044548035,0.2581966817378998,0.3315160274505615,-0.3764105439186096,-0.14880195260047913,-0.9144250154495239
410,1648822498.9686155,-93.54562377929688,-149.3093719482422,1360.954833984375,-0.1797042340040207,0.9827855229377747,0.042883701622486115,-0.9033291339874268,-0.1476013958454132,-0.40275344252586365,-0.38949054479599,-0.11111459136009216,0.9143033623695374
300,1648822498.9988778,172.47988891601562,89.90480041503906,1360.97900390625,0.9509223699569702,0.30303776264190674,0.0625678077340126,0.2945707440376282,-0.9484663605690002,0.11678870022296906,0.09473484754562378,-0.09262634068727493,-0.9911839962005615
4,1648822498.9988854,-62.435726165771484,-62.289398193359375,1424.4970703125,-0.17949728667736053,-0.9544435143470764,0.2383657842874527,-0.908098042011261,0.2539396584033966,0.3329754173755646,-0.37833675742149353,-0.156691312789917,-0.9123097658157349
410,1648822498.9988904,-93.66053771972656,-149.14320373535156,1360.931396484375,-0.17890565097332,0.9827030301094055,0.04782845824956894,-0.9041034579277039,-0.14503329992294312,-0.40194806456565857,-0.3880588710308075,-0.11515265703201294,0.9144124984741211
300,1648822499.0293128,172.47254943847656,89.92900848388672,1361.007568359375,0.9509742259979248,0.30294930934906006,0.06220723316073418,0.2945590913295746,-0.9485254883766174,0.11633726209402084,0.0942494347691536,-0.09231002628803253,-0.991259753704071
4,1648822499.0293205,-62.90876770019531,-62.22683334350586,1424.4765625,-0.18700432777404785,-0.9544356465339661,0.23255540430545807,-0.9073187112808228,0.25855588912963867,0.33154430985450745,-0.3765662610530853,-0.14900165796279907,-0.9143283367156982
410,1648822499.0293248,-93.35240173339844,-148.9054718017578,1361.084228515625,-0.1811409294605255,0.9825361371040344,0.04255296289920807,-0.9044108390808105,-0.149429589509964,-0.39963963627815247,-0.3863016963005066,-0.11087645590305328,0.9156841039657593
300,1648822499.0601592,172.4734344482422,89.92574310302734,1361.063720703125,0.9510864615440369,0.30285635590553284,0.060931164771318436,0.2945742607116699,-0.9485065340995789,0.11645333468914032,0.09306224435567856,-0.09280843287706375,-0.9913253784179688
4,1648822499.0601668,-63.0979118347168,-62.14714050292969,1424.4730224609375,-0.1842755675315857,-0.9551860690116882,0.23165073990821838,-0.9071587920188904,0.25600072741508484,0.33395594358444214,-0.37829282879829407,-0.14860408008098602,-0.9136801362037659
410,1648822499.0601926,-93.5702133178711,-148.33004760742188,1361.44921875,-0.1786946952342987,0.982787549495697,0.046870600432157516,-0.9035902619361877,-0.1450708955526352,-0.40308690071105957,-0.38934922218322754,-0.11438130587339401,0.9139606952667236
300,1648822499.09042,172.4801025390625,89.91996765136719,1361.002197265625,0.9510319232940674,0.3028714656829834,0.06170216575264931,0.294564813375473,-0.9485708475112915,0.11595232784748077,0.09364752471446991,-0.09209907799959183,-0.9913364052772522
4,1648822499.0904279,-62.41127014160156,-62.317970275878906,1424.50146484375,-0.18113882839679718,-0.9543667435646057,0.2374296337366104,-0.908807098865509,0.2547015845775604,0.33044934272766113,-0.3758435845375061,-0.15592053532600403,-0.9134716391563416
410,1648822499.0904348,-93.32865142822266,-148.03042602539062,1361.3553466796875,-0.1811496764421463,0.9824526309967041,0.044402461498975754,-0.9042314887046814,-0.14863321185112,-0.40034180879592896,-0.38671720027923584,-0.11267189681529999,0.9152895212173462
300,1648822499.1207235,172.47499084472656,89.92840576171875,1360.9951171875,0.9509932994842529,0.3029114902019501,0.06209956109523773,0.2945479154586792,-0.948550283908844,0.1161629930138588,0.09409166127443314,-0.09217893332242966,-0.9912869334220886
4,1648822499.1207314,-63.020179748535156,-62.15635299682617,1424.494140625,-0.1828385442495346,-0.9553686380386353,0.23203635215759277,-0.9080232977867126,0.2545801103115082,0.3326900601387024,-0.37691348791122437,-0.14986585080623627,-0.9140440225601196
410,1648822499.1207364,-93.30071258544922,-147.50254821777344,1361.7581787109375,-0.18070603907108307,0.9826048016548157,0.04281530901789665,-0.9038628339767456,-0.14874638617038727,-0.40113145112991333,-0.38778507709503174,-0.11118604242801666,0.9150193333625793
300,1648822499.1506722,172.4791717529297,89.9103775024414,1361.0106201171875,0.9510140419006348,0.3028978109359741,0.06184813752770424,0.2945252060890198,-0.9485154151916504,0.11650501191616058,0.09395302087068558,-0.09258206188678741,-0.9912624955177307
4,1648822499.1506798,-62.98495101928711,-62.21158218383789,1424.4676513671875,-0.18561069667339325,-0.9544906616210938,0.2334442287683487,-0.907459557056427,0.25763362646102905,0.33187657594680786,-0.37691619992256165,-0.15024136006832123,-0.9139812588691711
410,1648822499.1506844,-93.40373992919922,-146.99232482910156,1361.9368896484375,-0.1802050918340683,0.982535719871521,0.04636514559388161,-0.9041662216186523,-0.14690259099006653,-0.4011272192001343,-0.387310653924942,-0.114206962287426,0.9148482084274292
300,1648822499.18095,172.47052001953125,89.91822814941406,1361.0284423828125,0.9510347843170166,0.3028895854949951,0.06156889721751213,0.29462048411369324,-0.9485862255096436,0.11568447947502136,0.09344302862882614,-0.09188050776720047,-0.9913759827613831
4,1648822499.180958,-62.67729187011719,-62.25377655029297,1424.4736328125,-0.1832370162010193,-0.954053521156311,0.23707818984985352,-0.9080817103385925,0.25664469599723816,0.33093976974487305,-0.3765791058540344,-0.15464594960212708,-0.9133853316307068
410,1648822499.1809628,-93.21524810791016,-146.40110778808594,1362.0712890625,-0.1811242550611496,0.9823994636535645,0.045665621757507324,-0.9044714570045471,-0.14816448092460632,-0.3999732732772827,-0.3861674964427948,-0.11374811828136444,0.9153884649276733
300,1648822499.212177,172.4672088623047,89.92240905761719,1361.0430908203125,0.9510511159896851,0.3028848469257355,0.06133948266506195,0.29457977414131165,-0.9485245943069458,0.11629204452037811,0.0934051051735878,-0.09253030270338058,-0.9913191199302673
4,1648822499.2121851,-63.101951599121094,-62.15031433105469,1424.477294921875,-0.18258777260780334,-0.955125093460083,0.2332332730293274,-0.908103346824646,0.25475308299064636,0.33233898878097534,-0.376842200756073,-0.15111888945102692,-0.9138670563697815
410,1648822499.2121902,-93.2670669555664,-145.52220153808594,1362.6268310546875,-0.18042010068893433,0.9824439287185669,0.047460202127695084,-0.9033812284469604,-0.14642934501171112,-0.40306422114372253,-0.38903844356536865,-0.11559554189443588,0.9139402508735657
300,1648822499.242752,172.469970703125,89.92683410644531,1361.0350341796875,0.9510442018508911,0.30292704701423645,0.06123878061771393,0.2946081757545471,-0.9484857320785522,0.11653704196214676,0.09338632971048355,-0.09279043227434158,-0.9912965893745422
4,1648822499.24276,-62.927242279052734,-62.205284118652344,1424.4755859375,-0.18320083618164062,-0.9548488259315491,0.233882874250412,-0.9081562161445618,0.25547483563423157,0.33163976669311523,-0.37641701102256775,-0.1516454964876175,-0.9139550924301147
410,1648822499.2427645,-93.33811950683594,-144.86497497558594,1362.785400390625,-0.18077073991298676,0.9822355508804321,0.050351038575172424,-0.9041566848754883,-0.14581725001335144,-0.4015445113182068,-0.3870692551136017,-0.11811273545026779,0.9144543409347534
300,1648822499.2729034,172.4681854248047,89.93675994873047,1361.021240234375,0.9510686993598938,0.3028453588485718,0.061262134462594986,0.2945351302623749,-0.9485222101211548,0.11642458289861679,0.09336713701486588,-0.09268392622470856,-0.9913083910942078
4,1648822499.2729113,-62.81529235839844,-62.21133804321289,1424.516845703125,-0.18146821856498718,-0.9548220038414001,0.23533855378627777,-0.908280611038208,0.25446972250938416,0.332071453332901,-0.37695565819740295,-0.15349304676055908,-0.9134244918823242
410,1648822499.2729208,-93.11517333984375,-144.24832153320312,1363.0882568359375,-0.180759996175766,0.9824016094207764,0.047041211277246475,-0.9041935801506042,-0.14716999232769012,-0.400967538356781,-0.38698810338974,-0.1150132492184639,0.9148836731910706
300,1648822499.3042588,172.4694366455078,89.95291900634766,1361.028564453125,0.9510421752929688,0.3028566241264343,0.06161719560623169,0.29450497031211853,-0.9485207796096802,0.1165122389793396,0.09373169392347336,-0.09266148507595062,-0.9912760853767395
4,1648822499.3042665,-63.03369140625,-62.17467498779297,1424.4840087890625,-0.18554410338401794,-0.9551820158958435,0.2306528240442276,-0.9077340960502625,0.2564983665943146,0.3320051431655884,-0.37628743052482605,-0.14776982367038727,-0.9146429896354675
410,1648822499.3042717,-93.00212860107422,-144.03045654296875,1363.401123046875,-0.18350231647491455,0.9818139672279358,0.0486648790538311,-0.9035972356796265,-0.14897547662258148,-0.40164458751678467,-0.38709038496017456,-0.11767616122961044,0.9145017266273499
300,1648822499.3340719,172.47149658203125,89.92989349365234,1361.010009765625,0.9510234594345093,0.3028896152973175,0.061743639409542084,0.2945236563682556,-0.9485118389129639,0.11653785407543182,0.09386267513036728,-0.09264527261257172,-0.9912651777267456
4,1648822499.3340795,-62.76509475708008,-62.22618865966797,1424.4906005859375,-0.1829538345336914,-0.9548705816268921,0.23398734629154205,-0.907753050327301,0.25546500086784363,0.3327491879463196,-0.3775079846382141,-0.15152499079704285,-0.9135249853134155
410,1648822499.334084,-93.11197662353516,-144.0181427001953,1363.27685546875,-0.18053486943244934,0.982207715511322,0.05172163248062134,-0.9041982293128967,-0.14504170417785645,-0.40173181891441345,-0.3870823085308075,-0.1192932054400444,0.9142956137657166
300,1648822499.3646097,172.4676513671875,89.93938446044922,1361.0068359375,0.9510433673858643,0.30286192893981934,0.061572130769491196,0.29447197914123535,-0.94847571849823,0.11696168780326843,0.0938229188323021,-0.09310437738895416,-0.9912258982658386
4,1648822499.3646178,-62.644996643066406,-62.23728561401367,1424.48046875,-0.18103651702404022,-0.9551471471786499,0.23434966802597046,-0.90877366065979,0.2535615563392639,0.33141666650772095,-0.37597373127937317,-0.1529722809791565,-0.9139164090156555
410,1648822499.3646224,-92.71251678466797,-144.10751342773438,1363.1129150390625,-0.18277199566364288,0.9820804595947266,0.04596107080578804,-0.9043281078338623,-0.1495928317308426,-0.3997657895088196,-0.3857267200946808,-0.11462987959384918,0.9154642820358276
300,1648822499.394872,172.4667205810547,89.94853973388672,1361.02685546875,0.9510729312896729,0.30283063650131226,0.06126922369003296,0.29447683691978455,-0.9484842419624329,0.11688022315502167,0.0935078039765358,-0.09311924874782562,-0.9912543296813965
4,1648822499.3948803,-62.88886260986328,-62.13477325439453,1424.435302734375,-0.18647447228431702,-0.9545783996582031,0.23239491879940033,-0.9068120718002319,0.2582528591156006,0.3331626057624817,-0.3780464828014374,-0.14861218631267548,-0.9137807488441467
410,1648822499.3948853,-92.83483123779297,-143.8228302001953,1363.34326171875,-0.17990976572036743,0.9824844598770142,0.048546552658081055,-0.9026851058006287,-0.14528359472751617,-0.405033677816391,-0.3908862769603729,-0.11669176816940308,0.9130120277404785
300,1648822499.424769,172.4691619873047,89.94010162353516,1361.0277099609375,0.9510610103607178,0.3028471767902374,0.061372239142656326,0.29446202516555786,-0.948460578918457,0.11710943281650543,0.0936754122376442,-0.09330642223358154,-0.9912208914756775
4,1648822499.4247775,-62.648834228515625,-62.148963928222656,1424.4105224609375,-0.18166986107826233,-0.9546206593513489,0.23599892854690552,-0.9075376987457275,0.2551717162132263,0.33356061577796936,-0.37864410877227783,-0.15358002483844757,-0.9127112627029419
410,1648822499.4247825,-92.837158203125,-143.93971252441406,1363.1966552734375,-0.17920401692390442,0.9825617671012878,0.04958149790763855,-0.9040677547454834,-0.1445930004119873,-0.40218690037727356,-0.388004332780838,-0.1168985441327095,0.9142140746116638
300,1648822499.4564831,172.468505859375,89.95973205566406,1360.9697265625,0.9509819149971008,0.3028593361377716,0.06252658367156982,0.29440945386886597,-0.9485329985618591,0.11665447801351547,0.09463842958211899,-0.09252788871526718,-0.9912023544311523
4,1648822499.4564905,-62.83749008178711,-62.07151412963867,1424.3895263671875,-0.18281708657741547,-0.9544813632965088,0.2356760948896408,-0.9070424437522888,0.25622519850730896,0.33409982919692993,-0.3792782127857208,-0.15268905460834503,-0.9125974178314209
410,1648822499.4564948,-92.5795669555664,-143.90188598632812,1363.2069091796875,-0.1799568235874176,0.9826477766036987,0.044932492077350616,-0.9045091271400452,-0.14734786748886108,-0.4001897871494293,-0.38662490248680115,-0.11265873163938522,0.9153301119804382
300,1648822499.486636,172.4644775390625,89.98004913330078,1361.0194091796875,0.951087236404419,0.30270230770111084,0.061679646372795105,0.29435205459594727,-0.9485771059989929,0.11644039303064346,0.09375467896461487,-0.09258944541215897,-0.9912806153297424
4,1648822499.4866478,-63.05376052856445,-62.02488327026367,1424.3485107421875,-0.18614503741264343,-0.9543227553367615,0.233705073595047,-0.9069665670394897,0.2583710253238678,0.3326501250267029,-0.3778381943702698,-0.15004152059555054,-0.9136333465576172
410,1648822499.486653,-92.79641723632812,-143.63584899902344,1363.2979736328125,-0.1782141774892807,0.9828485250473022,0.04741763323545456,-0.9041752815246582,-0.14455629885196686,-0.4019583761692047,-0.38820967078208923,-0.11450853198766708,0.9144293665885925
300,1648822499.5169442,172.46656799316406,89.95452117919922,1360.974365234375,0.9510056376457214,0.3028815984725952,0.0620565190911293,0.2944948673248291,-0.9485315680503845,0.11645014584064484,0.0941331759095192,-0.09246941655874252,-0.9912559390068054
4,1648822499.5169513,-62.97359085083008,-62.03664779663086,1424.3914794921875,-0.1848379671573639,-0.9543159604072571,0.2347678542137146,-0.9066165089607239,0.2577800750732422,0.3340597450733185,-0.3793170154094696,-0.15109750628471375,-0.9128462076187134
410,1648822499.5169559,-92.90284729003906,-143.3944854736328,1363.28125,-0.1779467910528183,0.9827462434768677,0.050445687025785446,-0.902985155582428,-0.142700657248497,-0.40528303384780884,-0.3910917341709137,-0.11767052114009857,0.9127984046936035
300,1648822499.5464952,172.4602508544922,89.9727554321289,1360.9830322265625,0.9510137438774109,0.3028569221496582,0.062052905559539795,0.29444390535354614,-0.9485129117965698,0.11673079431056976,0.09421071410179138,-0.09274148941040039,-0.991223156452179
4,1648822499.5465028,-62.86818313598633,-62.044189453125,1424.4239501953125,-0.18471427261829376,-0.9543249011039734,0.23482884466648102,-0.9067429304122925,0.2576468288898468,0.3338193893432617,-0.3790750801563263,-0.15126818418502808,-0.9129183888435364
410,1648822499.5465076,-92.81619262695312,-143.36163330078125,1363.4019775390625,-0.1808641254901886,0.9823623299598694,0.04745985567569733,-0.902309238910675,-0.1465388536453247,-0.4054187834262848,-0.39131343364715576,-0.1161491796374321,0.9128982424736023
300,1648822499.5764103,172.45811462402344,89.96728515625,1360.990478515625,0.9510762095451355,0.3027012050151825,0.06185493618249893,0.29430076479911804,-0.9485490918159485,0.11679752171039581,0.09402719885110855,-0.09287938475608826,-0.9912276864051819
4,1648822499.5764177,-63.037288665771484,-61.98081588745117,1424.3319091796875,-0.18036706745624542,-0.9553834199905396,0.23390232026576996,-0.9083421230316162,0.2530161440372467,0.3330126404762268,-0.3773358166217804,-0.15239882469177246,-0.9134507775306702
410,1648822499.5764227,-93.16117858886719,-143.30958557128906,1363.2039794921875,-0.17982198297977448,0.9823061227798462,0.052332647144794464,-0.9052981734275818,-0.14444328844547272,-0.3994637727737427,-0.3848366141319275,-0.11920902132987976,0.9152540564537048
300,1648822499.6083133,172.4608917236328,89.96353149414062,1361.0081787109375,0.9510436058044434,0.302815705537796,0.061795756220817566,0.29438677430152893,-0.9484785795211792,0.11715302616357803,0.09408772736787796,-0.09322578459978104,-0.9911894202232361
4,1648822499.6083207,-62.77888107299805,-62.023006439208984,1424.3758544921875,-0.18105827271938324,-0.9546888470649719,0.2361930012702942,-0.907322883605957,0.2548116147518158,0.33441922068595886,-0.37945103645324707,-0.15375395119190216,-0.9123467803001404
410,1648822499.608326,-92.91873931884766,-143.3195343017578,1363.186279296875,-0.18159477412700653,0.9821075201034546,0.04988163709640503,-0.9043774604797363,-0.14687247574329376,-0.40066179633140564,-0.3861667215824127,-0.11786992102861404,0.9148671627044678
300,1648822499.638505,172.45291137695312,89.99235534667969,1361.033447265625,0.9511184692382812,0.30263271927833557,0.06153970584273338,0.29422643780708313,-0.9485259056091309,0.11717252433300018,0.09383224695920944,-0.09333834052085876,-0.9912030100822449
4,1648822499.6385128,-62.93058776855469,-62.04147720336914,1424.4412841796875,-0.18017391860485077,-0.9549239277839661,0.23591871559619904,-0.9084247946739197,0.25352203845977783,0.332401841878891,-0.37722906470298767,-0.1544242650270462,-0.9131546020507812
410,1648822499.6385179,-92.84648895263672,-143.34115600585938,1363.3441162109375,-0.18284925818443298,0.9818660020828247,0.05005296319723129,-0.9043217301368713,-0.14799851179122925,-0.4003731608390808,-0.38570502400398254,-0.11847192049026489,0.9149841666221619
300,1648822499.668652,172.46435546875,89.98639678955078,1361.0106201171875,0.9510617852210999,0.3028317391872406,0.06143677234649658,0.2945117652416229,-0.9485379457473755,0.11635546386241913,0.09351123869419098,-0.09256738424301147,-0.9913056492805481
4,1648822499.6686633,-62.939598083496094,-62.0426025390625,1424.4453125,-0.18063578009605408,-0.9552249312400818,0.2343418151140213,-0.9080726504325867,0.2535049617290497,0.3333756625652313,-0.3778555691242218,-0.15257981419563293,-0.9132056832313538
410,1648822499.6686685,-92.95259094238281,-143.32888793945312,1363.29736328125,-0.17720454931259155,0.9827722311019897,0.05250968784093857,-0.9059973955154419,-0.14205680787563324,-0.3987336754798889,-0.3844050467014313,-0.11823106557130814,0.9155622124671936
300,1648822499.698703,172.465087890625,89.99552154541016,1360.99365234375,0.9510406851768494,0.3027993142604828,0.06192120909690857,0.29439449310302734,-0.9485227465629578,0.11677542328834534,0.0940931886434555,-0.0928289145231247,-0.9912261366844177
4,1648822499.6987107,-62.64741134643555,-62.12717819213867,1424.4658203125,-0.1786368191242218,-0.9549738168716431,0.2368837296962738,-0.9087272882461548,0.2524385452270508,0.3323996365070343,-0.37723150849342346,-0.15588389337062836,-0.9129055738449097
410,1648822499.6987197,-92.91070556640625,-143.33370971679688,1363.2506103515625,-0.17630822956562042,0.9829369783401489,0.05244363471865654,-0.9057716727256775,-0.1411486268043518,-0.3995681405067444,-0.38534796237945557,-0.11794910579919815,0.9152021408081055
300,1648822499.7287722,172.4576416015625,90.01913452148438,1360.991943359375,0.9510769248008728,0.3027111291885376,0.06179537624120712,0.2943398952484131,-0.9485676884651184,0.1165476068854332,0.09389735013246536,-0.09265688806772232,-0.991260826587677
4,1648822499.72878,-63.000823974609375,-62.021873474121094,1424.4354248046875,-0.18412558734416962,-0.9551092386245728,0.23208633065223694,-0.9072583913803101,0.25598713755607605,0.33369573950767517,-0.37812700867652893,-0.14912034571170807,-0.9136646389961243
410,1648822499.7287843,-92.86141967773438,-143.2845916748047,1363.455322265625,-0.1770714372396469,0.9828034043312073,0.05237491428852081,-0.903298020362854,-0.14115723967552185,-0.40512630343437195,-0.390766441822052,-0.11904645711183548,0.9127593040466309
300,1648822499.7602751,172.46047973632812,89.99897766113281,1361.000244140625,0.951021134853363,0.3028503656387329,0.06197141855955124,0.2944711148738861,-0.9485382437705994,0.11645566672086716,0.09405090659856796,-0.09250301122665405,-0.9912606477737427
4,1648822499.7602835,-62.991180419921875,-62.06182861328125,1424.3992919921875,-0.18435096740722656,-0.9551679491996765,0.23166555166244507,-0.9078467488288879,0.2557983100414276,0.3322371542453766,-0.3766019344329834,-0.14906857907772064,-0.9143027663230896
