300,1648476755.297874,239.1497802734375,59.019954681396484,1528.8040771484375,0.8617035150527954,0.49999621510505676,-0.0864342600107193,-0.5071272850036621,0.8429253101348877,-0.1797187626361847,-0.017001068219542503,0.19869744777679443,0.9799134135246277
4,1648476755.2978826,-8.586671829223633,57.8808708190918,1563.690673828125,-0.11378983408212662,-0.9880949258804321,0.10353866964578629,-0.9094448089599609,0.061641160398721695,-0.4112304449081421,0.3999524712562561,-0.1409565508365631,-0.905631959438324
410,1648476755.2978883,-22.7108097076416,-52.74537658691406,1584.4468994140625,-0.11849166452884674,0.9920260310173035,-0.042942650616168976,-0.9048405289649963,-0.09006514400243759,0.41611525416374207,0.4089295268058777,0.08816243708133698,0.9082973003387451
300,1648476755.3303955,239.14988708496094,59.01581573486328,1528.795654296875,0.8617344498634338,0.4999045729637146,-0.08665540814399719,-0.5070760250091553,0.8428882360458374,-0.18003711104393005,-0.01696055568754673,0.1990850567817688,0.9798354506492615
4,1648476755.3304029,-8.521410942077637,57.89783477783203,1563.6221923828125,-0.11342047154903412,-0.9879928231239319,0.1049095019698143,-0.9102743864059448,0.06101761758327484,-0.40948423743247986,0.39816614985466003,-0.14194032549858093,-0.9062651991844177
410,1648476755.330408,-23.996129989624023,-52.56624221801758,1583.983642578125,-0.11877579241991043,0.9926553964614868,-0.022969838231801987,-0.9060019850730896,-0.09888388216495514,0.41156089305877686,0.4062667787075043,0.06969419121742249,0.9110927581787109
300,1648476755.361613,239.1483612060547,59.0173454284668,1528.821044921875,0.8617304563522339,0.49998125433921814,-0.08625141531229019,-0.5070692896842957,0.8428744673728943,-0.1801203340291977,-0.01735767349600792,0.1989506185054779,0.9798557758331299
4,1648476755.3616216,-8.567438125610352,57.87906265258789,1563.6612548828125,-0.11424639821052551,-0.9880330562591553,0.10362618416547775,-0.9095381498336792,0.062068045139312744,-0.4109596908092499,0.39960989356040955,-0.1412026286125183,-0.9057448506355286
410,1648476755.3616269,-25.2624568939209,-52.426055908203125,1583.7469482421875,-0.1197696253657341,0.9927964806556702,-0.0032304073683917522,-0.9063634276390076,-0.10801339894533157,0.4084586501121521,0.4051673710346222,0.051848866045475006,0.9127711057662964
300,1648476755.3901782,239.1514129638672,59.0206184387207,1528.82568359375,0.8617067337036133,0.5000816583633423,-0.08590599149465561,-0.5071006417274475,0.8428763151168823,-0.1800234615802765,-0.01761830411851406,0.19869042932987213,0.9799039363861084
4,1648476755.3901868,-8.509106636047363,57.89094924926758,1563.6468505859375,-0.11412722617387772,-0.9878676533699036,0.10532097518444061,-0.9098214507102966,0.06135181337594986,-0.4104398787021637,0.3989986479282379,-0.14266563951969147,-0.905785083770752
410,1648476755.3901923,-26.415691375732422,-52.23067855834961,1583.6907958984375,-0.12013041228055954,0.9926361441612244,0.015561835840344429,-0.9066185355186462,-0.11608022451400757,0.40567007660865784,0.4044892191886902,0.03462466597557068,0.913887083530426
300,1648476755.4225693,239.15228271484375,59.020572662353516,1528.815185546875,0.8617175221443176,0.500027060508728,-0.08611538261175156,-0.5070975422859192,0.8429839015007019,-0.1795276403427124,-0.017174797132611275,0.198371022939682,0.9799765348434448
4,1648476755.422577,-8.506494522094727,57.893882751464844,1563.6806640625,-0.11437347531318665,-0.9877714514732361,0.10595384240150452,-0.9097352623939514,0.061290182173252106,-0.41064006090164185,0.3991245925426483,-0.14335627853870392,-0.9056205153465271
410,1648476755.4225826,-27.781660079956055,-52.06898498535156,1583.7620849609375,-0.1205911859869957,0.9920608401298523,0.03568018227815628,-0.9062989354133606,-0.12469015270471573,0.40382498502731323,0.40506792068481445,0.016360824927687645,0.9141402244567871
300,1648476755.451851,239.1531219482422,59.01944351196289,1528.8193359375,0.8616954684257507,0.500133216381073,-0.08571872860193253,-0.5071297883987427,0.8430467844009399,-0.17914089560508728,-0.017329413443803787,0.19783541560173035,0.9800820350646973
4,1648476755.4518595,-8.491475105285645,57.89668273925781,1563.6817626953125,-0.11499731242656708,-0.987559974193573,0.10724207758903503,-0.9097703695297241,0.06135591119527817,-0.4105525016784668,0.398865282535553,-0.14477810263633728,-0.9055085778236389
410,1648476755.4518645,-28.946685791015625,-51.88999938964844,1583.894287109375,-0.12066072970628738,0.9911910891532898,0.05460003763437271,-0.9059433341026306,-0.13243599236011505,0.4021534323692322,0.4058419167995453,-0.0009404182783327997,0.913942813873291
300,1648476755.4824977,239.15077209472656,59.019039154052734,1528.8067626953125,0.8617169260978699,0.5000154376029968,-0.08618882298469543,-0.5071069002151489,0.8430531620979309,-0.17917588353157043,-0.01692895032465458,0.1981058269739151,0.9800344109535217
4,1648476755.4825063,-8.621620178222656,57.90638732910156,1563.7132568359375,-0.11584186553955078,-0.9877071976661682,0.1049533560872078,-0.909377932548523,0.06296350806951523,-0.4111780822277069,0.399515300989151,-0.1430739015340805,-0.905492901802063
410,1648476755.4825113,-30.195348739624023,-51.697052001953125,1584.1522216796875,-0.12177447974681854,0.9898508787155151,0.07325473427772522,-0.9052372574806213,-0.14102806150913239,0.40081995725631714,0.4070829749107361,-0.017503267154097557,0.9132234454154968
300,1648476755.512798,239.1519317626953,59.01896286010742,1528.8267822265625,0.8617082834243774,0.5000384449958801,-0.08614180982112885,-0.5071153044700623,0.8429903984069824,-0.17944692075252533,-0.01711363159120083,0.19831472635269165,0.9799889922142029
4,1648476755.5128057,-8.691274642944336,57.91315841674805,1563.7197265625,-0.1159920021891594,-0.9876798987388611,0.10504429042339325,-0.9094226956367493,0.06308337301015854,-0.4110606610774994,0.3993698060512543,-0.14320941269397736,-0.9055356383323669
410,1648476755.512811,-31.244792938232422,-51.54803466796875,1584.507080078125,-0.12264745682477951,0.9884021878242493,0.08954749256372452,-0.9042112827301025,-0.14848004281520844,0.4004443287849426,0.4090960621833801,-0.03185638040304184,0.9119350910186768
300,1648476755.5422359,239.1534423828125,59.01504898071289,1528.8328857421875,0.8617210388183594,0.5000566840171814,-0.08590772747993469,-0.5070787072181702,0.8429144024848938,-0.17990677058696747,-0.017550727352499962,0.1985914260149002,0.9799252152442932
4,1648476755.5422435,-8.878864288330078,57.92463684082031,1563.8433837890625,-0.11642096936702728,-0.9879431128501892,0.1020517349243164,-0.9085542559623718,0.06442778557538986,-0.4127689301967621,0.4012172520160675,-0.14077450335025787,-0.9051007032394409
410,1648476755.5422494,-32.00912857055664,-51.411293029785156,1585.0965576171875,-0.12189652770757675,0.9875407218933105,0.0995216816663742,-0.9030337929725647,-0.15195724368095398,0.4017946720123291,0.41191163659095764,-0.04089406505227089,0.9103056788444519
300,1648476755.5743034,239.1488494873047,59.01534652709961,1528.81640625,0.861721932888031,0.5000064373016357,-0.08619074523448944,-0.5070950984954834,0.8430190086364746,-0.17936983704566956,-0.01702563837170601,0.19827382266521454,0.979998767375946
4,1648476755.5743124,-9.044278144836426,57.96434783935547,1564.005126953125,-0.11806830763816833,-0.9879260063171387,0.10031001269817352,-0.908092737197876,0.06654752790927887,-0.41344767808914185,0.4017803370952606,-0.13990585505962372,-0.9049856066703796
410,1648476755.5743175,-32.60104751586914,-51.26616287231445,1585.65576171875,-0.12393461912870407,0.9865450859069824,0.10662543773651123,-0.9012539386749268,-0.15687289834022522,0.4038962423801422,0.4151885211467743,-0.046039871871471405,0.9085696339607239
300,1648476755.6043699,239.1470489501953,59.01594924926758,1528.814453125,0.861706018447876,0.5000022649765015,-0.08637387305498123,-0.5071192383766174,0.8429060578346252,-0.17983181774616241,-0.017111249268054962,0.19876401126384735,0.9798979759216309
4,1648476755.6043797,-9.225102424621582,57.985626220703125,1564.19287109375,-0.11856166273355484,-0.9882452487945557,0.09651127457618713,-0.9071038365364075,0.06826575845479965,-0.41533413529396057,0.4038635790348053,-0.13678844273090363,-0.9045347571372986
410,1648476755.6043856,-33.0439567565918,-51.18671417236328,1586.027587890625,-0.12316387891769409,0.9862843751907349,0.10988054424524307,-0.900341808795929,-0.15762285888195038,0.4056348502635956,0.41739100217819214,-0.04897049069404602,0.9074065685272217
300,1648476755.634091,239.1466522216797,59.02077102661133,1528.8203125,0.861678421497345,0.5000976324081421,-0.08609679341316223,-0.507159948348999,0.8429102897644043,-0.17969712615013123,-0.017294231802225113,0.19850598275661469,0.9799470901489258
4,1648476755.6340988,-9.32024097442627,57.999290466308594,1564.3016357421875,-0.11959255486726761,-0.9882792830467224,0.09487736970186234,-0.9064937233924866,0.0697178840637207,-0.4164234697818756,0.4049280285835266,-0.1358068883419037,-0.9042066931724548
410,1648476755.634104,-33.3559684753418,-51.06947326660156,1586.33544921875,-0.12370144575834274,0.9857445359230042,0.11404217034578323,-0.9000014066696167,-0.15985624492168427,0.40551629662513733,0.417965829372406,-0.05247516557574272,0.9069459438323975
300,1648476755.6647115,239.14382934570312,59.016258239746094,1528.8221435546875,0.8616909980773926,0.500069260597229,-0.08613547682762146,-0.5071476697921753,0.8430125713348389,-0.17925141751766205,-0.01702483929693699,0.19814273715019226,0.9800252914428711
4,1648476755.6647198,-9.336487770080566,58.0048713684082,1564.2734375,-0.11899237334728241,-0.988250195980072,0.09592924267053604,-0.906531572341919,0.068722665309906,-0.4165065586566925,0.405020147562027,-0.1365239918231964,-0.9040574431419373
410,1648476755.664725,-33.36717987060547,-51.143524169921875,1586.41162109375,-0.12519928812980652,0.9856067299842834,0.11359783262014389,-0.8992986083030701,-0.1610971987247467,0.40658289194107056,0.41903114318847656,-0.05125448480248451,0.9065240621566772
300,1648476755.6945155,239.14682006835938,59.01966857910156,1528.8291015625,0.8616793155670166,0.4999842345714569,-0.08674424141645432,-0.5071667432785034,0.8427736759185791,-0.1803177297115326,-0.01705026440322399,0.19936984777450562,0.9797759652137756
4,1648476755.6945257,-9.318211555480957,58.030548095703125,1564.24755859375,-0.1182306706905365,-0.9882194995880127,0.09717912971973419,-0.9073445796966553,0.06775534898042679,-0.4148915708065033,0.40341952443122864,-0.137227863073349,-0.9046663641929626
410,1648476755.6945314,-33.362369537353516,-51.126953125,1586.36328125,-0.12344292551279068,0.9858903288841248,0.11305809766054153,-0.8992903232574463,-0.15930801630020142,0.40730568766593933,0.41956979036331177,-0.0513930469751358,0.9062670469284058
300,1648476755.7260349,239.14662170410156,59.01691436767578,1528.823974609375,0.8616805672645569,0.5000040531158447,-0.08661705255508423,-0.5071748495101929,0.8429418206214905,-0.17950691282749176,-0.01674104854464531,0.19860760867595673,0.9799361228942871
4,1648476755.7260432,-9.347336769104004,57.99974822998047,1564.277587890625,-0.11905010789632797,-0.9882776737213135,0.0955735370516777,-0.9065368175506592,0.06892865151166916,-0.4164610803127289,0.40499141812324524,-0.13622066378593445,-0.9041160941123962
410,1648476755.7260487,-33.390357971191406,-51.04390335083008,1586.367431640625,-0.12231840938329697,0.985948920249939,0.11376723647117615,-0.8997858762741089,-0.15853570401668549,0.4065118134021759,0.4188360571861267,-0.05264226719737053,0.9065346717834473
300,1648476755.7560272,239.1466827392578,59.01852035522461,1528.8189697265625,0.8616842031478882,0.5000388622283936,-0.08638010174036026,-0.5071544647216797,0.8428632020950317,-0.1799333393573761,-0.01716705597937107,0.1988537758588791,0.9798787832260132
4,1648476755.756036,-9.317767143249512,57.98860549926758,1564.2354736328125,-0.11857841163873672,-0.9883325695991516,0.09559249877929688,-0.9064599871635437,0.0684511661529541,-0.4167070686817169,0.4053017199039459,-0.13606323301792145,-0.9040006995201111
410,1648476755.756042,-33.39317321777344,-51.13718795776367,1586.201416015625,-0.12205188721418381,0.9860357642173767,0.11329951882362366,-0.8998599052429199,-0.15809571743011475,0.40651923418045044,0.4187546670436859,-0.05233725905418396,0.906589925289154
300,1648476755.786628,239.15199279785156,59.0212516784668,1528.8192138671875,0.8616811037063599,0.500079870223999,-0.08617309480905533,-0.5071569085121155,0.8429027795791626,-0.17974087595939636,-0.017249248921871185,0.19858260452747345,0.9799323678016663
4,1648476755.7866368,-9.25839900970459,57.99708938598633,1564.18017578125,-0.11796392500400543,-0.9882155656814575,0.09754209965467453,-0.9071987271308899,0.0673021674156189,-0.41528403759002686,0.4038253724575043,-0.13747860491275787,-0.9044471979141235
410,1648476755.7866423,-33.53841018676758,-51.038856506347656,1586.0809326171875,-0.12364255636930466,0.9855815768241882,0.1155054047703743,-0.9007875919342041,-0.1603037714958191,0.4035894274711609,0.41628625988960266,-0.054145004600286484,0.9076200127601624
300,1648476755.8162987,239.15069580078125,59.01689529418945,1528.824951171875,0.8617337346076965,0.49996763467788696,-0.0862981304526329,-0.5070728659629822,0.8429649472236633,-0.1796863079071045,-0.017091035842895508,0.19860118627548218,0.9799313545227051
4,1648476755.8163073,-9.292261123657227,57.96863555908203,1564.187744140625,-0.12001682072877884,-0.9879949688911438,0.09727207571268082,-0.9062966704368591,0.06904063373804092,-0.41696491837501526,0.40524354577064514,-0.13820016384124756,-0.9037026166915894
410,1648476755.816313,-33.841033935546875,-50.93667221069336,1585.9217529296875,-0.12544295191764832,0.9847134947776794,0.12084437161684036,-0.9008362889289856,-0.16408614814281464,0.40195730328559875,0.4156416654586792,-0.05843828618526459,0.9076491594314575
300,1648476755.8498628,239.14901733398438,59.01742172241211,1528.807861328125,0.861706554889679,0.4999924898147583,-0.08642520755529404,-0.5071266889572144,0.8429852724075317,-0.17943918704986572,-0.01686306856572628,0.1984524428844452,0.9799654483795166
4,1648476755.8498712,-9.216479301452637,58.0136604309082,1564.1005859375,-0.11878925561904907,-0.9879491329193115,0.09922488778829575,-0.9079421162605286,0.06762903928756714,-0.4136030077934265,0.401908278465271,-0.13922204077243805,-0.9050342440605164
410,1648476755.8498764,-34.05986022949219,-50.918556213378906,1585.9261474609375,-0.12564067542552948,0.9844059348106384,0.12312337756156921,-0.9011834859848022,-0.16514161229133606,0.40074506402015686,0.4148286283016205,-0.06060687080025673,0.9078788757324219
300,1648476755.8786693,239.15518188476562,59.02082061767578,1528.8050537109375,0.8617292046546936,0.4999663829803467,-0.08635041117668152,-0.5070863962173462,0.8430106043815613,-0.17943401634693146,-0.0169166661798954,0.19841064512729645,0.9799729585647583
4,1648476755.8786771,-9.383862495422363,58.007568359375,1564.21533203125,-0.12078659236431122,-0.9880630373954773,0.09561397135257721,-0.9065887331962585,0.07056357711553574,-0.41607415676116943,0.4043606221675873,-0.13693873584270477,-0.9042899012565613
410,1648476755.878683,-34.311885833740234,-50.84346389770508,1586.056640625,-0.12591663002967834,0.984097957611084,0.1252843290567398,-0.9006613492965698,-0.16634516417980194,0.4014204442501068,0.41587749123573303,-0.06229323893785477,0.907284677028656
300,1648476755.9086864,239.15576171875,59.01908493041992,1528.80029296875,0.8617623448371887,0.4998464584350586,-0.08671329915523529,-0.5070394277572632,0.8430191278457642,-0.1795264333486557,-0.016634676605463028,0.19867616891860962,0.9799240231513977
4,1648476755.908694,-9.341179847717285,58.01091766357422,1564.197021484375,-0.11931965500116348,-0.9880765676498413,0.09730102866888046,-0.9068996906280518,0.068577840924263,-0.415728360414505,0.4040987491607666,-0.13784682750701904,-0.9042690396308899
410,1648476755.908699,-34.61546325683594,-50.79975509643555,1586.1995849609375,-0.12512359023094177,0.9838900566101074,0.1276887208223343,-0.9002252817153931,-0.1666882485151291,0.40225541591644287,0.4170593321323395,-0.06461697816848755,0.9065793752670288
300,1648476755.938451,239.15151977539062,59.01667404174805,1528.8094482421875,0.8617309927940369,0.499919056892395,-0.08660618960857391,-0.5070849657058716,0.8429396748542786,-0.17977085709571838,-0.016867084428668022,0.19883081316947937,0.9798886775970459
4,1648476755.9384594,-9.423901557922363,58.00471496582031,1564.3087158203125,-0.12072689831256866,-0.9879879951477051,0.0964612141251564,-0.9060800671577454,0.0699775293469429,-0.4172793924808502,0.4055168926715851,-0.13777843117713928,-0.9036443829536438
410,1648476755.9384649,-34.94839096069336,-50.65291976928711,1586.3212890625,-0.12834253907203674,0.9827534556388855,0.13313110172748566,-0.8999747037887573,-0.17180828750133514,0.40065881609916687,0.4166218638420105,-0.0683930441737175,0.9065034985542297
300,1648476755.968801,239.14599609375,59.0172004699707,1528.8045654296875,0.8616998195648193,0.4999585747718811,-0.08668824285268784,-0.50714111328125,0.842920184135437,-0.17970378696918488,-0.016773175448179245,0.19881388545036316,0.9798937439918518
4,1648476755.9688098,-9.42681884765625,58.01832962036133,1564.2974853515625,-0.12058334797620773,-0.9879576563835144,0.09695031493902206,-0.9063083529472351,0.06971366703510284,-0.4168274700641632,0.4050491154193878,-0.1381293386220932,-0.9038006067276001
410,1648476755.9688146,-35.33405303955078,-50.63832092285156,1586.3724365234375,-0.12850740551948547,0.9823377132415771,0.13600902259349823,-0.8995229005813599,-0.1732039749622345,0.40107226371765137,0.41754573583602905,-0.0708024725317955,0.9058932662010193
300,1648476755.9989753,239.15167236328125,59.01742172241211,1528.810791015625,0.8617185950279236,0.5000562071800232,-0.08593542128801346,-0.507100522518158,0.8431044220924377,-0.1789524406194687,-0.017033740878105164,0.19778454303741455,0.9800975322723389
4,1648476755.9989836,-9.550219535827637,58.03681182861328,1564.3541259765625,-0.12230756878852844,-0.9879151582717896,0.09520778059959412,-0.9058452844619751,0.07191542536020279,-0.41745954751968384,0.4055677056312561,-0.1373019814491272,-0.9036940932273865
410,1648476755.998989,-35.604305267333984,-50.48473358154297,1586.49462890625,-0.12942849099636078,0.9816703796386719,0.13989810645580292,-0.8999074101448059,-0.17553722858428955,0.39919087290763855,0.416431188583374,-0.0742286667227745,0.9061319828033447
300,1648476756.0302677,239.1555938720703,59.02016830444336,1528.810791015625,0.8617047071456909,0.5000160932540894,-0.0863068550825119,-0.5071247220039368,0.8429673910140991,-0.1795283704996109,-0.017013205215334892,0.19846878945827484,0.9799595475196838
4,1648476756.0302784,-9.572478294372559,58.066097259521484,1564.3822021484375,-0.1217346116900444,-0.9880478382110596,0.09456326067447662,-0.9062036871910095,0.07176905125379562,-0.41670623421669006,0.4049389660358429,-0.13642114400863647,-0.9041093587875366
410,1648476756.0302837,-35.6060676574707,-50.50291442871094,1586.4844970703125,-0.12898290157318115,0.9817821383476257,0.13952510058879852,-0.8996219038963318,-0.17504188418388367,0.40005093812942505,0.41718560457229614,-0.0739201009273529,0.9058101177215576
300,1648476756.0617628,239.1560821533203,59.01848220825195,1528.8236083984375,0.8617091774940491,0.49996525049209595,-0.08655644208192825,-0.5071213245391846,0.8429304957389832,-0.1797112375497818,-0.016888311132788658,0.1987534463405609,0.9799039959907532
4,1648476756.061771,-9.47077465057373,58.04046630859375,1564.35546875,-0.1213686391711235,-0.9879974722862244,0.09555460512638092,-0.9058274626731873,0.07087897509336472,-0.4176754057407379,0.4058894217014313,-0.1372486799955368,-0.9035577178001404
410,1648476756.061776,-35.64365768432617,-50.35664749145508,1586.3477783203125,-0.1291324496269226,0.9812379479408264,0.14316751062870026,-0.9008501768112183,-0.17642848193645477,0.39666348695755005,0.4144800901412964,-0.07775035500526428,0.9067310094833374
300,1648476756.0901995,239.1595916748047,59.02275085449219,1528.8192138671875,0.8617346882820129,0.4999825954437256,-0.08620183914899826,-0.5070739388465881,0.8430317044258118,-0.1793700009584427,-0.017010997980833054,0.19828005135059357,0.9799977540969849
4,1648476756.0902088,-9.454367637634277,58.04887390136719,1564.297607421875,-0.12098806351423264,-0.9881755709648132,0.09418555349111557,-0.9061527252197266,0.07120846956968307,-0.41691315174102783,0.4052765667438507,-0.13578800857067108,-0.9040533900260925
410,1648476756.0902145,-35.79254913330078,-50.45167541503906,1586.0721435546875,-0.12881748378276825,0.9808138012886047,0.14632292091846466,-0.9005783200263977,-0.1774781346321106,0.3968124985694885,0.41516828536987305,-0.08065886795520782,0.9061619639396667
300,1648476756.1225362,239.16384887695312,59.02564239501953,1528.8145751953125,0.8616960644721985,0.5000923871994019,-0.08595050871372223,-0.5071307420730591,0.8429870009422302,-0.17941926419734955,-0.017271043732762337,0.1981930136680603,0.9800108075141907
4,1648476756.1225445,-9.238142967224121,58.04499053955078,1564.1561279296875,-0.11932382732629776,-0.9878153204917908,0.09991350024938583,-0.9073911309242249,0.06765294075012207,-0.4148065149784088,0.40299278497695923,-0.14015692472457886,-0.9044074416160583
410,1648476756.1225502,-36.019840240478516,-50.3594856262207,1585.791015625,-0.12947218120098114,0.9800477027893066,0.150809183716774,-0.9018670320510864,-0.17960460484027863,0.3929097652435303,0.412156343460083,-0.08513893932104111,0.9071265459060669
300,1648476756.1526906,239.16676330566406,59.02426528930664,1528.8187255859375,0.8617031574249268,0.5000690817832947,-0.08601502329111099,-0.507120668888092,0.84299236536026,-0.17942263185977936,-0.01721370220184326,0.19822904467582703,0.9800045490264893
4,1648476756.1526995,-9.40198040008545,58.042083740234375,1564.21337890625,-0.12104511260986328,-0.9880328178405762,0.09559958428144455,-0.9062697291374207,0.07070507109165192,-0.4167444407939911,0.4049977958202362,-0.13708388805389404,-0.9039827585220337
410,1648476756.1527045,-36.26994323730469,-50.27088165283203,1585.7379150390625,-0.12937520444393158,0.9794707298278809,0.15459340810775757,-0.9023675322532654,-0.18092745542526245,0.39114972949028015,0.4110899269580841,-0.08889498561620712,0.9072501063346863
300,1648476756.1826022,239.16189575195312,59.024269104003906,1528.8055419921875,0.8617218136787415,0.49991756677627563,-0.0867060050368309,-0.5071015357971191,0.8429073095321655,-0.17987586557865143,-0.01683798059821129,0.1989717036485672,0.9798605442047119
4,1648476756.182611,-9.344718933105469,58.05623245239258,1564.203857421875,-0.11992637813091278,-0.988050639629364,0.0968172624707222,-0.9067507386207581,0.06930194050073624,-0.41593310236930847,0.40425336360931396,-0.13767047226428986,-0.9042267799377441
410,1648476756.1826189,-36.5988655090332,-50.18413543701172,1585.7864990234375,-0.12956401705741882,0.9789247512817383,0.15785901248455048,-0.9019764065742493,-0.18248432874679565,0.3913285732269287,0.4118880331516266,-0.09168299287557602,0.9066104292869568
300,1648476756.212461,239.16293334960938,59.022850036621094,1528.795166015625,0.8617342710494995,0.4999108612537384,-0.08662112057209015,-0.5070792436599731,0.8429346084594727,-0.1798105537891388,-0.016873303800821304,0.19887268543243408,0.9798800945281982
4,1648476756.2124693,-9.355091094970703,58.035728454589844,1564.2860107421875,-0.12114357948303223,-0.9878643751144409,0.09720198065042496,-0.9057393670082092,0.0699404627084732,-0.41802456974983215,0.40615323185920715,-0.13868065178394318,-0.9032204747200012
410,1648476756.2124746,-36.98447799682617,-50.06871795654297,1585.9390869140625,-0.1306803971529007,0.9778490662574768,0.16350491344928741,-0.9017263054847717,-0.18577790260314941,0.3903540372848511,0.4120829105377197,-0.09642506390810013,0.9060297608375549
300,1648476756.2422945,239.16909790039062,59.02498245239258,1528.8077392578125,0.8617352843284607,0.49993467330932617,-0.08647336065769196,-0.5070701837539673,0.8429027795791626,-0.1799851804971695,-0.01709219440817833,0.19894763827323914,0.9798610806465149
4,1648476756.2423024,-9.303894996643066,58.067955017089844,1564.281005859375,-0.12134447693824768,-0.9877270460128784,0.09834018349647522,-0.9065046906471252,0.06991174072027206,-0.4163671135902405,0.4043819010257721,-0.13966968655586243,-0.9038626551628113
410,1648476756.242308,-37.50828552246094,-50.00802993774414,1586.091552734375,-0.13070271909236908,0.9765422344207764,0.17112001776695251,-0.9005590677261353,-0.1891251504421234,0.3914397358894348,0.4146205186843872,-0.10294145345687866,0.9041531085968018
300,1648476756.2747388,239.17051696777344,59.02172088623047,1528.8052978515625,0.8617350459098816,0.4999401569366455,-0.08644373714923859,-0.507078230381012,0.8430033922195435,-0.17949090898036957,-0.016862351447343826,0.19850735366344452,0.9799543023109436
4,1648476756.2747476,-9.378657341003418,58.09405517578125,1564.446533203125,-0.1215580552816391,-0.9878812432289124,0.09651079028844833,-0.9055384397506714,0.07055461406707764,-0.4183564782142639,0.4064772427082062,-0.13824883103370667,-0.9031409025192261
410,1648476756.274753,-38.04533767700195,-49.6976432800293,1586.5333251953125,-0.1324996054172516,0.9749140739440918,0.17884746193885803,-0.9007657170295715,-0.19372953474521637,0.38870298862457275,0.41360005736351013,-0.10959666967391968,0.9038382172584534
300,1648476756.3043249,239.16366577148438,59.022701263427734,1528.7979736328125,0.8617181181907654,0.5000081658363342,-0.08621931076049805,-0.5070978403091431,0.8429614901542664,-0.17963212728500366,-0.01713797263801098,0.19851388037204742,0.9799482226371765
4,1648476756.3043325,-9.432923316955566,58.09617614746094,1564.4605712890625,-0.12078575044870377,-0.9882031679153442,0.09415603429079056,-0.9050177335739136,0.07065151631832123,-0.41946542263031006,0.4078647792339325,-0.135878324508667,-0.9028750658035278
410,1648476756.3043382,-38.610626220703125,-49.607852935791016,1586.94677734375,-0.13239972293376923,0.9735812544822693,0.1860373467206955,-0.8995729088783264,-0.1968396157026291,0.38990098237991333,0.4162197709083557,-0.1157313659787178,0.9018688201904297
300,1648476756.3344567,239.16429138183594,59.02546691894531,1528.785888671875,0.8617092370986938,0.4999353587627411,-0.08672863245010376,-0.5071243643760681,0.842904806137085,-0.17982318997383118,-0.016795985400676727,0.19893750548362732,0.9798682332038879
4,1648476756.3344655,-9.518153190612793,58.111854553222656,1564.6085205078125,-0.12253472954034805,-0.9880020618438721,0.09400609135627747,-0.9041711091995239,0.07207626104354858,-0.42104580998420715,0.40921851992607117,-0.13659033179283142,-0.902154803276062
410,1648476756.3344712,-39.14120101928711,-49.42026138305664,1587.3016357421875,-0.13381333649158478,0.9719628095626831,0.1933450549840927,-0.8985650539398193,-0.20127978920936584,0.38995811343193054,0.41794124245643616,-0.1215515062212944,0.9003056883811951
300,1648476756.365292,239.16651916503906,59.02634048461914,1528.8040771484375,0.8617314696311951,0.500007152557373,-0.0860917791724205,-0.5070677399635315,0.8429335355758667,-0.17984801530838013,-0.01735563948750496,0.1986350566148758,0.9799198508262634
4,1648476756.3653007,-9.591277122497559,58.1582145690918,1564.6024169921875,-0.12215019017457962,-0.9882181286811829,0.09221837669610977,-0.9045570492744446,0.07260396331548691,-0.42012521624565125,0.4084799289703369,-0.13473515212535858,-0.9027683138847351
410,1648476756.36531,-39.82208251953125,-49.27328872680664,1587.6539306640625,-0.13374805450439453,0.9702195525169373,0.2019542008638382,-0.8978961110115051,-0.204879492521286,0.38962411880493164,0.4193972051143646,-0.12922243773937225,0.8985586166381836
300,1648476756.3942041,239.1717987060547,59.02935028076172,1528.797119140625,0.8617023229598999,0.5000140070915222,-0.08634280413389206,-0.5071186423301697,0.8428346514701843,-0.18016792833805084,-0.01731378212571144,0.19903716444969177,0.9798389673233032
4,1648476756.3942137,-9.670918464660645,58.18614959716797,1564.7069091796875,-0.12258722633123398,-0.9882494807243347,0.09129805862903595,-0.9041998982429504,0.07328862696886063,-0.4207746386528015,0.4091392159461975,-0.13413329422473907,-0.9025593400001526
410,1648476756.3942199,-40.420372009277344,-49.007904052734375,1587.9356689453125,-0.13503064215183258,0.9682249426841736,0.21049271523952484,-0.8976097702980042,-0.2094958871603012,0.3878249228000641,0.41959911584854126,-0.13657206296920776,0.897376537322998
300,1648476756.4263597,239.16567993164062,59.02598190307617,1528.7958984375,0.8616859316825867,0.49999138712882996,-0.0866367518901825,-0.5071641206741333,0.8429206013679504,-0.1796369105577469,-0.01678900606930256,0.19872964918613434,0.9799105525016785
4,1648476756.4263675,-9.869237899780273,58.2076530456543,1564.748291015625,-0.12392552196979523,-0.9884427785873413,0.08731149882078171,-0.9032032489776611,0.07592310756444931,-0.42244476079940796,0.4109335243701935,-0.13121171295642853,-0.9021735787391663
410,1648476756.426373,-41.19268798828125,-48.90141677856445,1588.1993408203125,-0.1357438862323761,0.9662020206451416,0.21915112435817719,-0.8967319130897522,-0.21386843919754028,0.38746893405914307,0.42124277353286743,-0.14392326772212982,0.895455539226532
300,1648476756.4562948,239.16554260253906,59.0280647277832,1528.8096923828125,0.8617169260978699,0.5000717043876648,-0.08586149662733078,-0.5070902109146118,0.8429790139198303,-0.1795714944601059,-0.017419183626770973,0.19827932119369507,0.9799907803535461
4,1648476756.4563026,-10.061909675598145,58.25420379638672,1564.855712890625,-0.12590128183364868,-0.9884390830993652,0.0844813659787178,-0.9024633765220642,0.07875334471464157,-0.42350655794143677,0.4119572341442108,-0.12956134974956512,-0.901945173740387
410,1648476756.4563076,-41.79072570800781,-48.633724212646484,1588.4970703125,-0.13727590441703796,0.9641416072845459,0.2271261215209961,-0.896309494972229,-0.2185140699148178,0.3858508765697479,0.4216451346874237,-0.15060727298259735,0.8941659927368164
300,1648476756.4869368,239.1687774658203,59.02942657470703,1528.80224609375,0.8617079257965088,0.49997028708457947,-0.08654002845287323,-0.5071154832839966,0.8428418040275574,-0.18014323711395264,-0.017126716673374176,0.19911664724349976,0.9798261523246765
4,1648476756.4869483,-10.23813247680664,58.312923431396484,1564.8472900390625,-0.12670525908470154,-0.9885791540145874,0.0815906673669815,-0.9029748439788818,0.08090372383594513,-0.4220082759857178,0.4105875790119171,-0.12714499235153198,-0.9029130339622498
410,1648476756.4869542,-42.25772476196289,-48.56596374511719,1588.7529296875,-0.13716483116149902,0.9629921317100525,0.23201720416545868,-0.8951730728149414,-0.2207920253276825,0.3871898949146271,0.42408838868141174,-0.15458673238754272,0.8923295140266418
300,1648476756.515996,239.172119140625,59.029823303222656,1528.8070068359375,0.8617239594459534,0.4999247193336487,-0.08664324134588242,-0.5070953965187073,0.8429023027420044,-0.17991669476032257,-0.016913019120693207,0.19897492229938507,0.9798586368560791
4,1648476756.5160043,-10.3142671585083,58.343994140625,1564.8782958984375,-0.12695574760437012,-0.9886747002601624,0.08002881705760956,-0.902184784412384,0.08156362175941467,-0.42356812953948975,0.41224366426467896,-0.12597519159317017,-0.9023222327232361
410,1648476756.5160103,-42.660560607910156,-48.33256912231445,1588.9576416015625,-0.13873004913330078,0.9616886973381042,0.2364504486322403,-0.8949348330497742,-0.223983034491539,0.38590574264526367,0.42408210039138794,-0.15807102620601654,0.8917219042778015
300,1648476756.548894,239.16738891601562,59.02690124511719,1528.8084716796875,0.8617160320281982,0.49995654821395874,-0.08653842657804489,-0.5071121454238892,0.8429718017578125,-0.17954346537590027,-0.01681448146700859,0.198600172996521,0.9799363613128662
4,1648476756.5489018,-10.527030944824219,58.38685607910156,1564.9268798828125,-0.12799732387065887,-0.9889093041419983,0.07533269375562668,-0.9012036919593811,0.08426028490066528,-0.42512595653533936,0.4140634834766388,-0.12230508774518967,-0.9019938707351685
410,1648476756.5489066,-43.125457763671875,-48.24250030517578,1589.0533447265625,-0.13950347900390625,0.960856020450592,0.2393626570701599,-0.8942354917526245,-0.2260666936635971,0.3863116502761841,0.42530179023742676,-0.16015475988388062,0.8907686471939087
300,1648476756.5785954,239.1689910888672,59.027530670166016,1528.788818359375,0.8617190718650818,0.49990326166152954,-0.08681550621986389,-0.507118284702301,0.8430095911026001,-0.1793484389781952,-0.016470564529299736,0.19857369363307953,0.979947566986084
4,1648476756.5786107,-10.713353157043457,58.45246124267578,1564.97412109375,-0.1300736367702484,-0.988783597946167,0.07340234518051147,-0.9006399512290955,0.08686952292919159,-0.42579492926597595,0.4146426022052765,-0.12149377912282944,-0.9018374085426331
410,1648476756.5786164,-43.40907669067383,-48.00760269165039,1589.120849609375,-0.1412990838289261,0.9602047204971313,0.24091807007789612,-0.8946322798728943,-0.2280517965555191,0.38422057032585144,0.4238722026348114,-0.16124306619167328,0.891253650188446
300,1648476756.6079857,239.1705322265625,59.02778244018555,1528.7757568359375,0.8617069721221924,0.4998595118522644,-0.08718717098236084,-0.5071454048156738,0.8429449796676636,-0.17957542836666107,-0.016268502920866013,0.19895797967910767,0.97987300157547
4,1648476756.6079931,-10.825258255004883,58.53608703613281,1564.9847412109375,-0.13207921385765076,-0.9885489344596863,0.07298005372285843,-0.9005391597747803,0.08890102058649063,-0.42558884620666504,0.4142273962497711,-0.12193284183740616,-0.9019689559936523
410,1648476756.6079984,-43.50788497924805,-48.023685455322266,1589.05029296875,-0.14112147688865662,0.9601155519485474,0.24137699604034424,-0.8941001296043396,-0.22828857600688934,0.3853171169757843,0.42505255341529846,-0.1614386886358261,0.8906558752059937
300,1648476756.6379106,239.1715545654297,59.02916717529297,1528.7835693359375,0.8617437481880188,0.4998611807823181,-0.08681287616491318,-0.5070769786834717,0.8430399298667908,-0.17932257056236267,-0.016449671238660812,0.19855092465877533,0.9799525141716003
4,1648476756.6379182,-10.70453929901123,58.651588439941406,1564.910400390625,-0.1322469413280487,-0.988378643989563,0.07495599240064621,-0.9003314971923828,0.08814533799886703,-0.4261849820613861,0.4146251082420349,-0.12384690344333649,-0.9015253782272339
410,1648476756.6379232,-43.55973815917969,-47.876983642578125,1588.8978271484375,-0.141917422413826,0.9596930742263794,0.24258729815483093,-0.8949329257011414,-0.22912375628948212,0.3828803598880768,0.42303016781806946,-0.16276195645332336,0.8913775682449341
300,1648476756.6678665,239.1757354736328,59.031700134277344,1528.7708740234375,0.8617125153541565,0.49992138147354126,-0.08677636831998825,-0.5071179866790771,0.8428812623023987,-0.17995141446590424,-0.01681937836110592,0.1990722417831421,0.9798404574394226
4,1648476756.667875,-10.660746574401855,58.78999328613281,1564.8916015625,-0.1342415064573288,-0.988152027130127,0.07439625263214111,-0.8993771076202393,0.0899718627333641,-0.4278152585029602,0.4160529375076294,-0.12434085458517075,-0.9007992744445801
410,1648476756.6678798,-43.660194396972656,-47.80839920043945,1588.6962890625,-0.14149928092956543,0.9595546722412109,0.2433778941631317,-0.8949906229972839,-0.2290654331445694,0.3827803432941437,0.42304810881614685,-0.1636577993631363,0.8912050127983093
300,1648476756.6983428,239.1761932373047,59.03252029418945,1528.792236328125,0.861743688583374,0.4999701976776123,-0.0861833244562149,-0.5070530772209167,0.8429824113845825,-0.179660364985466,-0.017173802480101585,0.1985207051038742,0.9799461960792542
4,1648476756.6983528,-10.561463356018066,58.99358367919922,1564.7999267578125,-0.1345302164554596,-0.9880841970443726,0.07477438449859619,-0.8999922871589661,0.09026359021663666,-0.4264579713344574,0.41462698578834534,-0.12466785311698914,-0.9014113545417786
410,1648476756.698358,-43.62567901611328,-47.62262725830078,1588.5439453125,-0.1426224559545517,0.9595773220062256,0.24263188242912292,-0.8959011435508728,-0.22936035692691803,0.3804667890071869,0.42073744535446167,-0.16311107575893402,0.8923983573913574
300,1648476756.7302268,239.1802520751953,59.03281784057617,1528.7691650390625,0.8617045283317566,0.49997302889823914,-0.08655762672424316,-0.5071311593055725,0.8429489135742188,-0.1795971393585205,-0.016830066218972206,0.19865573942661285,0.9799247980117798
4,1648476756.7302353,-10.601594924926758,59.009315490722656,1564.770751953125,-0.13506020605564117,-0.9880818128585815,0.07384476810693741,-0.8993735909461975,0.09097710251808167,-0.42760998010635376,0.4157954454421997,-0.12416712194681168,-0.9009420871734619
410,1648476756.730241,-43.585906982421875,-47.63349151611328,1588.42822265625,-0.14189444482326508,0.9596983790397644,0.24257978796958923,-0.8955733180046082,-0.22885438799858093,0.38154172897338867,0.42168042063713074,-0.16310933232307434,0.8919534683227539
300,1648476756.7616677,239.17884826660156,59.033546447753906,1528.7666015625,0.8617297410964966,0.49982234835624695,-0.08717472851276398,-0.507101833820343,0.8429105281829834,-0.1798597127199173,-0.016417404636740685,0.1991969347000122,0.9798219203948975
4,1648476756.7616763,-10.66711711883545,59.05147933959961,1564.7550048828125,-0.1352398693561554,-0.98813796043396,0.07275644689798355,-0.8997012972831726,0.09171367436647415,-0.42676249146461487,0.4150274693965912,-0.12317437678575516,-0.9014323353767395
410,1648476756.7616813,-43.54496383666992,-47.51815414428711,1588.414306640625,-0.14248120784759521,0.9597415924072266,0.24206452071666718,-0.8959560990333557,-0.22899530827999115,0.38055720925331116,0.42066818475723267,-0.16265694797039032,0.8925138711929321
300,1648476756.7900953,239.1822052001953,59.02935791015625,1528.79296875,0.8617427945137024,0.49996110796928406,-0.08624554425477982,-0.5070512294769287,0.8429195880889893,-0.17996010184288025,-0.017274994403123856,0.19881023466587067,0.9798857569694519
4,1648476756.790104,-10.725935935974121,59.095157623291016,1564.7105712890625,-0.1363568753004074,-0.9881158471107483,0.07094982266426086,-0.8994623422622681,0.09347131103277206,-0.4268847405910492,0.4151797890663147,-0.12202536314725876,-0.9015184640884399
410,1648476756.7901108,-43.527679443359375,-47.5927619934082,1588.25732421875,-0.14228273928165436,0.9603075981140137,0.23992693424224854,-0.895434558391571,-0.22817902266979218,0.3822712004184723,0.4218442440032959,-0.16044826805591583,0.8923585414886475
300,1648476756.8224137,239.18927001953125,59.03774642944336,1528.7767333984375,0.8617235422134399,0.49987977743148804,-0.08690622448921204,-0.5071033239364624,0.8428928852081299,-0.17993846535682678,-0.016694962978363037,0.19912764430046082,0.979831337928772
4,1648476756.822422,-10.7335786819458,59.107173919677734,1564.6041259765625,-0.13689593970775604,-0.9880236983299255,0.07119479030370712,-0.899314284324646,0.09382756799459457,-0.4271185100078583,0.4153231680393219,-0.12249727547168732,-0.90138840675354
410,1648476756.8224277,-43.626182556152344,-47.453861236572266,1588.09326171875,-0.1438918262720108,0.9599618911743164,0.24035044014453888,-0.896633505821228,-0.2292434722185135,0.3788084387779236,0.4187404215335846,-0.16099882125854492,0.8937202095985413
300,1648476756.8525233,239.185302734375,59.034400939941406,1528.8194580078125,0.8617305159568787,0.4999229907989502,-0.08658827841281891,-0.5070822238922119,0.8429031372070312,-0.1799498200416565,-0.01697552017867565,0.19897562265396118,0.9798573851585388
4,1648476756.852531,-10.867035865783691,59.14016342163086,1564.616943359375,-0.1378854662179947,-0.9880008101463318,0.0695844292640686,-0.8996006846427917,0.09553581476211548,-0.42613551020622253,0.4143744111061096,-0.12135609239339828,-0.9019792079925537
