300,1648477270.2974746,238.91879272460938,59.00407028198242,1529.140625,0.8610836863517761,0.5006802082061768,-0.0886242687702179,-0.5082663893699646,0.8427238464355469,-0.177431121468544,-0.014150464907288551,0.1978277713060379,0.9801346659660339
4,1648477270.2974827,59.37288284301758,67.98194122314453,1619.910888671875,-0.09953390061855316,-0.9926209449768066,-0.06925775855779648,-0.7390189170837402,0.12035282701253891,-0.662847101688385,0.6662912964820862,-0.014792967587709427,-0.7455448508262634
410,1648477270.2974875,16.1082820892334,-20.965787887573242,1682.37158203125,-0.07554356008768082,0.8017778396606445,0.5928283333778381,-0.7409659028053284,-0.4429902732372284,0.5047069787979126,0.6672800779342651,-0.40113821625709534,0.6275551319122314
300,1648477270.326407,238.9111328125,59.004234313964844,1529.164306640625,0.8610512614250183,0.5008049607276917,-0.08823315799236298,-0.5083167552947998,0.8427727222442627,-0.17705418169498444,-0.014309111982584,0.19730313122272491,0.9802380800247192
4,1648477270.3264139,59.35903549194336,67.99715423583984,1619.9471435546875,-0.09945129603147507,-0.9926161170005798,-0.0694456547498703,-0.7386102080345154,0.1204076036810875,-0.6632925271987915,0.6667566299438477,-0.01467204000800848,-0.7451310753822327
410,1648477270.3264189,16.011032104492188,-20.896852493286133,1682.3414306640625,-0.07462241500616074,0.801215648651123,0.5937044620513916,-0.7416302561759949,-0.4425960183143616,0.5040767192840576,0.6666454076766968,-0.4026937782764435,0.6272333264350891
300,1648477270.357928,238.92477416992188,59.005828857421875,1529.1351318359375,0.8610438108444214,0.5007752776145935,-0.08847447484731674,-0.5083339214324951,0.8427431583404541,-0.17714554071426392,-0.014148848131299019,0.1975046545267105,0.9801998138427734
4,1648477270.3579364,59.34821319580078,68.01929473876953,1619.9881591796875,-0.09930630773305893,-0.9926095604896545,-0.06974649429321289,-0.7385831475257874,0.12049977481365204,-0.663305938243866,0.6668082475662231,-0.01435687392950058,-0.7450910210609436
410,1648477270.3579412,15.979307174682617,-20.765422821044922,1682.3402099609375,-0.07585961371660233,0.8006256818771362,0.5943431854248047,-0.7422399520874023,-0.4433610141277313,0.5025045871734619,0.665826678276062,-0.40302544832229614,0.6278895735740662
300,1648477270.3871026,238.92684936523438,59.00177764892578,1529.16259765625,0.8610377311706543,0.5008553266525269,-0.08807960152626038,-0.508336067199707,0.842764675617218,-0.17703701555728912,-0.014439556747674942,0.19720958173274994,0.9802550077438354
4,1648477270.3871334,59.307247161865234,67.98805236816406,1619.9208984375,-0.09961152821779251,-0.9925073385238647,-0.0707583799958229,-0.7386028170585632,0.12140422314405441,-0.6631190776824951,0.6667409539222717,-0.013791965320706367,-0.7451619505882263
410,1648477270.3871472,15.977849960327148,-20.878570556640625,1682.27197265625,-0.07583042234182358,0.8011473417282104,0.5936436057090759,-0.7419425845146179,-0.4430842697620392,0.503187358379364,0.6661613583564758,-0.40229254961013794,0.6280045509338379
300,1648477270.4161613,238.9198760986328,59.00483703613281,1529.1417236328125,0.8610573410987854,0.5007209181785583,-0.08864977955818176,-0.5083131194114685,0.8427229523658752,-0.17730149626731873,-0.014071363024413586,0.19772860407829285,0.9801558256149292
4,1648477270.4161727,59.28574752807617,67.9803466796875,1619.8614501953125,-0.09986814856529236,-0.9924217462539673,-0.0715922936797142,-0.7393463850021362,0.12216777354478836,-0.6621494889259338,0.6658778190612793,-0.013196141459047794,-0.745944082736969
410,1648477270.4161792,15.92187213897705,-20.885374069213867,1682.2681884765625,-0.0771782323718071,0.8002246022224426,0.5947134494781494,-0.7420573234558105,-0.4444839656352997,0.5017817616462708,0.6658787131309509,-0.40258482098579407,0.628117024898529
300,1648477270.4494865,238.91299438476562,59.00700378417969,1529.143798828125,0.8610557913780212,0.500775158405304,-0.08835811167955399,-0.508316159248352,0.8428305387496948,-0.17678053677082062,-0.014056391082704067,0.19713176786899567,0.9802762269973755
4,1648477270.4494958,59.26485061645508,68.01229858398438,1619.9254150390625,-0.10047850012779236,-0.9923181533813477,-0.07217172533273697,-0.7388429641723633,0.1230005994439125,-0.6625571250915527,0.6663446426391602,-0.013249177485704422,-0.7455261945724487
410,1648477270.4495015,15.797121047973633,-20.774194717407227,1682.177490234375,-0.07710610330104828,0.7996078729629517,0.5955517888069153,-0.7429684996604919,-0.44441431760787964,0.5004934668540955,0.6648702621459961,-0.4038851261138916,0.6283504962921143
300,1648477270.4803717,238.92587280273438,59.00679016113281,1529.1566162109375,0.8610622882843018,0.5007556676864624,-0.08840524405241013,-0.5083091259002686,0.8428755402565002,-0.17658603191375732,-0.013911833986639977,0.1969887763261795,0.9803070425987244
4,1648477270.4803958,59.332584381103516,68.00862121582031,1619.92724609375,-0.09937869012355804,-0.9924755096435547,-0.07152758538722992,-0.739220917224884,0.12175634503364563,-0.6623653769493103,0.6660903692245483,-0.01295031700283289,-0.7457586526870728
410,1648477270.480413,15.771203994750977,-20.694597244262695,1682.097412109375,-0.07812738418579102,0.7992763519287109,0.5958635807037354,-0.7433331608772278,-0.4449918270111084,0.4994378089904785,0.6643432378768921,-0.40390536189079285,0.6288946866989136
300,1648477270.5104456,238.93637084960938,59.00614547729492,1529.1402587890625,0.8610454797744751,0.5007275938987732,-0.08872760087251663,-0.5083304643630981,0.8426461219787598,-0.17761656641960144,-0.014171545393764973,0.19803887605667114,0.9800916910171509
4,1648477270.5104556,59.32795333862305,67.9969482421875,1619.88330078125,-0.09933275729417801,-0.9924779534339905,-0.07155741751194,-0.7394219636917114,0.12174583226442337,-0.662142813205719,0.6658740043640137,-0.012861342169344425,-0.745953381061554
410,1648477270.5104625,15.781012535095215,-20.768142700195312,1682.1009521484375,-0.07736800611019135,0.7993382215499878,0.5958796739578247,-0.7431390285491943,-0.44467076659202576,0.5000122785568237,0.6646491885185242,-0.4041365087032318,0.628422737121582
300,1648477270.5384028,238.92526245117188,59.008575439453125,1529.163330078125,0.8610547184944153,0.5007152557373047,-0.08870743215084076,-0.5083129405975342,0.842634916305542,-0.17771992087364197,-0.014239102602005005,0.1981177031993866,0.9800748229026794
4,1648477270.5384107,59.23395919799805,67.99987030029297,1619.8931884765625,-0.0995345413684845,-0.9923780560493469,-0.07265450060367584,-0.7389859557151794,0.12262052297592163,-0.6624680757522583,0.666327714920044,-0.012247802689671516,-0.7455583810806274
410,1648477270.5384166,15.826188087463379,-20.76072883605957,1682.164794921875,-0.07843296229839325,0.7993825078010559,0.5956810116767883,-0.7422018051147461,-0.4457446038722992,0.5004479885101318,0.6655709743499756,-0.40286388993263245,0.6282642483711243
300,1648477270.5678995,238.91415405273438,59.009544372558594,1529.134521484375,0.8610508441925049,0.5006643533706665,-0.08903145045042038,-0.5083255171775818,0.8426015377044678,-0.17784222960472107,-0.014021237380802631,0.19838815927505493,0.980023205280304
4,1648477270.5679085,59.19554901123047,68.04151916503906,1619.942138671875,-0.10018155723810196,-0.992205023765564,-0.074113629758358,-0.7386268377304077,0.12407149374485016,-0.6625984311103821,0.666628897190094,-0.011637824587523937,-0.7452989220619202
410,1648477270.5679138,15.80268383026123,-20.607397079467773,1682.1434326171875,-0.07815548777580261,0.799801230430603,0.5951551795005798,-0.7426130175590515,-0.4450024962425232,0.5004984140396118,0.6651448011398315,-0.4028533101081848,0.6287221908569336
300,1648477270.5983984,238.9273223876953,59.007877349853516,1529.14697265625,0.8610594868659973,0.5007906556129456,-0.08823437243700027,-0.5083062052726746,0.842825174331665,-0.1768348217010498,-0.01419107522815466,0.19711537659168243,0.9802775979042053
4,1648477270.5984066,59.22653579711914,68.02577209472656,1619.90087890625,-0.09983844310045242,-0.9922969937324524,-0.07334132492542267,-0.7390185594558716,0.12330657243728638,-0.6623043417930603,0.6662460565567017,-0.011922832578420639,-0.7456366419792175
410,1648477270.5984123,15.62629508972168,-20.549827575683594,1682.2008056640625,-0.07788211852312088,0.7978484630584717,0.5978061556816101,-0.7428313493728638,-0.44636672735214233,0.49895724654197693,0.6649330258369446,-0.40520933270454407,0.6274308562278748
300,1648477270.6317537,238.93724060058594,59.00701141357422,1529.1513671875,0.861034631729126,0.5008463263511658,-0.08816047757863998,-0.5083459615707397,0.8427985310554504,-0.17684723436832428,-0.014271769672632217,0.1970876306295395,0.9802820086479187
4,1648477270.6317732,59.224342346191406,68.04252624511719,1619.927001953125,-0.09957996755838394,-0.9923384785652161,-0.07313099503517151,-0.7392405867576599,0.12297707796096802,-0.6621177792549133,0.6660383939743042,-0.011872269213199615,-0.7458229660987854
410,1648477270.6317868,15.629122734069824,-20.573057174682617,1682.2230224609375,-0.07734836637973785,0.7978638410568237,0.5978549122810364,-0.7424896955490112,-0.4462904632091522,0.49953365325927734,0.6653767824172974,-0.4052630364894867,0.626925528049469
300,1648477270.6698022,238.91970825195312,59.00949478149414,1529.1396484375,0.8610647320747375,0.5007651448249817,-0.08832769840955734,-0.5082905292510986,0.842703104019165,-0.17746038734912872,-0.014431954361498356,0.19770100712776184,0.9801561236381531
4,1648477270.669823,59.19099044799805,68.04100799560547,1619.9273681640625,-0.10035685449838638,-0.9922289848327637,-0.07355368137359619,-0.7390123009681702,0.12383545935153961,-0.6622126698493958,0.666175127029419,-0.012100501917302608,-0.7456971406936646
410,1648477270.6698363,15.611808776855469,-20.566789627075195,1682.214599609375,-0.07679708302021027,0.7975288033485413,0.5983728170394897,-0.7416431307792664,-0.44680532813072205,0.5003303289413452,0.6663840413093567,-0.40535518527030945,0.6257950663566589
300,1648477270.693824,238.91619873046875,59.01054382324219,1529.1551513671875,0.8610438108444214,0.500773012638092,-0.08848725259304047,-0.508333146572113,0.8427274823188782,-0.1772225946187973,-0.014177652075886726,0.19757741689682007,0.9801847338676453
4,1648477270.6938324,59.173553466796875,68.03868865966797,1619.943603515625,-0.09993714839220047,-0.9922634363174438,-0.07366053014993668,-0.7386072278022766,0.12358607351779938,-0.6627110242843628,0.6666873097419739,-0.011823252774775028,-0.7452437281608582
410,1648477270.6938381,15.580930709838867,-20.514320373535156,1682.240478515625,-0.0760626271367073,0.7975542545318604,0.5984326601028442,-0.7420903444290161,-0.4461377263069153,0.500262975692749,0.6659702658653259,-0.4060397744178772,0.6257917284965515
300,1648477270.7219353,238.9295196533203,59.008968353271484,1529.1328125,0.8610420227050781,0.5007273554801941,-0.08876225352287292,-0.5083495378494263,0.8428190350532532,-0.1767393797636032,-0.013687717728316784,0.19730228185653687,0.9802471399307251
4,1648477270.7219436,59.138648986816406,68.03401947021484,1619.9044189453125,-0.09963078796863556,-0.9921939969062805,-0.07499850541353226,-0.7385264039039612,0.12424963712692261,-0.662676990032196,0.6668226718902588,-0.010634656064212322,-0.745140552520752
410,1648477270.721949,15.518594741821289,-20.404937744140625,1682.2232666015625,-0.07849714159965515,0.7968048453330994,0.5991162061691284,-0.742317795753479,-0.4478616416454315,0.498381644487381,0.6654340624809265,-0.4056130647659302,0.6266382932662964
300,1648477270.752471,238.93797302246094,59.011741638183594,1529.133056640625,0.8610529899597168,0.5006625652313232,-0.089021235704422,-0.5083290338516235,0.8427081108093262,-0.17732644081115723,-0.013761792331933975,0.19793953001499176,0.9801176190376282
4,1648477270.752481,59.1424674987793,68.04705047607422,1619.9285888671875,-0.10033030807971954,-0.9921703338623047,-0.0743766725063324,-0.7387288808822632,0.12435997277498245,-0.6624305248260498,0.6664934158325195,-0.011517662554979324,-0.7454219460487366
410,1648477270.7524889,15.513762474060059,-20.403215408325195,1682.2171630859375,-0.07836193591356277,0.7964666485786438,0.5995834469795227,-0.7427247762680054,-0.4478257894515991,0.49780717492103577,0.6649957299232483,-0.406316339969635,0.6266480088233948
300,1648477270.7820706,238.92958068847656,59.01171875,1529.1539306640625,0.8610498309135437,0.5007624626159668,-0.08848773688077927,-0.5083264708518982,0.8427830934524536,-0.1769769787788391,-0.014047463424503803,0.19736666977405548,0.9802290797233582
4,1648477270.78208,59.12131881713867,68.04753112792969,1619.91357421875,-0.10079777985811234,-0.9921205043792725,-0.07440919429063797,-0.7391905784606934,0.12473893165588379,-0.66184401512146,0.6659107208251953,-0.011709827929735184,-0.7459395527839661
410,1648477270.7820857,15.386004447937012,-20.353551864624023,1682.154541015625,-0.07916570454835892,0.7957408428192139,0.6004409193992615,-0.7429767847061157,-0.44868046045303345,0.4966602027416229,0.6646189093589783,-0.4067952036857605,0.6267370581626892
300,1648477270.812198,238.9156036376953,59.012725830078125,1529.1488037109375,0.8610487580299377,0.5007541179656982,-0.08854600787162781,-0.5083251595497131,0.8427160382270813,-0.17729991674423218,-0.014164529740810394,0.19767403602600098,0.9801654815673828
4,1648477270.8122058,59.07537078857422,68.04017639160156,1619.88818359375,-0.10056326538324356,-0.992145299911499,-0.07439568638801575,-0.7390056252479553,0.1245514526963234,-0.662085771560669,0.6661514043807983,-0.011602676473557949,-0.7457262873649597
410,1648477270.8122115,15.27000617980957,-20.371347427368164,1682.039794921875,-0.07789226621389389,0.7952626943588257,0.6012404561042786,-0.7437502145767212,-0.4479551911354065,0.4961570203304291,0.6639039516448975,-0.40852591395378113,0.6263689994812012
300,1648477270.841964,238.9292449951172,59.00981140136719,1529.1396484375,0.8610715866088867,0.5006452798843384,-0.08893834054470062,-0.508293628692627,0.8426983952522278,-0.17747391760349274,-0.013903286308050156,0.19802454113960266,0.9800984263420105
4,1648477270.8419719,59.040828704833984,68.00020599365234,1619.8135986328125,-0.10124441981315613,-0.9920607209205627,-0.07459916919469833,-0.7385976314544678,0.12518882751464844,-0.6624208092689514,0.6665006279945374,-0.011967635713517666,-0.7454083561897278
410,1648477270.8419776,15.121158599853516,-20.385141372680664,1681.9443359375,-0.0789908915758133,0.7938438057899475,0.6029697060585022,-0.7443259954452515,-0.4493239223957062,0.49405139684677124,0.6631283760070801,-0.40978050231933594,0.6263710856437683
300,1648477270.873984,238.9381866455078,59.01103591918945,1529.1417236328125,0.8610597252845764,0.500792920589447,-0.08821909874677658,-0.5083053708076477,0.8428246974945068,-0.17683954536914825,-0.014206761494278908,0.19711165130138397,0.9802781343460083
4,1648477270.8739924,58.9958610534668,68.02637481689453,1619.805908203125,-0.10120084881782532,-0.9919853806495667,-0.0756530910730362,-0.739646852016449,0.12587739527225494,-0.6611183285713196,0.6653427481651306,-0.010949162766337395,-0.7464577555656433
410,1648477270.8739984,15.173605918884277,-20.44127655029297,1681.80078125,-0.07889340817928314,0.7944788932800293,0.6021454334259033,-0.7447687983512878,-0.44848009943962097,0.4941507875919342,0.6626425981521606,-0.40947389602661133,0.627085268497467
300,1648477270.9041474,238.93490600585938,59.01234436035156,1529.15771484375,0.8610879182815552,0.5007771253585815,-0.08803357183933258,-0.5082446336746216,0.84273761510849,-0.17742787301540375,-0.014662611298263073,0.1975235790014267,0.9801884889602661
4,1648477270.9041564,58.9560661315918,68.0234603881836,1619.758056640625,-0.1021910011768341,-0.9918886423110962,-0.07559071481227875,-0.740245521068573,0.1265867054462433,-0.660312294960022,0.664525032043457,-0.011522293090820312,-0.7471771240234375
410,1648477270.904162,15.104120254516602,-20.446495056152344,1681.7237548828125,-0.07911252975463867,0.7936758399009705,0.6031748652458191,-0.7454155683517456,-0.4488483667373657,0.4928394854068756,0.661888837814331,-0.4106261432170868,0.6271278262138367
300,1648477270.9338624,238.92320251464844,59.01393127441406,1529.130615234375,0.8610905408859253,0.5006452202796936,-0.08875516057014465,-0.508255660533905,0.8426968455314636,-0.17758986353874207,-0.014115815982222557,0.1980312615633011,0.9800940752029419
4,1648477270.9338708,58.93946838378906,67.99044036865234,1619.7137451171875,-0.10181896388530731,-0.9919048547744751,-0.07587911188602448,-0.7400042414665222,0.12649621069431305,-0.6606000065803528,0.6648508310317993,-0.01111074723303318,-0.7468935251235962
410,1648477270.9338763,14.963769912719727,-20.427675247192383,1681.6221923828125,-0.07944497466087341,0.7926406264305115,0.6044909358024597,-0.7459973692893982,-0.4494987428188324,0.4913642108440399,0.6611931324005127,-0.4119122624397278,0.6270182728767395
300,1648477270.9647133,238.9369659423828,59.01468276977539,1529.1444091796875,0.8610543608665466,0.5007649660110474,-0.08842960000038147,-0.5083131790161133,0.8427289128303528,-0.17727303504943848,-0.014249948784708977,0.1975916475057602,0.9801808595657349
4,1648477270.9647212,58.877647399902344,67.96749877929688,1619.6490478515625,-0.10202484577894211,-0.9918440580368042,-0.0763959288597107,-0.7399842143058777,0.12699410319328308,-0.6605269312858582,0.6648415327072144,-0.010858374647796154,-0.746905505657196
410,1648477270.9647262,14.694952011108398,-20.400489807128906,1681.4906005859375,-0.07965806871652603,0.7914139628410339,0.6060680747032166,-0.7459137439727783,-0.4506535828113556,0.4904325008392334,0.6612619161605835,-0.41300758719444275,0.6262247562408447
300,1648477270.9939852,238.93954467773438,59.015098571777344,1529.149169921875,0.8610244393348694,0.500867486000061,-0.08813990652561188,-0.5083550810813904,0.8426848649978638,-0.17736217379570007,-0.01456078328192234,0.19751954078674316,0.9801908135414124
4,1648477270.993994,58.84685516357422,67.98136138916016,1619.678955078125,-0.10233493149280548,-0.9917991161346436,-0.07656428217887878,-0.739844799041748,0.12733592092990875,-0.6606173515319824,0.6649490594863892,-0.01095854863524437,-0.7468082904815674
410,1648477270.993999,14.75624942779541,-20.421478271484375,1681.4541015625,-0.08054254949092865,0.7922490239143372,0.604858934879303,-0.7462266683578491,-0.4502289295196533,0.49034643173217773,0.6608014702796936,-0.411868155002594,0.6274599432945251
300,1648477271.0264807,238.93505859375,59.01314926147461,1529.141845703125,0.8610842823982239,0.5007609128952026,-0.08816073089838028,-0.5082609057426453,0.8428279757499695,-0.1769515573978424,-0.01430609542876482,0.19717885553836823,0.9802631735801697
4,1648477271.0264924,58.81099319458008,67.998779296875,1619.6575927734375,-0.10321584343910217,-0.9916795492172241,-0.07692946493625641,-0.7407810091972351,0.12825393676757812,-0.6593894362449646,0.663769543170929,-0.011071547865867615,-0.7478552460670471
410,1648477271.0264993,14.73166561126709,-20.44080924987793,1681.4423828125,-0.08043625950813293,0.7924932837486267,0.6045531034469604,-0.7458152174949646,-0.4502332806587219,0.4909680485725403,0.6612787842750549,-0.41139328479766846,0.6272686123847961
300,1648477271.0583088,238.92344665527344,59.0152473449707,1529.1319580078125,0.8610488176345825,0.5007876753807068,-0.0883551612496376,-0.508327066898346,0.8428125977516174,-0.17683471739292145,-0.014089804142713547,0.19717665016651154,0.9802667498588562
4,1648477271.058318,58.905517578125,67.97793579101562,1619.723388671875,-0.10223475098609924,-0.9919698238372803,-0.07445741444826126,-0.7392829060554504,0.12584686279296875,-0.6615310311317444,0.6655890941619873,-0.012586365453898907,-0.7462123036384583
410,1648477271.0583231,14.737946510314941,-20.408409118652344,1681.436279296875,-0.07897435128688812,0.7927535772323608,0.6044045090675354,-0.7456508874893188,-0.44938424229621887,0.4919944405555725,0.6616402268409729,-0.41181984543800354,0.6266072392463684
300,1648477271.0860453,238.93421936035156,59.01245880126953,1529.1541748046875,0.8610407710075378,0.5008161664009094,-0.08827206492424011,-0.5083303451538086,0.8426916599273682,-0.17740067839622498,-0.014458988793194294,0.19762058556079865,0.9801719188690186
4,1648477271.0860543,58.934730529785156,67.99050903320312,1619.72705078125,-0.1021108403801918,-0.9919992685317993,-0.07423476874828339,-0.7394781708717346,0.12560945749282837,-0.6613579392433167,0.665391206741333,-0.012636829167604446,-0.7463878989219666
410,1648477271.08606,14.718798637390137,-20.342037200927734,1681.491455078125,-0.07952387630939484,0.7922099828720093,0.6050449013710022,-0.7455852627754211,-0.45014530420303345,0.4913978576660156,0.6616483926773071,-0.41203469038009644,0.6264573335647583
300,1648477271.1158514,238.94180297851562,59.0168571472168,1529.150390625,0.860986590385437,0.500851571559906,-0.08859880268573761,-0.5084266066551208,0.8425919413566589,-0.17759829759597778,-0.01429775357246399,0.19795575737953186,0.9801066517829895
4,1648477271.1158648,58.9622688293457,67.99983215332031,1619.7418212890625,-0.10221288353204727,-0.9919843673706055,-0.07429368048906326,-0.7393357157707214,0.12572233378887177,-0.6614957451820374,0.6655338406562805,-0.01268541906028986,-0.746259868144989
410,1648477271.115875,14.807079315185547,-20.317638397216797,1681.6007080078125,-0.07976654917001724,0.7923093438148499,0.6048827767372131,-0.7454191446304321,-0.45029062032699585,0.49151667952537537,0.6618063449859619,-0.4116846024990082,0.6265206933021545
300,1648477271.1498177,238.93283081054688,59.0166015625,1529.138427734375,0.8610420823097229,0.5007559061050415,-0.08860043436288834,-0.5083349943161011,0.8426715731620789,-0.17748291790485382,-0.01421455666422844,0.19785897433757782,0.9801274538040161
4,1648477271.1498256,58.937068939208984,68.0045166015625,1619.7894287109375,-0.10255943238735199,-0.9919271469116211,-0.07457933574914932,-0.7382212281227112,0.12615053355693817,-0.6626578569412231,0.6667165756225586,-0.01290576346218586,-0.7451996207237244
410,1648477271.1498308,14.715653419494629,-20.175853729248047,1681.7799072265625,-0.07953491806983948,0.7901987433433533,0.6076677441596985,-0.7449312806129456,-0.4521871507167816,0.49051418900489807,0.6623832583427429,-0.4136577248573303,0.6246084570884705
300,1648477271.1779854,238.92303466796875,59.014644622802734,1529.16259765625,0.8610354065895081,0.5008942484855652,-0.08788076788187027,-0.5083240270614624,0.8426191210746765,-0.17776289582252502,-0.01499039027839899,0.19773204624652863,0.9801414608955383
4,1648477271.177994,58.96198272705078,68.032958984375,1619.856689453125,-0.10190136730670929,-0.9919607639312744,-0.07503283768892288,-0.7384064793586731,0.12596555054187775,-0.6624866724014282,0.6666123270988464,-0.01210356317460537,-0.7453063130378723
410,1648477271.1780016,14.746936798095703,-20.115385055541992,1681.8946533203125,-0.07865279912948608,0.7905605435371399,0.6073119044303894,-0.7440797686576843,-0.45198073983192444,0.49199461936950684,0.6634448170661926,-0.4131917357444763,0.6237896680831909
300,1648477271.2087722,238.93739318847656,59.0190315246582,1529.155029296875,0.8610492944717407,0.5008246302604675,-0.08814055472612381,-0.5083119869232178,0.8426930904388428,-0.1774466335773468,-0.01459421031177044,0.19759321212768555,0.9801754355430603
4,1648477271.20878,58.99116134643555,68.05404663085938,1619.8494873046875,-0.10138861835002899,-0.99198317527771,-0.07543019205331802,-0.7385031580924988,0.12584975361824036,-0.6624009013175964,0.6665834188461304,-0.011454476043581963,-0.7453424334526062
410,1648477271.2087858,14.74114990234375,-20.045299530029297,1681.9991455078125,-0.07894250005483627,0.7903218269348145,0.6075849533081055,-0.7437500953674316,-0.45252540707588196,0.49199241399765015,0.6637799739837646,-0.4130522906780243,0.6235254406929016
300,1648477271.2383242,238.94334411621094,59.01964569091797,1529.1451416015625,0.8610479831695557,0.5007760524749756,-0.088429294526577,-0.5083197355270386,0.8426640033721924,-0.17756232619285583,-0.014402779750525951,0.19784003496170044,0.9801285266876221
4,1648477271.238333,59.01512145996094,68.06922149658203,1619.8931884765625,-0.10157681256532669,-0.9919860363006592,-0.07513875514268875,-0.7385088205337524,0.12579576671123505,-0.6624048352241516,0.666548490524292,-0.01179434172809124,-0.7453683614730835
410,1648477271.2383382,14.809014320373535,-20.05199432373047,1682.0404052734375,-0.07903414219617844,0.7902017831802368,0.6077291369438171,-0.7435261607170105,-0.45280808210372925,0.49207085371017456,0.6640199422836304,-0.412972092628479,0.6233229637145996
300,1648477271.2688975,238.93992614746094,59.021263122558594,1529.1451416015625,0.8610479235649109,0.5007786154747009,-0.0884152501821518,-0.5083208084106445,0.8426820039749146,-0.17747405171394348,-0.014369274489581585,0.19775697588920593,0.9801457524299622
4,1648477271.2689059,58.98896789550781,68.07430267333984,1619.88525390625,-0.10196588933467865,-0.9918738007545471,-0.07608793675899506,-0.7383021712303162,0.12671655416488647,-0.662459671497345,0.6667180061340332,-0.011372403241693974,-0.745223343372345
410,1648477271.268911,14.766805648803711,-19.952163696289062,1682.091064453125,-0.07945651561021805,0.7893294095993042,0.608806848526001,-0.7436965703964233,-0.45361950993537903,0.4910649359226227,0.6637786626815796,-0.41374921798706055,0.6230645775794983
300,1648477271.2980912,238.93130493164062,59.02186965942383,1529.135498046875,0.8610555529594421,0.5007544159889221,-0.08847808092832565,-0.5083144903182983,0.8427581787109375,-0.17712989449501038,-0.014132947660982609,0.19749337434768677,0.980202317237854
4,1648477271.2981005,58.99956512451172,68.07691955566406,1619.8843994140625,-0.10160761326551437,-0.991880476474762,-0.07647864520549774,-0.7383469939231873,0.12671078741550446,-0.6624107956886292,0.6667230129241943,-0.010838198475539684,-0.7452268004417419
410,1648477271.298106,14.800536155700684,-19.924320220947266,1682.135986328125,-0.07971672713756561,0.7889166474342346,0.6093076467514038,-0.7436718940734863,-0.45409834384918213,0.49065959453582764,0.6637750864028931,-0.4140111804008484,0.6228943467140198
300,1648477271.3301063,238.94126892089844,59.020240783691406,1529.1298828125,0.8610748052597046,0.5006052851676941,-0.08913221955299377,-0.5082868337631226,0.8426125049591064,-0.1779007613658905,-0.013954142108559608,0.19849058985710144,0.9800034761428833
4,1648477271.3301167,58.9821662902832,68.08672332763672,1619.879150390625,-0.1010906919836998,-0.9918720722198486,-0.07726863771677017,-0.7386742830276489,0.12685738503932953,-0.6620177030563354,0.6664389967918396,-0.009847471490502357,-0.745494544506073
410,1648477271.3301227,14.783758163452148,-19.892215728759766,1682.103271484375,-0.07924459129571915,0.788743793964386,0.6095929145812988,-0.744141161441803,-0.4537070393562317,0.4903099536895752,0.6633055210113525,-0.4147687554359436,0.6228905916213989
300,1648477271.3611038,238.94656372070312,59.01827621459961,1529.12548828125,0.8610617518424988,0.5006926655769348,-0.08876658976078033,-0.5083094239234924,0.8427384495735168,-0.1772383749485016,-0.013934939168393612,0.19773408770561218,0.980156660079956
4,1648477271.361112,59.00409698486328,68.0945816040039,1619.8935546875,-0.10105432569980621,-0.9919158220291138,-0.07675331830978394,-0.7389894723892212,0.12649109959602356,-0.6617360711097717,0.6660950779914856,-0.0101513946428895,-0.7457978129386902
410,1648477271.361121,14.89671802520752,-19.995107650756836,1682.046875,-0.07874862104654312,0.7896972298622131,0.6084216833114624,-0.7439547777175903,-0.4528053104877472,0.491425096988678,0.6635736227035522,-0.4139391779899597,0.6231567859649658
300,1648477271.3900983,238.94219970703125,59.0191764831543,1529.130859375,0.8610771298408508,0.5006667375564575,-0.08876368403434753,-0.5082768797874451,0.8426611423492432,-0.17769873142242432,-0.014170140027999878,0.1981288492679596,0.9800735712051392
4,1648477271.3901074,58.998172760009766,68.08426666259766,1619.864990234375,-0.10153450071811676,-0.9918603897094727,-0.07683560252189636,-0.7388176321983337,0.1269019991159439,-0.6618492603302002,0.6662126183509827,-0.010433034971356392,-0.7456888556480408
410,1648477271.390113,14.866557121276855,-19.958656311035156,1681.9681396484375,-0.07911960035562515,0.7887715101242065,0.6095733046531677,-0.7448108196258545,-0.45320263504981995,0.48975929617881775,0.6625683903694153,-0.4152672290802002,0.6233428120613098
300,1648477271.4228752,238.93756103515625,59.01963424682617,1529.12646484375,0.8610523343086243,0.5007408857345581,-0.08858555555343628,-0.5083186030387878,0.8426993489265442,-0.1773979216814041,-0.014179402962327003,0.197778582572937,0.9801441431045532
4,1648477271.422883,59.03851318359375,68.05999755859375,1619.8831787109375,-0.10065634548664093,-0.9919615983963013,-0.0766841247677803,-0.7382970452308655,0.12613727152347565,-0.662575900554657,0.6669225692749023,-0.010076803155243397,-0.7450588941574097
410,1648477271.4228885,14.836307525634766,-19.941776275634766,1681.87353515625,-0.07917110621929169,0.7886186242103577,0.6097643971443176,-0.7450798749923706,-0.4531826078891754,0.4893684387207031,0.6622596979141235,-0.41557934880256653,0.6234628558158875
300,1648477271.451751,238.94747924804688,59.022865295410156,1529.1273193359375,0.8610647916793823,0.5007304549217224,-0.08852329105138779,-0.5082932710647583,0.8426740169525146,-0.17759054899215698,-0.014328713528811932,0.1979127675294876,0.9801148772239685
4,1648477271.45176,59.05812072753906,68.06059265136719,1619.8302001953125,-0.1006922721862793,-0.9919741749763489,-0.07647382467985153,-0.7390241622924805,0.1260347217321396,-0.6617843508720398,0.666111409664154,-0.010120569728314877,-0.7457836270332336
410,1648477271.451765,14.856192588806152,-19.925382614135742,1681.880615234375,-0.07981214672327042,0.7887135148048401,0.60955810546875,-0.745557427406311,-0.45312952995300293,0.4886898100376129,0.6616449952125549,-0.41545718908309937,0.624196469783783
300,1648477271.4820752,238.9527587890625,59.026023864746094,1529.1097412109375,0.8610255122184753,0.5007451772689819,-0.08882197737693787,-0.5083661079406738,0.842621386051178,-0.17763173580169678,-0.014104931615293026,0.1980995386838913,0.9800804257392883
4,1648477271.4820843,59.114131927490234,68.08570861816406,1619.853759765625,-0.10018589347600937,-0.9920929074287415,-0.07559430599212646,-0.7396669387817383,0.12507973611354828,-0.661247193813324,0.6654739379882812,-0.010333028621971607,-0.746349573135376
410,1648477271.4820898,14.929461479187012,-19.979324340820312,1681.884033203125,-0.0788840726017952,0.7890569567680359,0.6092342734336853,-0.7449159026145935,-0.45278868079185486,0.48998236656188965,0.6624783873558044,-0.41517648100852966,0.6234989166259766
300,1648477271.5118027,238.9461669921875,59.0178337097168,1529.124267578125,0.8610972166061401,0.5006921887397766,-0.0884246975183487,-0.50823575258255,0.8427001237869263,-0.17763139307498932,-0.01442315150052309,0.1978984922170639,0.9801164269447327
4,1648477271.5118108,59.12139129638672,68.07405090332031,1619.882568359375,-0.10104359686374664,-0.9920318722724915,-0.0752522349357605,-0.738436758518219,0.12547218799591064,-0.6625464558601379,0.666709303855896,-0.011377058923244476,-0.745231032371521
410,1648477271.5118163,14.926448822021484,-19.891433715820312,1681.922607421875,-0.07951083034276962,0.7888422608375549,0.6094307899475098,-0.7450399398803711,-0.453199177980423,0.48941394686698914,0.6622639298439026,-0.41513654589653015,0.6237532496452332
300,1648477271.5418694,238.94012451171875,59.01948928833008,1529.11181640625,0.8610631823539734,0.5006870627403259,-0.08878452330827713,-0.5083014965057373,0.8426550626754761,-0.17765718698501587,-0.014135930687189102,0.19810336828231812,0.980079174041748
4,1648477271.5418777,59.191463470458984,68.06414031982422,1619.9110107421875,-0.10067267715930939,-0.9921947717666626,-0.07358399033546448,-0.7383270263671875,0.12407893687486649,-0.6629310846328735,0.6668869256973267,-0.012409994378685951,-0.7450555562973022
410,1648477271.5418832,14.85641860961914,-19.82237434387207,1681.9232177734375,-0.07942268997430801,0.787659764289856,0.6109698414802551,-0.7450254559516907,-0.45411157608032227,0.4885895848274231,0.6622908115386963,-0.41638296842575073,0.6228933334350586
300,1648477271.5744822,238.9475555419922,59.021419525146484,1529.1280517578125,0.8610791563987732,0.5007174611091614,-0.0884573832154274,-0.5082717537879944,0.8427478671073914,-0.17730164527893066,-0.014230755157768726,0.19763115048408508,0.9801731705665588
4,1648477271.5744965,59.20940017700195,68.07769012451172,1619.8570556640625,-0.10061856359243393,-0.9922651052474976,-0.07270427793264389,-0.7390803098678589,0.123465396463871,-0.6622058153152466,0.666060209274292,-0.012895899824798107,-0.7457864880561829
410,1648477271.5745027,14.791189193725586,-19.778406143188477,1681.947998046875,-0.07997985184192657,0.7869420051574707,0.6118214726448059,-0.7452620267868042,-0.4548155963420868,0.4875728487968445,0.6619575023651123,-0.4169712960720062,0.6228540539741516
300,1648477271.604508,238.95155334472656,59.020931243896484,1529.127197265625,0.8610608577728271,0.5007623434066772,-0.08838120847940445,-0.5083009004592896,0.8427343368530273,-0.17728234827518463,-0.014294443652033806,0.1975751370191574,0.9801835417747498
4,1648477271.6045163,59.246028900146484,68.06849670410156,1619.87060546875,-0.09988867491483688,-0.9923757314682007,-0.07219842076301575,-0.7391685247421265,0.12258410453796387,-0.6622711420059204,0.6660721898078918,-0.012786590494215488,-0.7457776665687561
410,1648477271.6045218,14.862788200378418,-19.852367401123047,1681.962158203125,-0.07814264297485352,0.7878925204277039,0.6108347177505493,-0.7446176409721375,-0.453537255525589,0.48974329233169556,0.6629014015197754,-0.41656848788261414,0.6221193075180054
300,1648477271.634247,238.94708251953125,59.022464752197266,1529.1212158203125,0.8610435128211975,0.5007228255271912,-0.08877325057983398,-0.5083396434783936,0.8427109122276306,-0.17728270590305328,-0.01395931001752615,0.19777509570121765,0.9801480174064636
4,1648477271.6342556,59.234737396240234,68.06640625,1619.9229736328125,-0.10061264038085938,-0.9922678470611572,-0.07267477363348007,-0.7379328012466431,0.12341886758804321,-0.6634929776191711,0.6673322319984436,-0.013126685284078121,-0.7446444630622864
410,1648477271.634261,14.957520484924316,-19.795778274536133,1681.9771728515625,-0.07879263162612915,0.7878435850143433,0.6108143329620361,-0.7448776960372925,-0.45374035835266113,0.48915937542915344,0.6625322103500366,-0.41643983125686646,0.6225985288619995
300,1648477271.6643405,238.94537353515625,59.02648162841797,1529.1273193359375,0.8610780239105225,0.5007519721984863,-0.08827283978462219,-0.5082618594169617,0.8426504731178284,-0.17779217660427094,-0.01464663352817297,0.19795866310596466,0.9801009297370911
4,1648477271.6643486,59.27075958251953,68.06761932373047,1619.899169921875,-0.0997871607542038,-0.9923030734062195,-0.07332891970872879,-0.7381481528282166,0.12324434518814087,-0.6632858514785767,0.6672179698944092,-0.012059805914759636,-0.7447649240493774
410,1648477271.6643536,14.981751441955566,-19.794374465942383,1681.9122314453125,-0.07845686376094818,0.7874791026115417,0.6113273501396179,-0.7446843981742859,-0.45398464798927307,0.48922696709632874,0.6627892851829529,-0.41686275601387024,0.622041642665863
300,1648477271.6944292,238.95327758789062,59.026554107666016,1529.1322021484375,0.8610607385635376,0.5007558465003967,-0.08841931074857712,-0.5083062648773193,0.8427920937538147,-0.17699210345745087,-0.014110734686255455,0.1973450481891632,0.9802325367927551
4,1648477271.6944377,59.26203918457031,68.05464935302734,1619.836181640625,-0.10007969290018082,-0.9922780394554138,-0.07326862215995789,-0.7389288544654846,0.12343662232160568,-0.6623802185058594,0.6663094162940979,-0.012150511145591736,-0.7455763816833496
410,1648477271.6944432,14.930216789245605,-19.783506393432617,1681.83544921875,-0.07875967770814896,0.7868204116821289,0.6121360063552856,-0.7456489205360413,-0.4540550410747528,0.48769018054008484,0.661668062210083,-0.41802823543548584,0.6224530339241028
300,1648477271.7262502,238.95745849609375,59.030033111572266,1529.120849609375,0.8610799312591553,0.5006586313247681,-0.0887824296951294,-0.508274257183075,0.842686116695404,-0.17758771777153015,-0.01409509964287281,0.19804303348064423,0.9800919890403748
4,1648477271.7262578,59.33346939086914,68.03934478759766,1619.808349609375,-0.09882460534572601,-0.9924458861351013,-0.0726972296833992,-0.7396062016487122,0.12212972342967987,-0.661866307258606,0.665744960308075,-0.011641358956694603,-0.7460885047912598
410,1648477271.7262635,14.95789623260498,-19.852628707885742,1681.7457275390625,-0.0780261754989624,0.7869013547897339,0.6121259331703186,-0.7457085847854614,-0.45358335971832275,0.48803773522377014,0.6616876721382141,-0.41838786005973816,0.6221904754638672
300,1648477271.7568128,238.95187377929688,59.0324821472168,1529.121826171875,0.8610748648643494,0.5006659030914307,-0.08879048377275467,-0.5082829594612122,0.842680811882019,-0.17758789658546448,-0.014090166427195072,0.19804716110229492,0.9800912141799927
4,1648477271.7568214,59.279510498046875,68.04666137695312,1619.8328857421875,-0.09958198666572571,-0.992257833480835,-0.07421507686376572,-0.7385106682777405,0.1236896887421608,-0.6627992391586304,0.6668473482131958,-0.011194243095815182,-0.7451102137565613
410,1648477271.7568264,15.100356101989746,-19.871503829956055,1681.7017822265625,-0.07856255769729614,0.7875941395759583,0.6111655831336975,-0.7454245090484619,-0.45347991585731506,0.488567590713501,0.6619443297386169,-0.417194664478302,0.6227185130119324
300,1648477271.7867336,238.9480743408203,59.03413772583008,1529.109619140625,0.8610512614250183,0.5005934834480286,-0.08942556381225586,-0.5083377957344055,0.8426481485366821,-0.17758609354496002,-0.013544149696826935,0.1983691155910492,0.980033814907074
4,1648477271.7867422,59.313232421875,68.05343627929688,1619.8265380859375,-0.0990041047334671,-0.9923104047775269,-0.07428529858589172,-0.739000141620636,0.12331318855285645,-0.6623237133026123,0.6663910150527954,-0.01067592203617096,-0.7455260157585144
410,1648477271.7867527,15.175439834594727,-19.883007049560547,1681.696533203125,-0.07801321893930435,0.7884413003921509,0.6101428270339966,-0.7450000643730164,-0.4527914226055145,0.48985186219215393,0.6624868512153625,-0.41634151339530945,0.6227125525474548
300,1648477271.8162813,238.9542694091797,59.03535079956055,1529.13134765625,0.8610520958900452,0.5006400346755981,-0.08915593475103378,-0.5083256959915161,0.8425917029380798,-0.17788812518119812,-0.013935863971710205,0.1984912008047104,0.9800035953521729
4,1648477271.8162894,59.348114013671875,68.05699157714844,1619.802978515625,-0.0996587947010994,-0.9923935532569885,-0.07227107882499695,-0.7394422292709351,0.12246599048376083,-0.6619873642921448,0.6658027768135071,-0.012532577849924564,-0.7460225224494934
410,1648477271.816295,15.125688552856445,-19.807918548583984,1681.7220458984375,-0.07855650037527084,0.7875546216964722,0.6112173199653625,-0.7452803254127502,-0.45359933376312256,0.48867666721343994,0.6621073484420776,-0.4171395003795624,0.6225821375846863
300,1648477271.849315,238.95529174804688,59.033958435058594,1529.1488037109375,0.8610804080963135,0.5007007122039795,-0.08854015916585922,-0.5082636475563049,0.8426367044448853,-0.17785215377807617,-0.014443508349359035,0.1981467455625534,0.9800659418106079
4,1648477271.8493228,59.36887741088867,68.04440307617188,1619.82275390625,-0.09893200546503067,-0.9924497604370117,-0.07249783724546432,-0.7391641139984131,0.1220691129565239,-0.6623711585998535,0.6662198305130005,-0.011941907927393913,-0.7456597685813904
410,1648477271.8493276,15.10254955291748,-19.81610870361328,1681.732666015625,-0.07763305306434631,0.7875751852989197,0.6113088130950928,-0.7450031638145447,-0.45329204201698303,0.4893839359283447,0.6625280380249023,-0.41743460297584534,0.6219364404678345
