300,1648477061.742324,239.2311553955078,59.00881576538086,1528.787841796875,0.8620301485061646,0.4995899200439453,-0.08552160114049911,-0.5065518021583557,0.8433046936988831,-0.17956188321113586,-0.017586536705493927,0.19810888171195984,0.9800222516059875
4,1648477061.7423325,92.4538803100586,67.89015197753906,1470.3072509765625,0.0479402057826519,-0.969014585018158,0.242306649684906,-0.9694934487342834,0.013239320367574692,0.24475932121276855,-0.2403833270072937,-0.24664852023124695,-0.9388185739517212
410,1648477061.7423372,93.25142669677734,-63.173465728759766,1410.4156494140625,0.05647860839962959,0.9979146122932434,-0.03125065937638283,-0.9703048467636108,0.04748852923512459,-0.23717796802520752,-0.23519931733608246,0.04371814802289009,0.9709634184837341
300,1648477061.776496,239.22874450683594,59.00777816772461,1528.78125,0.8620187640190125,0.4995540976524353,-0.08584479987621307,-0.5065876841545105,0.8433673977851868,-0.17916570603847504,-0.017104260623455048,0.19793212413787842,0.9800664782524109
4,1648477061.7765033,92.6043472290039,67.95538330078125,1470.2144775390625,0.048777200281620026,-0.9683828949928284,0.24465343356132507,-0.9694835543632507,0.013016588985919952,0.2448105365037918,-0.24025489389896393,-0.24912865459918976,-0.9381964206695557
410,1648477061.7765083,93.16670227050781,-63.336402893066406,1410.2152099609375,0.05535034090280533,0.9979792833328247,-0.03120364621281624,-0.9705327153205872,0.046434950083494186,-0.2364530712366104,-0.23452632129192352,0.04337191581726074,0.9711417555809021
300,1648477061.8047483,239.2257843017578,59.00834274291992,1528.775634765625,0.8620006442070007,0.49951082468032837,-0.08627766370773315,-0.5066291689872742,0.8433206677436829,-0.17926836013793945,-0.016786746680736542,0.1982402205467224,0.9800096750259399
4,1648477061.8047552,92.74105072021484,68.02499389648438,1470.1624755859375,0.050458550453186035,-0.967817485332489,0.24654249846935272,-0.9691240787506104,0.012208623811602592,0.24627119302749634,-0.2413555234670639,-0.25135675072669983,-0.9373192191123962
410,1648477061.8047597,93.02409362792969,-63.34295654296875,1409.92578125,0.05526875704526901,0.9979977607727051,-0.03075481578707695,-0.9707014560699463,0.04649216681718826,-0.23574800789356232,-0.23384612798690796,0.042883243411779404,0.9713274240493774
300,1648477061.8348057,239.22686767578125,59.009456634521484,1528.7525634765625,0.8619991540908813,0.4995081424713135,-0.08630800992250443,-0.5066319108009338,0.8433116674423218,-0.17930296063423157,-0.01677873358130455,0.19828540086746216,0.9800006747245789
4,1648477061.8348143,92.38868713378906,67.93888854980469,1470.1962890625,0.04784602299332619,-0.9690292477607727,0.24226661026477814,-0.969448447227478,0.01336824893951416,0.24493049085140228,-0.24058347940444946,-0.246583953499794,-0.9387843012809753
410,1648477061.83482,92.69161987304688,-63.075965881347656,1409.8948974609375,0.05448857694864273,0.9981472492218018,-0.027075892314314842,-0.9701770544052124,0.0465085469186306,-0.23789381980895996,-0.23619380593299866,0.03923090547323227,0.9709137082099915
300,1648477061.8642225,239.22792053222656,59.007713317871094,1528.7694091796875,0.8620279431343079,0.499542772769928,-0.0858188197016716,-0.5065678358078003,0.8433356285095215,-0.179371178150177,-0.017229503020644188,0.19809602200984955,0.9800311923027039
4,1648477061.8642306,92.3299331665039,67.94512939453125,1470.163330078125,0.047022219747304916,-0.9693666696548462,0.2410750389099121,-0.9694448709487915,0.013882978819310665,0.24491605162620544,-0.24076029658317566,-0.2452254593372345,-0.9390947818756104
410,1648477061.864236,92.47931671142578,-62.73344039916992,1409.956787109375,0.053859058767557144,0.9982026815414429,-0.026279112324118614,-0.9698591828346252,0.046030402183532715,-0.23927876353263855,-0.23763906955718994,0.038374368101358414,0.9705952405929565
300,1648477061.8947625,239.22889709472656,59.007957458496094,1528.7626953125,0.8620170950889587,0.4996255040168762,-0.08544520288705826,-0.5065751075744629,0.84333336353302,-0.17936117947101593,-0.017554625868797302,0.197896808385849,0.980065643787384
4,1648477061.8947704,92.67581939697266,68.0733413696289,1470.024658203125,0.04818635806441307,-0.9684231877326965,0.24461103975772858,-0.9691810607910156,0.013901417143642902,0.24595685303211212,-0.24159075319766998,-0.2489241659641266,-0.9379075765609741
410,1648477061.894776,92.3892822265625,-62.38986587524414,1409.85498046875,0.05306151509284973,0.9982882142066956,-0.02459884248673916,-0.9700680375099182,0.045684728771448135,-0.23849718272686005,-0.2369651347398758,0.03651757165789604,0.970831573009491
300,1648477061.9263992,239.22552490234375,59.0093879699707,1528.7718505859375,0.8620038628578186,0.49952808022499084,-0.08614525943994522,-0.5066124796867371,0.8432402610778809,-0.17969320714473724,-0.01712065190076828,0.19853851199150085,0.9799435138702393
4,1648477061.926407,92.6391830444336,68.12431335449219,1469.9522705078125,0.04993395507335663,-0.9682784080505371,0.24483369290828705,-0.9688722491264343,0.012551947496831417,0.24724292755126953,-0.24247312545776367,-0.24955838918685913,-0.9375112652778625
410,1648477061.9264126,92.15205383300781,-61.68863296508789,1409.778564453125,0.052603643387556076,0.9983764886856079,-0.021845059469342232,-0.970417857170105,0.045944392681121826,-0.23701970279216766,-0.23563124239444733,0.033666934818029404,0.9712592363357544
300,1648477061.9565413,239.22483825683594,59.00991439819336,1528.7843017578125,0.8619886040687561,0.4996700882911682,-0.08547203242778778,-0.5066234469413757,0.8432972431182861,-0.17939449846744537,-0.017559729516506195,0.19793814420700073,0.9800572395324707
4,1648477061.9565523,92.28907775878906,68.07310485839844,1469.963623046875,0.04861726984381676,-0.9693358540534973,0.24088235199451447,-0.969032347202301,0.012680666521191597,0.24660806357860565,-0.24210059642791748,-0.2454122006893158,-0.938701331615448
410,1648477061.9565575,91.8924789428711,-60.7376823425293,1410.109130859375,0.05264049023389816,0.9983999133110046,-0.020654547959566116,-0.9700976610183716,0.04621893912553787,-0.23827356100082397,-0.23693767189979553,0.03257976472377777,0.9709784388542175
300,1648477061.9864442,239.2246856689453,59.00782775878906,1528.772216796875,0.8620044589042664,0.49959978461265564,-0.0857229009270668,-0.5065962672233582,0.8432177901268005,-0.17984429001808167,-0.017567094415426254,0.19845347106456757,0.979952871799469
4,1648477061.9864528,92.10905456542969,68.05464935302734,1469.9407958984375,0.045990899205207825,-0.9698157906532288,0.23946216702461243,-0.9692111611366272,0.014727067202329636,0.24579012393951416,-0.24189771711826324,-0.24339352548122406,-0.9392790198326111
410,1648477061.9864585,91.67980194091797,-59.625701904296875,1410.488037109375,0.05348377302289009,0.9983695149421692,-0.019943907856941223,-0.9698947072029114,0.04718577489256859,-0.238909512758255,-0.23757889866828918,0.03212127089500427,0.9708369970321655
300,1648477062.0160031,239.22561645507812,59.00857162475586,1528.7791748046875,0.8620160222053528,0.49959269165992737,-0.08564732223749161,-0.5065879821777344,0.8433862328529358,-0.1790761500597,-0.01723136380314827,0.1977544128894806,0.980100154876709
4,1648477062.016011,92.34674072265625,68.16812133789062,1469.853271484375,0.047020915895700455,-0.9692606925964355,0.2415010631084442,-0.9685401320457458,0.014907998032867908,0.2484104186296463,-0.24437475204467773,-0.24558396637439728,-0.9380668997764587
410,1648477062.0160167,91.48369598388672,-58.482513427734375,1410.717529296875,0.053166553378105164,0.9984248280525208,-0.0179203562438488,-0.9701024293899536,0.04738615080714226,-0.23802496492862701,-0.23680086433887482,0.030039548873901367,0.9710937142372131
300,1648477062.0496042,239.2212677001953,59.00716018676758,1528.8016357421875,0.8620108962059021,0.4996437132358551,-0.0854010283946991,-0.5065914988517761,0.8434105515480042,-0.1789514571428299,-0.017383834347128868,0.19752155244350433,0.9801443815231323
4,1648477062.0496159,92.3770751953125,68.15189361572266,1469.8431396484375,0.048179108649492264,-0.9690612554550171,0.2420724630355835,-0.968853771686554,0.013596978969871998,0.24725989997386932,-0.24290144443511963,-0.24644558131694794,-0.9382235407829285
410,1648477062.0496213,91.27375030517578,-57.16598892211914,1411.1087646484375,0.05266999825835228,0.9984592795372009,-0.017463762313127518,-0.9704794883728027,0.04705662652850151,-0.23654858767986298,-0.23536235094070435,0.029407238587737083,0.9714627265930176
300,1648477062.0794246,239.22247314453125,59.011783599853516,1528.7938232421875,0.8619859218597412,0.4996984004974365,-0.08533351868391037,-0.5066342949867249,0.8434156179428101,-0.17880642414093018,-0.017377663403749466,0.1973615139722824,0.9801767468452454
4,1648477062.0794423,92.17340850830078,68.09923553466797,1469.93798828125,0.048133645206689835,-0.9694381952285767,0.24056750535964966,-0.968842089176178,0.013269644230604172,0.24732351303100586,-0.24295711517333984,-0.24497650563716888,-0.9385938048362732
410,1648477062.0794592,91.05496978759766,-55.855464935302734,1411.6082763671875,0.052535343915224075,0.9984809160232544,-0.016610784456133842,-0.9703813195228577,0.04711514338850975,-0.23693926632404327,-0.235796719789505,0.028566481545567513,0.9713824391365051
300,1648477062.1097043,239.22567749023438,59.007755279541016,1528.810546875,0.8620344996452332,0.4996335804462433,-0.08522193878889084,-0.5065422654151917,0.8433924317359924,-0.1791762113571167,-0.01764691062271595,0.1976245939731598,0.9801189303398132
4,1648477062.109723,92.00599670410156,68.05744171142578,1469.965087890625,0.045911192893981934,-0.9701735377311707,0.23802411556243896,-0.969067394733429,0.014584779739379883,0.24636498093605042,-0.2424883097410202,-0.24197231233119965,-0.9394938945770264
410,1648477062.1097367,90.79975891113281,-54.5173225402832,1412.1182861328125,0.052587833255529404,0.9985060691833496,-0.01483618188649416,-0.9700877070426941,0.047554079443216324,-0.23805125057697296,-0.23699010908603668,0.026910997927188873,0.9711392521858215
300,1648477062.1383302,239.226806640625,59.008663177490234,1528.815185546875,0.8620036840438843,0.49964067339897156,-0.08549172431230545,-0.5066043734550476,0.8433780074119568,-0.17906859517097473,-0.01736810803413391,0.19766826927661896,0.9801151156425476
4,1648477062.138339,92.28524780273438,68.10345458984375,1469.9324951171875,0.04638131335377693,-0.9693795442581177,0.2411474585533142,-0.9690473079681396,0.014935880899429321,0.24642278254032135,-0.24247895181179047,-0.24511270225048065,-0.9386819005012512
410,1648477062.138345,90.6409683227539,-53.3256721496582,1412.3873291015625,0.05224696174263954,0.998542070388794,-0.013564412482082844,-0.9703452587127686,0.04755215719342232,-0.2369997352361679,-0.23600918054580688,0.025544678792357445,0.9714150428771973
300,1648477062.1717908,239.2221221923828,59.008243560791016,1528.8211669921875,0.8620273470878601,0.49956637620925903,-0.08568749576807022,-0.5065668225288391,0.8433581590652466,-0.1792682558298111,-0.017291145399212837,0.19794057309627533,0.9800614714622498
4,1648477062.1717992,92.2441635131836,68.12349700927734,1469.935302734375,0.048074934631586075,-0.9692157506942749,0.24147385358810425,-0.9687021970748901,0.013700111769139767,0.24784736335277557,-0.24352578818798065,-0.24583150446414948,-0.9382228255271912
410,1648477062.1718042,90.41580963134766,-52.00082778930664,1412.6602783203125,0.052279938012361526,0.9985570907592773,-0.012269682250916958,-0.9706219434738159,0.04792013391852379,-0.23578961193561554,-0.23486141860485077,0.0242362879216671,0.971726655960083
300,1648477062.1988378,239.2218780517578,59.009315490722656,1528.8292236328125,0.862009584903717,0.4996466636657715,-0.08539743721485138,-0.5065884590148926,0.8433496952056885,-0.17924681305885315,-0.01754017174243927,0.19777381420135498,0.9800907373428345
4,1648477062.1988506,91.97394561767578,68.01667785644531,1469.9976806640625,0.04426334425806999,-0.9703956842422485,0.23742982745170593,-0.9692389965057373,0.01588321104645729,0.2456084042787552,-0.24210849404335022,-0.24099770188331604,-0.9398423433303833
410,1648477062.1988635,90.251220703125,-50.88486862182617,1413.0845947265625,0.052276529371738434,0.9985727071762085,-0.010938857682049274,-0.9706860184669495,0.04823727160692215,-0.23546095192432404,-0.23459723591804504,0.02292727865278721,0.9718222618103027
300,1648477062.2309334,239.22650146484375,59.00815963745117,1528.8211669921875,0.8619933128356934,0.4997398257255554,-0.08501522243022919,-0.506610095500946,0.843406081199646,-0.17892006039619446,-0.017711130902171135,0.19729748368263245,0.9801836609840393
4,1648477062.2309418,91.91786193847656,67.9716567993164,1470.03564453125,0.04361380264163017,-0.9708461165428162,0.23570246994495392,-0.9694332480430603,0.015892023220658302,0.24483995139598846,-0.24144770205020905,-0.2391762137413025,-0.9404774308204651
410,1648477062.230947,90.14881134033203,-49.55373001098633,1413.5537109375,0.052172333002090454,0.9985881447792053,-0.00998770259320736,-0.9703394174575806,0.04832734912633896,-0.23686674237251282,-0.23604963719844818,0.022049352526664734,0.9714908003807068
300,1648477062.2625186,239.22958374023438,59.004886627197266,1528.80322265625,0.8619883060455322,0.4996882677078247,-0.08536861091852188,-0.506625771522522,0.8433545827865601,-0.17911849915981293,-0.017507405951619148,0.19764798879623413,0.9801167249679565
4,1648477062.2625268,92.17793273925781,68.04837799072266,1470.057373046875,0.048396021127700806,-0.9696094989776611,0.23982340097427368,-0.96878981590271,0.012873739004135132,0.2475491166114807,-0.24311339855194092,-0.2443188577890396,-0.9387247562408447
410,1648477062.2625318,90.03424835205078,-48.22734069824219,1413.90625,0.052360475063323975,0.9985926151275635,-0.00843945611268282,-0.9702966809272766,0.048874422907829285,-0.23692961037158966,-0.23618368804454803,0.02059452421963215,0.9714901447296143
300,1648477062.2908785,239.22576904296875,59.00627517700195,1528.801513671875,0.8620107769966125,0.4996764063835144,-0.08521126210689545,-0.5065857768058777,0.8434105515480042,-0.17896787822246552,-0.01755795255303383,0.1974390596151352,0.9801579117774963
4,1648477062.2908864,92.28607940673828,68.06583404541016,1470.0142822265625,0.04691513255238533,-0.9695112705230713,0.24051383137702942,-0.9689464569091797,0.014351069927215576,0.24685387313365936,-0.24277924001216888,-0.2446262091398239,-0.9387311935424805
410,1648477062.2908914,90.03690338134766,-47.357669830322266,1414.107666015625,0.052231114357709885,0.9986057877540588,-0.007642372976988554,-0.9709700345993042,0.04899384826421738,-0.23412983119487762,-0.2334289699792862,0.019649377092719078,0.9721753001213074
300,1648477062.3223102,239.22140502929688,59.00510025024414,1528.800048828125,0.8619927167892456,0.49960100650787354,-0.08583326637744904,-0.5066239833831787,0.8432573676109314,-0.17958033084869385,-0.017338981851935387,0.1982821375131607,0.979991614818573
4,1648477062.3223178,92.34300231933594,67.98727416992188,1470.0989990234375,0.048989567905664444,-0.9691348075866699,0.2416149526834488,-0.9694212675094604,0.012102787382900715,0.2451038658618927,-0.24046289920806885,-0.2462342083454132,-0.9389069676399231
410,1648477062.3223238,90.03849029541016,-46.150020599365234,1414.525634765625,0.05287556350231171,0.9985737204551697,-0.0073984949849545956,-0.9708530306816101,0.0496705062687397,-0.23447221517562866,-0.23377031087875366,0.019580701366066933,0.9720946550369263
300,1648477062.3527179,239.223876953125,59.00119400024414,1528.8006591796875,0.8620084524154663,0.49966153502464294,-0.08532161265611649,-0.5065880417823792,0.8433502912521362,-0.1792450100183487,-0.01760583370923996,0.19773362576961517,0.9800976514816284
4,1648477062.3527267,92.1436538696289,67.9161605834961,1470.1993408203125,0.04469451308250427,-0.9700518250465393,0.2387506365776062,-0.969527006149292,0.015504748560488224,0.24449338018894196,-0.24087300896644592,-0.24240270256996155,-0.9397984743118286
410,1648477062.352732,90.01631164550781,-45.032230377197266,1414.9937744140625,0.05347538739442825,0.998548686504364,-0.006391728762537241,-0.9705938100814819,0.05047169327735901,-0.23537248373031616,-0.2347082942724228,0.018790408968925476,0.9718841910362244
300,1648477062.382835,239.22679138183594,59.006526947021484,1528.8070068359375,0.86200350522995,0.4996492266654968,-0.08544342964887619,-0.5066004395484924,0.8433477878570557,-0.1792217642068863,-0.0174894817173481,0.1977754682302475,0.9800913333892822
4,1648477062.3828428,92.56647491455078,67.97188568115234,1470.22607421875,0.04928968474268913,-0.9687400460243225,0.24313223361968994,-0.9694133400917053,0.012198369950056076,0.2451305091381073,-0.24043355882167816,-0.2477780282497406,-0.9385082721710205
410,1648477062.382848,90.13642883300781,-44.0693359375,1415.3797607421875,0.0535573847591877,0.9985494017601013,-0.0055357590317726135,-0.9708725214004517,0.05077482387423515,-0.23415474593639374,-0.23353400826454163,0.017915232107043266,0.9721835851669312
300,1648477062.4128668,239.2213897705078,59.007598876953125,1528.809326171875,0.8619768023490906,0.49967825412750244,-0.08554290235042572,-0.5066410899162292,0.8432347774505615,-0.17963844537734985,-0.017628682777285576,0.19818373024463654,0.9800063371658325
4,1648477062.412877,92.71280670166016,67.98741149902344,1470.260009765625,0.050505004823207855,-0.9682876467704773,0.24468006193637848,-0.9692099094390869,0.011600085534155369,0.2459626942873001,-0.2410009354352951,-0.24956868588924408,-0.9378880858421326
410,1648477062.4128833,90.23776245117188,-43.105674743652344,1415.7021484375,0.05424957349896431,0.9985095858573914,-0.005967213772237301,-0.9712682366371155,0.051380839198827744,-0.2323746383190155,-0.2317216992378235,0.018401991575956345,0.9726080298423767
300,1648477062.4433022,239.2183074951172,59.00553512573242,1528.773681640625,0.8620317578315735,0.49958139657974243,-0.08555518090724945,-0.5065574645996094,0.8433888554573059,-0.17915011942386627,-0.017343780025839806,0.19777169823646545,0.9800946712493896
4,1648477062.4433308,92.63259887695312,67.8833236694336,1470.333251953125,0.05129269137978554,-0.9682662487030029,0.2446008175611496,-0.9699758887290955,0.01000155694782734,0.2429952770471573,-0.23773051798343658,-0.24972078204154968,-0.9386819005012512
410,1648477062.4433465,90.26424407958984,-42.021305084228516,1416.1517333984375,0.05580771341919899,0.9984235167503357,-0.005995701067149639,-0.9712399244308472,0.052894141525030136,-0.2321535050868988,-0.23147039115428925,0.018779220059514046,0.9726606607437134
300,1648477062.4803643,239.22308349609375,59.00706100463867,1528.7974853515625,0.8620079755783081,0.4995846450328827,-0.08577551692724228,-0.5066021084785461,0.8433370590209961,-0.1792677938938141,-0.017221763730049133,0.19798432290554047,0.9800539016723633
4,1648477062.4803743,92.69377136230469,67.86779022216797,1470.384521484375,0.051002420485019684,-0.9681884050369263,0.2449692040681839,-0.9699492454528809,0.010409614071249962,0.24308454990386963,-0.2379016876220703,-0.2500056028366089,-0.9385627508163452
410,1648477062.480379,90.40155792236328,-40.6790771484375,1416.6630859375,0.05705324560403824,0.9983530044555664,-0.006013893522322178,-0.9716030359268188,0.05413702875375748,-0.23034045100212097,-0.22963550686836243,0.018984787166118622,0.9730915427207947
300,1648477062.5044613,239.22315979003906,59.00693893432617,1528.8050537109375,0.8620200753211975,0.4996885061264038,-0.08504541963338852,-0.5065653324127197,0.8434270620346069,-0.17894771695137024,-0.017688512802124023,0.19733759760856628,0.9801759719848633
4,1648477062.5044703,92.80197143554688,67.8975830078125,1470.4127197265625,0.05038303881883621,-0.9680345058441162,0.2457045316696167,-0.9694228172302246,0.011759160086512566,0.2451144903898239,-0.24016855657100677,-0.25054121017456055,-0.9378423094749451
410,1648477062.5044756,90.49569702148438,-39.783912658691406,1416.991943359375,0.05777614563703537,0.9983153343200684,-0.005333098582923412,-0.9713318347930908,0.05497897416353226,-0.23128299415111542,-0.23060014843940735,0.018542848527431488,0.9728718996047974
300,1648477062.5345879,239.22015380859375,59.008113861083984,1528.7906494140625,0.8620331883430481,0.4995404779911041,-0.08577919006347656,-0.5065529346466064,0.8432859778404236,-0.17964673042297363,-0.017404425889253616,0.1983131468296051,0.9799841642379761
4,1648477062.5345976,93.00907897949219,67.90937805175781,1470.3887939453125,0.05165421590209007,-0.967525064945221,0.24744099378585815,-0.9698158502578735,0.01052614115178585,0.243611142039299,-0.2383044958114624,-0.2525557279586792,-0.9377774596214294
410,1648477062.534603,90.52694702148438,-38.78531265258789,1417.274658203125,0.05804375186562538,0.9983075261116028,-0.003604777390137315,-0.9715176224708557,0.05565439909696579,-0.23033912479877472,-0.2297486662864685,0.016871852800250053,0.9731037616729736
300,1648477062.5642428,239.2194061279297,59.006412506103516,1528.802734375,0.862019419670105,0.49968308210372925,-0.08508450537919998,-0.5065637230873108,0.8433806896209717,-0.17917105555534363,-0.01777011714875698,0.19754965603351593,0.9801318049430847
4,1648477062.5642514,92.9897689819336,67.88072204589844,1470.4459228515625,0.051892124116420746,-0.967574417591095,0.24719808995723724,-0.9697305560112,0.010319496504962444,0.2439592480659485,-0.23859970271587372,-0.25237512588500977,-0.937751054763794
410,1648477062.5642567,90.4942626953125,-37.72562789916992,1417.557373046875,0.058753322809934616,0.9982696771621704,-0.0023933614138513803,-0.9716305136680603,0.05663495138287544,-0.2296227663755417,-0.2290898859500885,0.015816563740372658,0.9732767343521118
300,1648477062.5947633,239.2227783203125,59.00918960571289,1528.7984619140625,0.862013041973114,0.4996686279773712,-0.08523373305797577,-0.5065767168998718,0.8433462381362915,-0.17929618060588837,-0.017707128077745438,0.197733074426651,0.9800959825515747
4,1648477062.5947816,92.85017395019531,67.8366470336914,1470.4913330078125,0.04981742054224014,-0.9685025811195374,0.24396918714046478,-0.9698613286018372,0.011423412710428238,0.24338972568511963,-0.23851054906845093,-0.24874131381511688,-0.938744068145752
410,1648477062.594795,90.46798706054688,-36.614837646484375,1417.93115234375,0.05890021100640297,0.9982625842094421,-0.0016176289645954967,-0.9712592959403992,0.05693243816494942,-0.23111476004123688,-0.2306211143732071,0.015183845534920692,0.9729251265525818
300,1648477062.6269977,239.22232055664062,59.008506774902344,1528.799072265625,0.8620152473449707,0.4996793866157532,-0.08514794707298279,-0.5065656304359436,0.8432979583740234,-0.1795545071363449,-0.017914598807692528,0.19791175425052643,0.98005610704422
4,1648477062.6270123,93.03113555908203,67.87792205810547,1470.4639892578125,0.05153042450547218,-0.9679291844367981,0.2458815723657608,-0.9697890281677246,0.01028448436409235,0.24372828006744385,-0.23844046890735626,-0.2510126829147339,-0.9381571412086487
410,1648477062.6270254,90.40990447998047,-35.73461151123047,1418.1229248046875,0.058805081993341446,0.9982690811157227,-0.0009235059842467308,-0.9713517427444458,0.05700603127479553,-0.23070794343948364,-0.23025594651699066,0.014463848434388638,0.9730225801467896
300,1648477062.6605787,239.22225952148438,59.012264251708984,1528.7879638671875,0.8620103597640991,0.4997313320636749,-0.08489219099283218,-0.5065693259239197,0.8433350324630737,-0.1793699413537979,-0.01804422214627266,0.19762252271175385,0.9801121354103088
4,1648477062.6605873,93.26617431640625,67.92850494384766,1470.399658203125,0.054002545773983,-0.9672093391418457,0.24817286431789398,-0.9697019457817078,0.008502114564180374,0.24414312839508057,-0.23824751377105713,-0.25383806228637695,-0.9374456405639648
410,1648477062.660592,90.3826904296875,-35.26594543457031,1418.1190185546875,0.05776447057723999,0.9983302354812622,0.00012967947986908257,-0.9715129733085632,0.056242700666189194,-0.2302156686782837,-0.229838564991951,0.013172301463782787,0.9731396436691284
300,1648477062.6861403,239.2229766845703,59.011417388916016,1528.795654296875,0.8620082139968872,0.4996890425682068,-0.08516263216733932,-0.5065900087356567,0.8434249758720398,-0.17888787388801575,-0.017560016363859177,0.19734536111354828,0.9801767468452454
4,1648477062.6861491,93.23628997802734,67.94615173339844,1470.3807373046875,0.053429197520017624,-0.9676190614700317,0.2466955929994583,-0.9695777297019958,0.00882988516241312,0.24462425708770752,-0.23888137936592102,-0.25226062536239624,-0.9377101063728333
410,1648477062.6861548,90.35633850097656,-35.09567642211914,1418.0035400390625,0.05748184770345688,0.9983464479446411,0.0004139135708101094,-0.9714246392250061,0.05602739006280899,-0.23064053058624268,-0.23028235137462616,0.012855557724833488,0.973038911819458
300,1648477062.7172673,239.22369384765625,59.008670806884766,1528.7978515625,0.8620079159736633,0.49965476989746094,-0.08536690473556519,-0.5065937638282776,0.8433873653411865,-0.1790543496608734,-0.017467990517616272,0.1975926011800766,0.9801285862922668
4,1648477062.7173004,93.01594543457031,67.9384765625,1470.3638916015625,0.051091503351926804,-0.9682012796401978,0.2448999285697937,-0.9694966673851013,0.01077769510447979,0.2448674440383911,-0.239720419049263,-0.24994032084941864,-0.938117265701294
410,1648477062.7173235,90.09031677246094,-34.831764221191406,1417.936767578125,0.057230547070503235,0.9983578324317932,0.0025054162833839655,-0.9709010124206543,0.05624077096581459,-0.23278361558914185,-0.2325422465801239,0.01088982168585062,0.9725252985954285
300,1648477062.752778,239.22560119628906,59.01042175292969,1528.80517578125,0.8620072603225708,0.4996090233325958,-0.08564073592424393,-0.5065833330154419,0.843158483505249,-0.18015864491462708,-0.017800169065594673,0.19868223369121552,0.9799023270606995
4,1648477062.75279,92.82205200195312,67.9337387084961,1470.317626953125,0.05029619485139847,-0.9685682058334351,0.2436101883649826,-0.9695796966552734,0.011152309365570545,0.24452155828475952,-0.23955261707305908,-0.24849800765514374,-0.9385431408882141
410,1648477062.7527974,89.77642059326172,-34.621299743652344,1417.8587646484375,0.057018574327230453,0.9983627796173096,0.004545957315713167,-0.970661997795105,0.05650072917342186,-0.2337154597043991,-0.23358966410160065,0.008913533762097359,0.9722943902015686
300,1648477062.7785673,239.22109985351562,59.0080451965332,1528.81298828125,0.8620178699493408,0.4996146857738495,-0.0855005756020546,-0.5065735578536987,0.8433117866516113,-0.17946705222129822,-0.01756073161959648,0.19801613688468933,0.9800414443016052
4,1648477062.7785788,92.96553039550781,68.02110290527344,1470.227294921875,0.05222406983375549,-0.9678224921226501,0.24615506827831268,-0.9693251848220825,0.010153367184102535,0.24557188153266907,-0.24016928672790527,-0.25142908096313477,-0.9376044869422913
410,1648477062.7785845,89.67366790771484,-34.59729766845703,1417.7662353515625,0.05602232366800308,0.9984222054481506,0.00382540887221694,-0.9708257913589478,0.05536776781082153,-0.2333059012889862,-0.23314958810806274,0.00935653317719698,0.9723958969116211
300,1648477062.809273,239.21878051757812,59.00889587402344,1528.7969970703125,0.862018346786499,0.4995926022529602,-0.08562472462654114,-0.5065779089927673,0.8433259129524231,-0.17938855290412903,-0.017411649227142334,0.19801181554794312,0.980044960975647
4,1648477062.8092878,92.83655548095703,68.04619598388672,1470.1834716796875,0.05110242962837219,-0.9677267670631409,0.24676600098609924,-0.9690908789634705,0.011663622222840786,0.24642819166183472,-0.2413533329963684,-0.2517317533493042,-0.9372191429138184
410,1648477062.8093052,89.39691162109375,-34.45198440551758,1417.6790771484375,0.054704781621694565,0.9984861612319946,0.0057242251932621,-0.9709905982017517,0.05453307926654816,-0.2328161597251892,-0.23277586698532104,0.0071779885329306126,0.9725039005279541
300,1648477062.8384514,239.22267150878906,59.00850296020508,1528.8033447265625,0.8620168566703796,0.49959906935691833,-0.08560220152139664,-0.5065855979919434,0.8433912396430969,-0.17905916273593903,-0.01726163737475872,0.1977168619632721,0.9801071882247925
4,1648477062.83846,92.49081420898438,67.97364807128906,1470.209228515625,0.04793676361441612,-0.9691444039344788,0.24178747832775116,-0.9693976640701294,0.01320964377373457,0.2451402246952057,-0.24077020585536957,-0.24613943696022034,-0.9388530850410461
410,1648477062.8384652,89.01387786865234,-34.115291595458984,1417.7508544921875,0.054331690073013306,0.9984937310218811,0.007637154310941696,-0.9705789089202881,0.05460643023252487,-0.23450949788093567,-0.23457330465316772,0.005328835919499397,0.9720838069915771
300,1648477062.8713412,239.22486877441406,59.00993728637695,1528.80517578125,0.861992597579956,0.4996195137500763,-0.08572667837142944,-0.5066294074058533,0.8433550000190735,-0.17910625040531158,-0.017186956480145454,0.19781991839408875,0.9800876975059509
4,1648477062.8713496,92.46736145019531,67.96559143066406,1470.204833984375,0.04848865419626236,-0.9689831137657166,0.2423233985900879,-0.9694490432739258,0.01274795550853014,0.244961217045784,-0.24045239388942719,-0.24679803848266602,-0.9387615919113159
410,1648477062.8713543,88.70354461669922,-33.78343963623047,1417.749755859375,0.05304376780986786,0.9985516667366028,0.00899811927229166,-0.9703487157821655,0.05366932228207588,-0.2356756329536438,-0.23581720888614655,0.003769809613004327,0.9717901349067688
300,1648477062.8985996,239.22007751464844,59.01335144042969,1528.7939453125,0.862006664276123,0.49957242608070374,-0.08585979789495468,-0.5066052675247192,0.8433167338371277,-0.1793544441461563,-0.017193537205457687,0.19810175895690918,0.9800306558609009
4,1648477062.8986104,92.63953399658203,68.01563262939453,1470.1658935546875,0.05020848661661148,-0.9684185981750488,0.2442222684621811,-0.9693750739097595,0.011605989187955856,0.24531060457229614,-0.24039779603481293,-0.24905964732170105,-0.9381781220436096
410,1648477062.898616,88.54135131835938,-33.66852569580078,1417.7103271484375,0.051401957869529724,0.9986312985420227,0.009661741554737091,-0.9705038666725159,0.05223127081990242,-0.2353595793247223,-0.23554208874702454,0.002721185330301523,0.9718603491783142
300,1648477062.9317377,239.21939086914062,59.00927734375,1528.82666015625,0.8620186448097229,0.49966755509376526,-0.08518332988023758,-0.5065617561340332,0.8433085083961487,-0.17951600253582,-0.01786249689757824,0.19789674878120422,0.9800601005554199
4,1648477062.931756,92.44087982177734,67.96099853515625,1470.1904296875,0.04984162747859955,-0.968696653842926,0.24319243431091309,-0.9696104526519775,0.011464571580290794,0.24438530206680298,-0.23952332139015198,-0.24798248708248138,-0.9386869668960571
410,1648477062.9317698,88.26406860351562,-33.515419006347656,1417.7593994140625,0.05012952908873558,0.9986828565597534,0.010936375707387924,-0.9706348776817322,0.05129535496234894,-0.23502494394779205,-0.23527635633945465,0.001166461850516498,0.9719278216362
300,1648477062.9674623,239.22152709960938,59.011417388916016,1528.797119140625,0.8620147705078125,0.4995695650577545,-0.0857948586344719,-0.5065914392471313,0.8433467745780945,-0.17925222218036652,-0.017194140702486038,0.19798101484775543,0.980055034160614
4,1648477062.967471,92.28558349609375,67.95276641845703,1470.18798828125,0.0490574911236763,-0.9688209891319275,0.2428564578294754,-0.9695249199867249,0.012242992408573627,0.24468663334846497,-0.24003082513809204,-0.24745909869670868,-0.93869549036026
410,1648477062.967476,87.9995346069336,-33.36495590209961,1417.8360595703125,0.0496363490819931,0.998707115650177,0.010969020426273346,-0.9705791473388672,0.05082335323095322,-0.2353573441505432,-0.23561052978038788,0.0010359766893088818,0.9718469977378845
300,1648477062.9901316,239.22088623046875,59.01502227783203,1528.802001953125,0.861992359161377,0.49959081411361694,-0.08589623868465424,-0.506625771522522,0.8432477712631226,-0.17962057888507843,-0.017304984852671623,0.19834882020950317,0.9799787402153015
4,1648477062.99014,91.97513580322266,67.94866943359375,1470.195068359375,0.04418955370783806,-0.9699153900146484,0.23939810693264008,-0.969333827495575,0.016358744353055954,0.24520254135131836,-0.24174197018146515,-0.2428920865058899,-0.939448893070221
410,1648477062.9901452,87.73961639404297,-33.162776947021484,1417.9041748046875,0.05023065209388733,0.9986736178398132,0.011307334527373314,-0.9703986644744873,0.05148009583353996,-0.2359580546617508,-0.23622718453407288,0.0008797043119557202,0.9716974496841431
300,1648477063.0223064,239.216796875,59.01173782348633,1528.812255859375,0.8620139956474304,0.4996594488620758,-0.08527809381484985,-0.5065654516220093,0.8432239890098572,-0.1799018830060959,-0.017981132492423058,0.19827687740325928,0.9799811244010925
4,1648477063.0223196,91.8392333984375,67.86954498291016,1470.20068359375,0.042898889631032944,-0.9700422286987305,0.23911859095096588,-0.9700847864151001,0.016798479482531548,0.24218441545963287,-0.23894594609737396,-0.24235476553440094,-0.9403026103973389
410,1648477063.0223253,87.45169830322266,-32.99256134033203,1417.921142578125,0.050271790474653244,0.9986538887023926,0.012772301211953163,-0.9703951478004456,0.05186615139245987,-0.2358880639076233,-0.23623299598693848,-0.0005356637411750853,0.9716963171958923
300,1648477063.0538409,239.21978759765625,59.01157760620117,1528.81689453125,0.8620046377182007,0.4996263384819031,-0.08556592464447021,-0.5066011548042297,0.8433341979980469,-0.1792837679386139,-0.01741422340273857,0.1978912353515625,0.9800692796707153
4,1648477063.0538511,92.04019927978516,67.93669128417969,1470.1539306640625,0.044290635734796524,-0.9691974520683289,0.24226973950862885,-0.9696969389915466,0.016615429893136024,0.243745356798172,-0.24026279151439667,-0.24572385847568512,-0.9390918612480164
410,1648477063.053857,87.40702056884766,-33.0997428894043,1417.89892578125,0.04788303002715111,0.9987668991088867,0.01311227772384882,-0.9705469012260437,0.049625083804130554,-0.23574583232402802,-0.23610582947731018,-0.0014378555351868272,0.9717262983322144
300,1648477063.0821984,239.2183837890625,59.008811950683594,1528.83837890625,0.8619944453239441,0.4996344745159149,-0.08562096208333969,-0.5066126585006714,0.843239426612854,-0.17969658970832825,-0.017583636566996574,0.19827412068843842,0.9799888730049133
4,1648477063.0822132,91.92475891113281,67.8978042602539,1470.184814453125,0.04370778426527977,-0.9698071479797363,0.2399243265390396,-0.9699667096138,0.016324836760759354,0.24268919229507446,-0.23927845060825348,-0.24332602322101593,-0.939967155456543
410,1648477063.0822253,87.27765655517578,-33.06912612915039,1417.928466796875,0.04571659117937088,0.9988524317741394,0.014277405105531216,-0.9706125259399414,0.04779532179236412,-0.23585373163223267,-0.23626545071601868,-0.0030753999017179012,0.9716836810112
300,1648477063.1123755,239.2196044921875,59.02031326293945,1528.8291015625,0.862026035785675,0.499574214220047,-0.08565440773963928,-0.5065673589706421,0.8433510661125183,-0.17930002510547638,-0.01733693853020668,0.1979510337114334,0.9800585508346558
4,1648477063.1123831,91.69429016113281,67.9070053100586,1470.243896484375,0.043784838169813156,-0.9704464077949524,0.2373112142086029,-0.9694490432739258,0.016114046797156334,0.24476294219493866,-0.2413533627986908,-0.24077802896499634,-0.9400928020477295
410,1648477063.1123886,87.06048583984375,-32.94852066040039,1418.05859375,0.04612213373184204,0.9988322257995605,0.014383931644260883,-0.9705801010131836,0.04821472242474556,-0.23590168356895447,-0.23631972074508667,-0.0030804688576608896,0.9716704487800598
300,1648477063.1427643,239.21412658691406,59.018272399902344,1528.837890625,0.8619721531867981,0.49967506527900696,-0.08560847491025925,-0.5066548585891724,0.8432736396789551,-0.17941677570343018,-0.017458714544773102,0.19802621006965637,0.9800412058830261
4,1648477063.1427717,91.65890502929688,67.82937622070312,1470.3043212890625,0.04268680140376091,-0.9702606797218323,0.2382688671350479,-0.9701811671257019,0.016697252169251442,0.2418050616979599,-0.23859238624572754,-0.2414858490228653,-0.9406158924102783
410,1648477063.1427767,86.96285247802734,-32.80062484741211,1418.1484375,0.04662507027387619,0.9988175630569458,0.013768975622951984,-0.9705610871315002,0.048558130860328674,-0.235909566283226,-0.23629921674728394,-0.002364330692216754,0.9716774821281433
300,1648477063.1747205,239.2184295654297,59.01974105834961,1528.84716796875,0.8620076775550842,0.49954670667648315,-0.08599905669689178,-0.5066041946411133,0.8432753682136536,-0.17955169081687927,-0.01717356964945793,0.198342427611351,0.979982316493988
4,1648477063.1747282,91.83120727539062,67.93449401855469,1470.1915283203125,0.04562695696949959,-0.9702895283699036,0.23760560154914856,-0.9695401191711426,0.014285532757639885,0.2445155680179596,-0.24064521491527557,-0.24152466654777527,-0.940082848072052
410,1648477063.1747334,86.98759460449219,-32.99589538574219,1418.0672607421875,0.044475801289081573,0.998908519744873,0.014270600862801075,-0.9709270596504211,0.04658432677388191,-0.23479905724525452,-0.23520755767822266,-0.003412835765630007,0.9719391465187073
300,1648477063.2060459,239.21939086914062,59.00901794433594,1528.79443359375,0.8619922399520874,0.4996435046195984,-0.08559056371450424,-0.5066244006156921,0.8433389067649841,-0.1791960597038269,-0.01735229417681694,0.19782787561416626,0.980083167552948
4,1648477063.2060769,91.79193115234375,67.89972686767578,1470.1859130859375,0.04423820227384567,-0.9699507355690002,0.23924584686756134,-0.9697632789611816,0.015839653089642525,0.24353303015232086,-0.24000461399555206,-0.2427852898836136,-0.9399218559265137
410,1648477063.2060962,86.82991790771484,-32.9495849609375,1417.989990234375,0.04433642700314522,0.9989045858383179,0.01496475376188755,-0.9706682562828064,0.04661661759018898,-0.23586022853851318,-0.23629947006702423,-0.004068611189723015,0.9716717600822449
300,1648477063.2357886,239.22427368164062,59.01738739013672,1528.78076171875,0.8619994521141052,0.4996093213558197,-0.08571767061948776,-0.5066168904304504,0.8433538675308228,-0.17914672195911407,-0.017213035374879837,0.19785039126873016,0.9800810813903809
4,1648477063.235808,91.56629180908203,67.92581176757812,1470.097900390625,0.04378816485404968,-0.9703758955001831,0.23759877681732178,-0.9697968363761902,0.015834888443350792,0.2433994859457016,-0.23995134234428406,-0.24108056724071503,-0.9403741359710693
410,1648477063.2358344,86.61946868896484,-32.838993072509766,1417.904052734375,0.0441533587872982,0.9988896250724792,0.016430534422397614,-0.9704522490501404,0.04679000377655029,-0.23671306669712067,-0.23721902072429657,-0.005493372678756714,0.9714406728744507
300,1648477063.2732177,239.2188720703125,59.017555236816406,1528.7725830078125,0.8620224595069885,0.49957048892974854,-0.08571232110261917,-0.5065830945968628,0.8434380292892456,-0.17884591221809387,-0.017053106799721718,0.19758960604667664,0.980136513710022
4,1648477063.273234,91.51445007324219,67.9482192993164,1470.0230712890625,0.041102949529886246,-0.9707944989204407,0.236365407705307,-0.9697091579437256,0.018248895183205605,0.24357977509498596,-0.240779310464859,-0.23921754956245422,-0.9406382441520691
410,1648477063.2732446,86.32644653320312,-32.68347930908203,1417.74658203125,0.044215116649866104,0.9988429546356201,0.018916063010692596,-0.9701827764511108,0.04744770750403404,-0.23768487572669983,-0.23830737173557281,-0.007842774502933025,0.9711580872535706
300,1648477063.2960093,239.21653747558594,59.0146484375,1528.7947998046875,0.8620166778564453,0.49960026144981384,-0.08559700101613998,-0.5065736770629883,0.8432540893554688,-0.1797376573085785,-0.017616955563426018,0.19829803705215454,0.9799834489822388
4,1648477063.2960186,91.7462387084961,68.03063201904297,1470.0009765625,0.04598933830857277,-0.9700650572776794,0.23845066130161285,-0.9691899418830872,0.01449353527277708,0.2458876669406891,-0.24198302626609802,-0.24241220951080322,-0.9395108222961426
