300,1648477797.9881606,83.0346450805664,67.3495864868164,1482.4908447265625,0.8597745299339294,0.5073075294494629,0.05853955075144768,-0.4899151921272278,0.8517389893531799,-0.18580582737922668,-0.14412111043930054,0.13107170164585114,0.9808411002159119
4,1648477797.9881759,-37.92549133300781,56.37095642089844,1546.6881103515625,-0.0099101010710001,-0.9993422031402588,0.03488444164395332,-0.9326359033584595,-0.003346107667312026,-0.3608033061027527,0.3606826961040497,-0.036110080778598785,-0.931989312171936
410,1648477797.9881823,-47.713653564453125,-115.56415557861328,1586.937744140625,0.012417666614055634,0.9882760047912598,0.15217219293117523,-0.9305551648139954,-0.04427303373813629,0.36346521973609924,0.3659410774707794,-0.14611801505088806,0.9190955758094788
300,1648477798.0119238,83.03131866455078,67.34774017333984,1482.4833984375,0.8597989082336426,0.5073412656784058,0.05788446217775345,-0.4899797737598419,0.851618766784668,-0.18618610501289368,-0.14375539124011993,0.1317204087972641,0.980807900428772
4,1648477798.0119348,-37.790809631347656,56.37449264526367,1546.6759033203125,-0.008013740181922913,-0.9992938041687012,0.036710407584905624,-0.9328809976577759,-0.005749039351940155,-0.3601388931274414,0.3600956201553345,-0.03713250160217285,-0.9321761131286621
410,1648477798.0119414,-47.5966911315918,-115.49478149414062,1586.938720703125,0.0130097521468997,0.9882593154907227,0.15223117172718048,-0.9304479956626892,-0.043790608644485474,0.3637978732585907,0.36619290709495544,-0.1463761180639267,0.9189541935920715
300,1648477798.042592,83.03933715820312,67.35195922851562,1482.493896484375,0.8598092794418335,0.5072733163833618,0.05832470953464508,-0.48983171582221985,0.8516709208488464,-0.18633712828159332,-0.14419730007648468,0.1316450983285904,0.9807531237602234
4,1648477798.0426002,-37.74675369262695,56.3822135925293,1546.68359375,-0.007912106812000275,-0.9992680549621582,0.03742729499936104,-0.9327373504638672,-0.006117276381701231,-0.36050471663475037,0.360469788312912,-0.03776218742132187,-0.9320061802864075
410,1648477798.0426056,-47.49806213378906,-115.54962158203125,1586.87939453125,0.012903137132525444,0.9882856607437134,0.1520690768957138,-0.9299250841140747,-0.044037770479917526,0.3651027977466583,0.367522656917572,-0.14612381160259247,0.9184633493423462
300,1648477798.074339,83.04449462890625,67.35309600830078,1482.4852294921875,0.8597355484962463,0.5073683857917786,0.05858462303876877,-0.48991191387176514,0.8516553640365601,-0.1861974000930786,-0.14436458051204681,0.13137921690940857,0.9807641506195068
4,1648477798.074348,-37.85791015625,56.37120819091797,1546.684326171875,-0.009760922752320766,-0.9992752075195312,0.03679322823882103,-0.9325258135795593,-0.004185987636446953,-0.3610790967941284,0.3609714210033417,-0.037835102528333664,-0.9318090677261353
410,1648477798.0743535,-47.64463806152344,-115.30033874511719,1586.70068359375,0.013432328589260578,0.9882087707519531,0.15252195298671722,-0.9300417304039001,-0.04366988688707352,0.364849716424942,0.367208331823349,-0.14675256609916687,0.9184888005256653
300,1648477798.1044211,83.0391616821289,67.34799194335938,1482.482421875,0.8597730994224548,0.5073164701461792,0.058482613414525986,-0.4899396300315857,0.851736843585968,-0.1857513189315796,-0.14404650032520294,0.13105103373527527,0.980854868888855
4,1648477798.1044295,-37.83251953125,56.36803436279297,1546.614990234375,-0.01000550203025341,-0.99919193983078,0.038928207010030746,-0.9330732226371765,-0.004668678157031536,-0.3596562147140503,0.35954734683036804,-0.03992140665650368,-0.9322724938392639
410,1648477798.1044347,-47.82874298095703,-114.92943572998047,1586.478515625,0.013356012292206287,0.9876687526702881,0.15598736703395844,-0.9311597943305969,-0.04456132650375366,0.36187809705734253,0.36436671018600464,-0.15008240938186646,0.9190822243690491
300,1648477798.1342251,83.03301239013672,67.35149383544922,1482.4852294921875,0.8597497940063477,0.5073358416557312,0.058656785637140274,-0.4898531138896942,0.8516639471054077,-0.18631282448768616,-0.14447903633117676,0.13144920766353607,0.9807379245758057
4,1648477798.1342332,-37.69879150390625,56.36485290527344,1546.5145263671875,-0.009067408740520477,-0.9991407990455627,0.04044000059366226,-0.9331551790237427,-0.006078965030610561,-0.35942235589027405,0.35935938358306885,-0.04099582880735397,-0.9322983026504517
410,1648477798.1342394,-47.908016204833984,-114.68994903564453,1586.152099609375,0.013530612923204899,0.9873965978622437,0.15768609941005707,-0.9313276410102844,-0.04495248198509216,0.36139750480651855,0.3639310300350189,-0.15174734592437744,0.9189814925193787
300,1648477798.1640768,83.0381088256836,67.35282135009766,1482.4814453125,0.8597926497459412,0.5073066353797913,0.0582803450524807,-0.4898613393306732,0.8516400456428528,-0.1864003837108612,-0.1441960334777832,0.13171638548374176,0.9807437658309937
4,1648477798.1640851,-37.658775329589844,56.37510681152344,1546.5166015625,-0.008110357448458672,-0.9991471767425537,0.040486570447683334,-0.9330928325653076,-0.006995906587690115,-0.3595675230026245,0.35954412817955017,-0.04069395363330841,-0.9322403073310852
410,1648477798.1640904,-47.963722229003906,-114.45662689208984,1585.8529052734375,0.012869439087808132,0.9874234795570374,0.1575728952884674,-0.9308569431304932,-0.04571748897433281,0.36251240968704224,0.3651571273803711,-0.15134315192699432,0.9185616374015808
300,1648477798.1941698,83.0428466796875,67.3438949584961,1482.4825439453125,0.8597466945648193,0.5073544383049011,0.058541130274534225,-0.4898674190044403,0.8516267538070679,-0.1864452362060547,-0.14444901049137115,0.13161827623844147,0.9807196855545044
4,1648477798.1941786,-37.826210021972656,56.36652374267578,1546.583251953125,-0.009812552481889725,-0.9992419481277466,0.037672556936740875,-0.933033287525177,-0.004401097074151039,-0.35976317524909973,0.35965627431869507,-0.03867994248867035,-0.9322828054428101
410,1648477798.1941843,-48.09150314331055,-113.89344024658203,1585.6239013671875,0.012859747745096684,0.9875073432922363,0.1570473164319992,-0.9311257004737854,-0.04542233794927597,0.36185866594314575,0.36447155475616455,-0.150884211063385,0.9189093708992004
300,1648477798.2264898,83.03668212890625,67.34323120117188,1482.489013671875,0.8597683310508728,0.5073361992835999,0.05838153883814812,-0.4898817539215088,0.8516350984573364,-0.1863691806793213,-0.1442715972661972,0.13163426518440247,0.9807436466217041
4,1648477798.2264977,-37.763031005859375,56.37556076049805,1546.578369140625,-0.008423320949077606,-0.9991844892501831,0.03948872908949852,-0.9332928657531738,-0.0063225748017430305,-0.35906052589416504,0.35901737213134766,-0.03987903147935867,-0.9324784874916077
410,1648477798.2265034,-48.17100524902344,-113.25099182128906,1585.369384765625,0.012991541065275669,0.9873936176300049,0.15775001049041748,-0.9317946434020996,-0.04527914151549339,0.3601507544517517,0.36275333166122437,-0.15166951715946198,0.9194598197937012
300,1648477798.2560403,83.03148651123047,67.35120391845703,1482.4881591796875,0.8598138689994812,0.507301926612854,0.058007605373859406,-0.48983675241470337,0.8515703678131104,-0.18678298592567444,-0.1441529244184494,0.13218434154987335,0.980687141418457
4,1648477798.256049,-37.70060729980469,56.37003707885742,1546.54345703125,-0.008640773594379425,-0.9991593360900879,0.04007381200790405,-0.93308424949646,-0.006353382021188736,-0.3596017062664032,0.3595539927482605,-0.040499478578567505,-0.9322449564933777
410,1648477798.2560537,-48.09756088256836,-112.80691528320312,1585.0948486328125,0.012439334765076637,0.9872536063194275,0.1586681604385376,-0.9316731691360474,-0.04617543891072273,0.36035120487213135,0.3630845844745636,-0.152309387922287,0.9192232489585876
300,1648477798.2860475,83.03543853759766,67.34171295166016,1482.4862060546875,0.8597496151924133,0.5073777437210083,0.05829647183418274,-0.48993030190467834,0.8516014218330383,-0.18639563024044037,-0.1442183554172516,0.13169236481189728,0.9807437062263489
4,1648477798.286056,-37.66913986206055,56.363075256347656,1546.5501708984375,-0.007670593913644552,-0.9991292357444763,0.041011322289705276,-0.9332957863807678,-0.007571902126073837,-0.35902872681617737,0.35902661085128784,-0.041029658168554306,-0.9324250221252441
410,1648477798.2860613,-48.01419448852539,-112.40131378173828,1584.8541259765625,0.01330668292939663,0.9874298572540283,0.15749670565128326,-0.9312888383865356,-0.04510625824332237,0.3614782392978668,0.36403849720954895,-0.15148501098155975,0.918982207775116
300,1648477798.316709,83.04188537597656,67.3414077758789,1482.4906005859375,0.8597298264503479,0.5073836445808411,0.05853649973869324,-0.4899563193321228,0.8516638278961182,-0.18604177236557007,-0.14424797892570496,0.131265327334404,0.9807965755462646
4,1648477798.3167174,-37.818382263183594,56.37019729614258,1546.58154296875,-0.01008734479546547,-0.9991793632507324,0.039227504283189774,-0.9334002733230591,-0.00466338312253356,-0.3588065803050995,0.35869506001472473,-0.04023437201976776,-0.9325872659683228
410,1648477798.3167226,-47.962615966796875,-111.72832489013672,1584.67333984375,0.014212048612535,0.9876595139503479,0.1559702605009079,-0.9317998290061951,-0.0434989370405674,0.3603566586971283,0.36269423365592957,-0.15045446157455444,0.9196827411651611
300,1648477798.348799,83.03913879394531,67.35594177246094,1482.494140625,0.8597280979156494,0.5073573589324951,0.058788612484931946,-0.4899013042449951,0.8517020344734192,-0.18601185083389282,-0.14444486796855927,0.1311189979314804,0.9807871580123901
4,1648477798.3488066,-37.65964889526367,56.37923812866211,1546.556884765625,-0.008134518750011921,-0.9990693926811218,0.0423583909869194,-0.933159351348877,-0.007639144081622362,-0.35938185453414917,0.35937097668647766,-0.04245052486658096,-0.9322287440299988
410,1648477798.3488119,-47.910709381103516,-111.18838500976562,1584.4957275390625,0.014626276679337025,0.987733781337738,0.15546081960201263,-0.9319601655006409,-0.04286336898803711,0.3600180745124817,0.36226558685302734,-0.15014901757240295,0.9199016094207764
300,1648477798.3782804,83.03113555908203,67.35967254638672,1482.4979248046875,0.8597524166107178,0.507336437702179,0.05861383676528931,-0.48985105752944946,0.8516527414321899,-0.18636949360370636,-0.144470676779747,0.13151957094669342,0.9807297587394714
4,1648477798.3782892,-37.57341766357422,56.385807037353516,1546.55859375,-0.007688836194574833,-0.9990599155426025,0.04266408458352089,-0.9331244826316833,-0.008169097825884819,-0.35946065187454224,0.35947123169898987,-0.04257473722100258,-0.9321844577789307
410,1648477798.3782945,-47.81968688964844,-110.91763305664062,1584.195068359375,0.013683902099728584,0.9878379702568054,0.15488366782665253,-0.9316155314445496,-0.04366692528128624,0.36081260442733765,0.36318767070770264,-0.14922934770584106,0.9196876287460327
300,1648477798.4085197,83.0335922241211,67.34855651855469,1482.4884033203125,0.8597731590270996,0.5073422789573669,0.05825713276863098,-0.48989740014076233,0.851615846157074,-0.18641619384288788,-0.1441895067691803,0.13173562288284302,0.9807420969009399
4,1648477798.408528,-37.64598846435547,56.36920928955078,1546.5848388671875,-0.007710896898061037,-0.9991178512573242,0.04128086194396019,-0.932907223701477,-0.007675776723772287,-0.3600350320339203,0.3600342869758606,-0.04128740727901459,-0.9320250153541565
410,1648477798.4085336,-47.87643814086914,-110.56983947753906,1583.951416015625,0.013294514268636703,0.9878048896789551,0.1551283746957779,-0.9316768050193787,-0.04409121721982956,0.3606026768684387,0.3630448877811432,-0.14932355284690857,0.919728696346283
300,1648477798.4379556,83.04389953613281,67.34748840332031,1482.503173828125,0.8597551584243774,0.5073336958885193,0.05859671160578728,-0.4899013936519623,0.85169917345047,-0.1860247105360031,-0.14428336918354034,0.13122910261154175,0.980796217918396
4,1648477798.4379637,-37.7728385925293,56.356224060058594,1546.5948486328125,-0.010768383741378784,-0.9991664886474609,0.03937435895204544,-0.9327247738838196,-0.004156547598540783,-0.3605651557445526,0.3604282736778259,-0.04060814157128334,-0.9319025874137878
410,1648477798.43797,-47.982017517089844,-109.9456787109375,1583.789306640625,0.013445517048239708,0.9877492189407349,0.1554691642522812,-0.9325571656227112,-0.04371170327067375,0.35836634039878845,0.36077189445495605,-0.1498022973537445,0.9205449223518372
300,1648477798.4689012,83.0423812866211,67.34906005859375,1482.488525390625,0.8597639799118042,0.5073552131652832,0.05828029289841652,-0.48991280794143677,0.8516154885292053,-0.1863773912191391,-0.1441919356584549,0.13168831169605255,0.9807481169700623
4,1648477798.468909,-37.60654067993164,56.37271499633789,1546.564208984375,-0.00855857040733099,-0.9990738034248352,0.04216960445046425,-0.9330542683601379,-0.0071879285387694836,-0.35966384410858154,0.35963383316993713,-0.04242473468184471,-0.9321285486221313
410,1648477798.4689143,-47.94298553466797,-109.4290771484375,1583.5377197265625,0.014304869808256626,0.987903892993927,0.15440633893013,-0.9323466420173645,-0.04261726513504982,0.35904520750045776,0.3612825274467468,-0.1490963250398636,0.9204592108726501
300,1648477798.4986537,83.03427124023438,67.3410873413086,1482.501953125,0.8597590327262878,0.507335364818573,0.05852528288960457,-0.48988205194473267,0.8516650199890137,-0.18623162806034088,-0.14432582259178162,0.1314438432455063,0.9807612299919128
4,1648477798.498661,-37.480411529541016,56.356136322021484,1546.581787109375,-0.007386913988739252,-0.9990159273147583,0.04373358562588692,-0.932906448841095,-0.008861938491463661,-0.3600097596645355,0.3600430488586426,-0.04345870390534401,-0.9319229125976562
410,1648477798.4986663,-47.75852584838867,-108.96764373779297,1583.3123779296875,0.012652741745114326,0.988029956817627,0.15374226868152618,-0.9320672154426575,-0.04401959106326103,0.35960108041763306,0.36206430196762085,-0.14784806966781616,0.9203534126281738
300,1648477798.5303872,83.03440856933594,67.33563232421875,1482.51513671875,0.8597159385681152,0.5073500275611877,0.0590289868414402,-0.489853173494339,0.8517163395881653,-0.18607304990291595,-0.14468011260032654,0.13105443120002747,0.9807611107826233
4,1648477798.530395,-37.57624816894531,56.36437225341797,1546.6510009765625,-0.007915656082332134,-0.9990227222442627,0.04348497465252876,-0.9330744743347168,-0.008258866146206856,-0.3595884144306183,0.3595961332321167,-0.043421097099781036,-0.9320971965789795
410,1648477798.5304005,-47.76852035522461,-108.30818176269531,1583.0806884765625,0.013291026465594769,0.9881520867347717,0.15290124714374542,-0.9315820932388306,-0.04331984743475914,0.3609406650066376,0.36328792572021484,-0.14723734557628632,0.9199690222740173
300,1648477798.5604982,83.04542541503906,67.35525512695312,1482.5234375,0.8597019910812378,0.5073690414428711,0.059068672358989716,-0.48991745710372925,0.851754367351532,-0.1857292205095291,-0.14454525709152222,0.13073301315307617,0.9808239340782166
4,1648477798.5605068,-37.71532440185547,56.37899398803711,1546.6536865234375,-0.009795963764190674,-0.999109148979187,0.04104781150817871,-0.9328979253768921,-0.005647577345371246,-0.36009669303894043,0.36000770330429077,-0.04182090982794762,-0.9320114850997925
410,1648477798.5605123,-47.747371673583984,-107.31838989257812,1582.957763671875,0.01335160806775093,0.988158106803894,0.1528569459915161,-0.9322655200958252,-0.042969927191734314,0.35921382904052734,0.36152833700180054,-0.14729933440685272,0.9206520318984985
300,1648477798.5905702,83.04298400878906,67.3577880859375,1482.5277099609375,0.8596972823143005,0.5073726177215576,0.059106454253196716,-0.489840030670166,0.851686418056488,-0.18624429404735565,-0.14483542740345,0.13116101920604706,0.9807239770889282
4,1648477798.590583,-37.54473876953125,56.384639739990234,1546.6397705078125,-0.00858298595994711,-0.9990561604499817,0.042580217123031616,-0.9328041672706604,-0.007342715281993151,-0.36030885577201843,0.36028143763542175,-0.04281153157353401,-0.9318607449531555
410,1648477798.5905893,-47.503562927246094,-106.59794616699219,1582.7889404296875,0.013583100400865078,0.9885308742523193,0.15040695667266846,-0.9319790601730347,-0.0419798344373703,0.3600732982158661,0.36225762963294983,-0.145067036151886,0.9207198023796082
300,1648477798.6228962,83.03714752197266,67.35096740722656,1482.536376953125,0.8596859574317932,0.5073791742324829,0.05921528860926628,-0.48985567688941956,0.8517123460769653,-0.18608462810516357,-0.14484985172748566,0.1309673935174942,0.9807476997375488
4,1648477798.6229038,-37.43267822265625,56.382179260253906,1546.6578369140625,-0.007136174943298101,-0.9989646673202515,0.04492904990911484,-0.9327476024627686,-0.00954622682183981,-0.3604036569595337,0.36045941710472107,-0.0444793663918972,-0.9317138195037842
410,1648477798.6229095,-47.35939407348633,-105.82223510742188,1582.498779296875,0.013861761428415775,0.9887223243713379,0.14911730587482452,-0.931161642074585,-0.04157586023211479,0.3622283637523651,0.36434295773506165,-0.1438734531402588,0.9200840592384338
300,1648477798.6523354,83.03478240966797,67.34880828857422,1482.5181884765625,0.8597267866134644,0.5073686838150024,0.05871039628982544,-0.48989734053611755,0.8516663908958435,-0.1861853152513504,-0.14446626603603363,0.13130642473697662,0.9807589650154114
4,1648477798.6523428,-37.535282135009766,56.376670837402344,1546.6669921875,-0.008537204004824162,-0.998979389667511,0.04435356333851814,-0.9326853156089783,-0.008039640262722969,-0.3606014549732208,0.36059001088142395,-0.044446446001529694,-0.9316648244857788
410,1648477798.6523478,-47.468143463134766,-104.89830780029297,1582.1334228515625,0.014700761996209621,0.9885023236274719,0.1504891812801361,-0.9309393167495728,-0.04139095917344093,0.3628206253051758,0.36487793922424316,-0.14543002843856812,0.9196271896362305
300,1648477798.68275,83.04185485839844,67.35185241699219,1482.50927734375,0.8597376942634583,0.5073851346969604,0.058407172560691833,-0.4899921715259552,0.8516688346862793,-0.1859244704246521,-0.14407888054847717,0.13122722506523132,0.9808265566825867
4,1648477798.682758,-37.61018753051758,56.38318634033203,1546.687744140625,-0.009412484243512154,-0.9989629983901978,0.04454628378152847,-0.9327820539474487,-0.007280784659087658,-0.36036741733551025,0.36031806468963623,-0.044943928718566895,-0.9317461848258972
410,1648477798.6827636,-47.66952896118164,-103.78407287597656,1581.7666015625,0.014811733737587929,0.9884716272354126,0.15067996084690094,-0.9314828515052795,-0.04114089161157608,0.3614513576030731,0.3634835183620453,-0.14570952951908112,0.9201350212097168
300,1648477798.7118797,83.03660583496094,67.33932495117188,1482.5079345703125,0.8597842454910278,0.5073160529136658,0.058322660624980927,-0.4899095594882965,0.8516786098480225,-0.18609724938869476,-0.14408227801322937,0.13143065571784973,0.9807987809181213
4,1648477798.7118893,-37.450042724609375,56.37013626098633,1546.700927734375,-0.008331123739480972,-0.9989187121391296,0.045738283544778824,-0.9326093196868896,-0.008741308003664017,-0.3607817590236664,0.36079147458076477,-0.04566166549921036,-0.9315280318260193
410,1648477798.7118948,-47.64417266845703,-102.94048309326172,1581.4251708984375,0.013360405340790749,0.988490879535675,0.15068954229354858,-0.9318491816520691,-0.0423409529030323,0.36036694049835205,0.36259976029396057,-0.1452345848083496,0.9205586910247803
300,1648477798.7422373,83.03335571289062,67.34300994873047,1482.52294921875,0.8597068786621094,0.5073809027671814,0.05889520421624184,-0.4898986518383026,0.8516859412193298,-0.1860923171043396,-0.1445799022912979,0.13113217055797577,0.9807655215263367
4,1648477798.7422457,-37.3769645690918,56.38712692260742,1546.7467041015625,-0.007325162645429373,-0.9988752603530884,0.04684656113386154,-0.9326045513153076,-0.010080183856189251,-0.3607591688632965,0.3608255982398987,-0.04633193463087082,-0.9314817190170288
410,1648477798.7422512,-47.7158203125,-102.13700866699219,1580.97705078125,0.01243314053863287,0.9884971976280212,0.1507272869348526,-0.9315555691719055,-0.04332999885082245,0.3610079288482666,0.363386332988739,-0.14489930868148804,0.9203013181686401
300,1648477798.7739632,83.03133392333984,67.34809875488281,1482.510498046875,0.8597659468650818,0.5073403120040894,0.05838057026267052,-0.4899223744869232,0.8516659140586853,-0.18612146377563477,-0.14414766430854797,0.13141895830631256,0.9807907342910767
4,1648477798.7739718,-37.566219329833984,56.39484786987305,1546.7669677734375,-0.008426373824477196,-0.998959481716156,0.04482171684503555,-0.9325304627418518,-0.008331241086125374,-0.36099517345428467,0.360992968082428,-0.04483949393033981,-0.9314899444580078
410,1648477798.7739768,-47.98385238647461,-100.99617004394531,1580.5821533203125,0.012644035741686821,0.9882403612136841,0.1523848921060562,-0.9314020872116089,-0.043802209198474884,0.3613468110561371,0.36377227306365967,-0.14650048315525055,0.9198952913284302
300,1648477798.8042588,83.04092407226562,67.35298919677734,1482.5035400390625,0.8597440719604492,0.5073676705360413,0.05846484750509262,-0.48994091153144836,0.8516591787338257,-0.18610362708568573,-0.14421507716178894,0.13135717809200287,0.9807891249656677
4,1648477798.8042758,-37.62034606933594,56.3922004699707,1546.78466796875,-0.008610204793512821,-0.998974621295929,0.044447652995586395,-0.9324510097503662,-0.008034449070692062,-0.3612070083618164,0.3611937463283539,-0.04455532878637314,-0.9314257502555847
410,1648477798.8042843,-48.099369049072266,-99.87188720703125,1580.2562255859375,0.013154707849025726,0.9884546399116516,0.15094482898712158,-0.9313560128211975,-0.04282175749540329,0.3615829646587372,0.36387211084365845,-0.14533989131450653,0.9200398921966553
300,1648477798.8349934,83.03742980957031,67.34423065185547,1482.50634765625,0.8597444295883179,0.5073584318161011,0.058540232479572296,-0.4899631440639496,0.8517078161239624,-0.1858222335577011,-0.1441376507282257,0.13107706606388092,0.9808380007743835
4,1648477798.8350036,-37.450679779052734,56.38365173339844,1546.7728271484375,-0.008527419529855251,-0.9988768100738525,0.046608585864305496,-0.9324097633361816,-0.008898315019905567,-0.36129331588745117,0.3613022565841675,-0.04653920233249664,-0.931286633014679
410,1648477798.8350103,-48.00401306152344,-98.90552520751953,1579.9117431640625,0.011933751404285431,0.9885636568069458,0.1503313183784485,-0.931277334690094,-0.04375765472650528,0.3616735637187958,0.36411547660827637,-0.14431627094745636,0.9201047420501709
300,1648477798.8662539,83.0321273803711,67.3464126586914,1482.5174560546875,0.8597469329833984,0.5073237419128418,0.05880305916070938,-0.4898836314678192,0.8517382144927979,-0.18589262664318085,-0.14439256489276886,0.13101395964622498,0.9808089137077332
4,1648477798.8662615,-37.380828857421875,56.3990592956543,1546.81982421875,-0.008427745662629604,-0.998799741268158,0.04824989661574364,-0.9327048063278198,-0.009545637294650078,-0.3605143129825592,0.3605421781539917,-0.04804123565554619,-0.9315049052238464
410,1648477798.8662682,-48.036495208740234,-97.79903411865234,1579.451904296875,0.011091343127191067,0.9884147047996521,0.15137147903442383,-0.9315569400787354,-0.0448053702712059,0.3608242869377136,0.3634262979030609,-0.14501316845417023,0.920267641544342
300,1648477798.894548,83.03007507324219,67.35118865966797,1482.501953125,0.8597323298454285,0.5073957443237305,0.058393653482198715,-0.48999619483947754,0.8516541719436646,-0.18598103523254395,-0.14409717917442322,0.13128124177455902,0.9808166027069092
4,1648477798.8945575,-37.62856674194336,56.39101028442383,1546.8399658203125,-0.010469784960150719,-0.9989081025123596,0.045530546456575394,-0.9320173859596252,-0.006747376173734665,-0.36235079169273376,0.3622623682022095,-0.04622899368405342,-0.9309290051460266
410,1648477798.8945627,-48.16033935546875,-96.69718170166016,1579.0960693359375,0.01174323633313179,0.9885437488555908,0.15047717094421387,-0.9314459562301636,-0.04392023757100105,0.3612193465232849,0.3636901080608368,-0.14440323412418365,0.9202592968940735
300,1648477798.926881,83.03972625732422,67.34100341796875,1482.5211181640625,0.8596917390823364,0.507387638092041,0.05905865877866745,-0.4899609088897705,0.8517645001411438,-0.18556825816631317,-0.1444590985774994,0.13059505820274353,0.9808549880981445
4,1648477798.9268897,-37.590110778808594,56.38060760498047,1546.84912109375,-0.009488270618021488,-0.9988951683044434,0.046026501804590225,-0.9320811033248901,-0.007834003306925297,-0.3621649444103241,0.3621253967285156,-0.04633675143122673,-0.9309769868850708
410,1648477798.9268954,-48.12277603149414,-95.49726104736328,1578.67431640625,0.01264992542564869,0.9886128306388855,0.14994896948337555,-0.9315819144248962,-0.04283475503325462,0.3609990179538727,0.3633112609386444,-0.1442563533782959,0.9204319715499878
300,1648477798.9568136,83.04100799560547,67.3464126586914,1482.51171875,0.8597046732902527,0.5074034333229065,0.05873339623212814,-0.48996368050575256,0.8516800999641418,-0.18594786524772644,-0.14437265694141388,0.13108301162719727,0.980802595615387
4,1648477798.9568217,-37.41604995727539,56.37876892089844,1546.8131103515625,-0.008961671963334084,-0.9988075494766235,0.0479918010532856,-0.9321355223655701,-0.009030161425471306,-0.36199694871902466,0.36199867725372314,-0.0479789637029171,-0.9309430718421936
410,1648477798.9568274,-48.04822540283203,-94.56561279296875,1578.226806640625,0.011177819222211838,0.9886441230773926,0.1498594433069229,-0.9317529201507568,-0.04409594461321831,0.36040544509887695,0.3629209101200104,-0.1436605155467987,0.9206791520118713
300,1648477798.9866524,83.03556060791016,67.35566711425781,1482.514892578125,0.8597078323364258,0.5073794722557068,0.05889467895030975,-0.4899170696735382,0.8517047166824341,-0.18595795333385468,-0.1445121169090271,0.13101600110530853,0.9807910323143005
4,1648477798.9866657,-37.3513298034668,56.39535903930664,1546.737060546875,-0.00830934289842844,-0.9987446069717407,0.04939844831824303,-0.9324010014533997,-0.010111924260854721,-0.3612839877605438,0.36132994294166565,-0.04906119778752327,-0.9311464428901672
410,1648477798.9866712,-48.22224807739258,-93.65612030029297,1577.6231689453125,0.010754009708762169,0.98824143409729,0.1525227278470993,-0.9315598011016846,-0.04553624615073204,0.3607253134250641,0.3634290099143982,-0.14596329629421234,0.9201163649559021
300,1648477799.01615,83.03280639648438,67.35126495361328,1482.5108642578125,0.8597302436828613,0.507358193397522,0.058749720454216,-0.4898759126663208,0.8516700863838196,-0.18622474372386932,-0.14451803267002106,0.131322979927063,0.9807491302490234
4,1648477799.0161579,-37.567047119140625,56.3756103515625,1546.7235107421875,-0.012710325419902802,-0.9987835884094238,0.04764286428689957,-0.9321826696395874,-0.005402463022619486,-0.3619479238986969,0.3617650270462036,-0.049012329429388046,-0.9309800267219543
410,1648477799.0161633,-48.57991027832031,-92.38845825195312,1577.1295166015625,0.010184398852288723,0.9877703189849854,0.15558283030986786,-0.9326398968696594,-0.04673587530851364,0.35776883363723755,0.3606647551059723,-0.14874643087387085,0.920758068561554
300,1648477799.0487304,83.03971862792969,67.34500885009766,1482.51318359375,0.859774112701416,0.5073359608650208,0.058298707008361816,-0.48995354771614075,0.8516846299171448,-0.18595364689826965,-0.143993079662323,0.1313144713640213,0.9808274507522583
4,1648477799.0487382,-37.47682189941406,56.38856506347656,1546.69287109375,-0.009090281091630459,-0.9986394047737122,0.05134839937090874,-0.9327302575111389,-0.01004264410585165,-0.36043500900268555,0.3604602813720703,-0.05117066204547882,-0.931369960308075
410,1648477799.048748,-48.99357604980469,-91.14221954345703,1576.593994140625,0.010593288578093052,0.9872459769248962,0.15884937345981598,-0.9328733682632446,-0.04744267091155052,0.35706645250320435,0.36004868149757385,-0.15196886658668518,0.9204729199409485
300,1648477799.0785775,83.03416442871094,67.35198211669922,1482.5050048828125,0.8597365617752075,0.5074009299278259,0.0582861602306366,-0.489992618560791,0.8516220450401306,-0.1861373782157898,-0.14408406615257263,0.13146932423114777,0.9807933568954468
4,1648477799.078586,-37.520870208740234,56.37679672241211,1546.6727294921875,-0.010149628855288029,-0.9987255334854126,0.04943963140249252,-0.9324464797973633,-0.008404833264648914,-0.36121034622192383,0.36116552352905273,-0.04976596310734749,-0.931172788143158
410,1648477799.0785916,-49.3220100402832,-90.06510162353516,1576.1551513671875,0.008787332102656364,0.986894965171814,0.16112440824508667,-0.9328070282936096,-0.04996253550052643,0.3568960428237915,0.36026909947395325,-0.1534341424703598,0.9201435446739197
300,1648477799.108802,83.02947235107422,67.3587646484375,1482.48486328125,0.8597654700279236,0.5073274970054626,0.058499570935964584,-0.4898933470249176,0.8516818284988403,-0.18612506985664368,-0.14424937963485718,0.1313653588294983,0.9807829856872559
4,1648477799.1088114,-37.44541931152344,56.40357971191406,1546.6971435546875,-0.008256345987319946,-0.9986411333084106,0.05145638808608055,-0.9328347444534302,-0.010844502598047256,-0.3601413369178772,0.36020997166633606,-0.05097375810146332,-0.9314775466918945
410,1648477799.1088169,-49.72781753540039,-88.98214721679688,1575.76611328125,0.0077155837789177895,0.9865261316299438,0.16342170536518097,-0.9326154589653015,-0.051865167915821075,0.35712525248527527,0.3607892692089081,-0.15516504645347595,0.9196493625640869
300,1648477799.1382928,83.02733612060547,67.34550476074219,1482.49072265625,0.8598012924194336,0.5073203444480896,0.058032721281051636,-0.4899064004421234,0.8516119122505188,-0.18641044199466705,-0.14399117231369019,0.13184534013271332,0.9807565212249756
4,1648477799.1383014,-37.71250915527344,56.37800979614258,1546.7705078125,-0.01193269807845354,-0.99881511926651,0.04718003794550896,-0.9322124719619751,-0.005955931730568409,-0.361862450838089,0.3617146909236908,-0.04829981550574303,-0.9310368299484253
410,1648477799.138307,-49.999847412109375,-87.63164520263672,1575.460693359375,0.0067998748272657394,0.9858832359313965,0.16729603707790375,-0.9329651594161987,-0.05395825207233429,0.35589954257011414,0.35990238189697266,-0.15850144624710083,0.9194278120994568
300,1648477799.1681445,83.03483581542969,67.3436279296875,1482.473388671875,0.8597273230552673,0.5073918700218201,0.058501388877630234,-0.48995521664619446,0.8516437411308289,-0.18613645434379578,-0.14426647126674652,0.13136354088783264,0.9807807207107544
4,1648477799.1681533,-37.62965774536133,56.382328033447266,1546.7730712890625,-0.012123511172831059,-0.9987826347351074,0.047815050929784775,-0.9324578046798706,-0.005974818952381611,-0.3612295091152191,0.3610754609107971,-0.048964887857437134,-0.9312502145767212
410,1648477799.1681583,-50.223079681396484,-86.45372009277344,1575.1136474609375,0.0072862450033426285,0.9853922724723816,0.17014402151107788,-0.9323787093162537,-0.05480027198791504,0.35730496048927307,0.361409455537796,-0.16124208271503448,0.9183595180511475
300,1648477799.1984618,83.04158020019531,67.3606185913086,1482.487548828125,0.8597325086593628,0.5073803663253784,0.058525294065475464,-0.4899652600288391,0.8516745567321777,-0.18596921861171722,-0.1442016363143921,0.1312084197998047,0.9808109998703003
4,1648477799.1984699,-37.44852828979492,56.41313934326172,1546.7257080078125,-0.010447998531162739,-0.9986889958381653,0.050111424177885056,-0.9329032897949219,-0.008305588737130165,-0.3600311279296875,0.35997533798217773,-0.0505107156932354,-0.9315934777259827
410,1648477799.1984746,-50.55146026611328,-85.19631958007812,1574.7088623046875,0.0052704112604260445,0.9843845963478088,0.17595236003398895,-0.9324944019317627,-0.05870823934674263,0.35638120770454407,0.3611460030078888,-0.1659528613090515,0.9176236987113953
300,1648477799.2305722,83.02693939208984,67.3571548461914,1482.5130615234375,0.8597460985183716,0.5073399543762207,0.05867557227611542,-0.48983579874038696,0.8516457676887512,-0.1864413619041443,-0.14455996453762054,0.1315508335828781,0.9807124137878418
4,1648477799.2305803,-37.51261901855469,56.39022445678711,1546.754638671875,-0.009522445499897003,-0.9987106919288635,0.04986285790801048,-0.9322594404220581,-0.009168541990220547,-0.3616742193698883,0.3616650700569153,-0.049929141998291016,-0.9309701919555664
410,1648477799.2305858,-51.10608673095703,-83.74141693115234,1574.2718505859375,0.0046583362855017185,0.9830449223518372,0.1833057850599289,-0.9325230717658997,-0.061919115483760834,0.355762243270874,0.3610803782939911,-0.1725941300392151,0.9164236187934875
300,1648477799.2605383,83.0250473022461,67.34857940673828,1482.4993896484375,0.8597506880760193,0.5073633790016174,0.05840512365102768,-0.48991501331329346,0.8516300320625305,-0.1863050013780594,-0.14426389336585999,0.13156230747699738,0.9807544350624084
4,1648477799.2605524,-37.644630432128906,56.37990951538086,1546.7916259765625,-0.010824158787727356,-0.9987590312957764,0.048613715916872025,-0.9320677518844604,-0.0075286622159183025,-0.36220577359199524,0.3621222674846649,-0.04923184961080551,-0.9308295845985413
410,1648477799.260558,-51.58634567260742,-82.2522964477539,1573.8782958984375,0.004791035316884518,0.9824198484420776,0.18662339448928833,-0.9327986240386963,-0.06286367774009705,0.3548729717731476,0.3603661060333252,-0.17578226327896118,0.9160987138748169
300,1648477799.290404,83.02921295166016,67.34674072265625,1482.5179443359375,0.859713613986969,0.5073850750923157,0.05876071751117706,-0.4899042248725891,0.8516584634780884,-0.1862034797668457,-0.14452092349529266,0.13129454851150513,0.9807524681091309
4,1648477799.2904124,-37.57349395751953,56.396148681640625,1546.8148193359375,-0.011665094643831253,-0.9986435174942017,0.05074549838900566,-0.9324163794517517,-0.007468192372471094,-0.36130863428115845,0.36119750142097473,-0.0515306331217289,-0.9310644268989563
410,1648477799.290418,-51.97978210449219,-80.8315658569336,1573.4444580078125,0.004574573133140802,0.9814861416816711,0.19147849082946777,-0.9328956604003906,-0.06476756930351257,0.3542751669883728,0.36011776328086853,-0.1802501082420349,0.9153278470039368
300,1648477799.3220088,83.03646850585938,67.3598403930664,1482.5208740234375,0.8596524000167847,0.5074217915534973,0.059337060898542404,-0.4899682104587555,0.8517752289772034,-0.18549960851669312,-0.14466838538646698,0.1303919106721878,0.9808511734008789
4,1648477799.3220174,-37.477420806884766,56.4149055480957,1546.7532958984375,-0.010596254840493202,-0.9986457824707031,0.050934940576553345,-0.9324376583099365,-0.008530443534255028,-0.36123016476631165,0.3611754775047302,-0.05132134631276131,-0.9310845136642456
410,1648477799.3220234,-52.43464660644531,-79.51371002197266,1573.0167236328125,0.002020152984187007,0.9799849390983582,0.1990613341331482,-0.9328932762145996,-0.0698448196053505,0.353315532207489,0.36014729738235474,-0.18641673028469086,0.9140802621841431
300,1648477799.3524368,83.0288314819336,67.35781860351562,1482.5238037109375,0.859630823135376,0.5074711441993713,0.059227656573057175,-0.48996520042419434,0.8516789674758911,-0.18594908714294434,-0.14480674266815186,0.13082806766033173,0.9807726740837097
4,1648477799.3524451,-37.51375198364258,56.410240173339844,1546.7459716796875,-0.00979364849627018,-0.9986488223075867,0.05103570967912674,-0.932558536529541,-0.009298153221607208,-0.36089906096458435,0.36088594794273376,-0.05112830549478531,-0.9312074184417725
410,1648477799.3524508,-53.01882553100586,-78.21398162841797,1572.6683349609375,0.0021684328094124794,0.9784014225006104,0.2067025750875473,-0.9326491951942444,-0.07259538024663925,0.3534054458141327,0.3607780337333679,-0.193547323346138,0.9123478531837463
300,1648477799.3825784,83.02665710449219,67.3517837524414,1482.4957275390625,0.8597814440727234,0.5073350071907043,0.0581987127661705,-0.4898982346057892,0.8516157269477844,-0.186414435505867,-0.14413751661777496,0.131764218211174,0.9807459115982056
4,1648477799.382587,-37.65375900268555,56.37546157836914,1546.7952880859375,-0.011805621907114983,-0.9987356066703796,0.048865869641304016,-0.9317375421524048,-0.00675050588324666,-0.3630695939064026,0.36294040083885193,-0.04981642961502075,-0.9304797649383545
410,1648477799.3825924,-53.41547393798828,-77.0491943359375,1572.4163818359375,0.001626519369892776,0.9776220321655273,0.21036295592784882,-0.933111846446991,-0.07415930181741714,0.3518560826778412,0.3595826327800751,-0.19686445593833923,0.9121100306510925
300,1648477799.411878,83.03660583496094,67.3561782836914,1482.4989013671875,0.8597281575202942,0.5073661804199219,0.05871177837252617,-0.4898937940597534,0.8516671657562256,-0.1861911416053772,-0.1444699764251709,0.13131122291088104,0.9807577729225159
4,1648477799.411886,-37.54157257080078,56.40460968017578,1546.7359619140625,-0.011691219173371792,-0.9986381530761719,0.05084383487701416,-0.9323688745498657,-0.007486192975193262,-0.3614307940006256,0.3613192141056061,-0.05163077637553215,-0.9310116767883301
410,1648477799.4118912,-53.755699157714844,-76.0453872680664,1572.0645751953125,0.0017555159283801913,0.9762387871742249,0.2166905254125595,-0.9331179857254028,-0.07631561160087585,0.3513783812522888,0.3595660626888275,-0.20281468331813812,0.9108119606971741
300,1648477799.442723,83.04419708251953,67.3551025390625,1482.4910888671875,0.859768807888031,0.507332444190979,0.05840703845024109,-0.48984313011169434,0.851610541343689,-0.186583012342453,-0.14439965784549713,0.13180796802043915,0.9807015061378479
4,1648477799.4427319,-37.34999084472656,56.39970016479492,1546.66552734375,-0.01084846816956997,-0.9985451102256775,0.05282066389918327,-0.9325145483016968,-0.008966063149273396,-0.36102110147476196,0.3609694242477417,-0.05317256227135658,-0.9310605525970459
410,1648477799.4427369,-53.93701934814453,-75.27169036865234,1571.7926025390625,0.0006343265995383263,0.9750229120254517,0.2221032977104187,-0.9333716034889221,-0.07913805544376373,0.3500780165195465,0.3589109182357788,-0.20752696692943573,0.9100085496902466
300,1648477799.474252,83.03585052490234,67.34842681884766,1482.46728515625,0.8597082495689392,0.5073773860931396,0.05890540033578873,-0.48990267515182495,0.8516967296600342,-0.18603231012821198,-0.1445581316947937,0.13107559084892273,0.980776309967041
4,1648477799.4742608,-37.40544128417969,56.40502166748047,1546.6805419921875,-0.010814557783305645,-0.9986096620559692,0.0515926219522953,-0.9326338171958923,-0.0085365055128932,-0.36072325706481934,0.36066216230392456,-0.05201808735728264,-0.9312448501586914
410,1648477799.4742715,-54.084774017333984,-74.61365509033203,1571.6041259765625,0.0004941238439641893,0.974055826663971,0.2263072282075882,-0.9331972002983093,-0.0808776319026947,0.35014545917510986,0.35936442017555237,-0.21136228740215302,0.9089462161064148
300,1648477799.5048509,83.03324890136719,67.34603881835938,1482.4630126953125,0.8597279787063599,0.507387638092041,0.058528654277324677,-0.4899386465549469,0.8516402840614319,-0.18619604408740997,-0.14431892335414886,0.13140249252319336,0.9807677865028381
4,1648477799.5048597,-37.4512825012207,56.38837814331055,1546.7149658203125,-0.009725545533001423,-0.9986388087272644,0.05124439299106598,-0.9322349429130554,-0.00948301237076521,-0.3617292642593384,0.36172282695770264,-0.05128983035683632,-0.9308737516403198
410,1648477799.504866,-54.2270622253418,-73.98246002197266,1571.490234375,0.0021108989603817463,0.9736963510513306,0.227839857339859,-0.9329584240913391,-0.08010009676218033,0.350959450006485,0.3599779009819031,-0.21330595016479492,0.9082491397857666
300,1648477799.5346782,83.03860473632812,67.35066986083984,1482.4605712890625,0.8596982955932617,0.5074191093444824,0.058691490441560745,-0.4899538457393646,0.8516398668289185,-0.18615777790546417,-0.1444440335035324,0.13128340244293213,0.9807652831077576
4,1648477799.534687,-37.38311767578125,56.38493347167969,1546.68994140625,-0.010542185045778751,-0.9985164999961853,0.05341912433505058,-0.9323771595954895,-0.00948844850063324,-0.3613624572753906,0.3613332509994507,-0.053616318851709366,-0.9308939576148987
