4,1648475921.7865322,-67.82347869873047,76.53742980957031,1455.4871826171875,-0.029672030359506607,-0.9884092211723328,0.14888501167297363,-0.979122519493103,0.05870731547474861,0.19460858404636383,-0.20109355449676514,-0.14000223577022552,-0.9695157408714294
300,1648475921.7865398,239.21974182128906,59.037071228027344,1528.6231689453125,0.8620121479034424,0.49962109327316284,-0.08552105724811554,-0.5065858364105225,0.8433273434638977,-0.17935946583747864,-0.017489532008767128,0.19793379306793213,0.9800593256950378
410,1648475921.7865446,-68.65855407714844,-89.84355926513672,1395.3946533203125,-0.018092060461640358,0.9898461699485779,-0.140986829996109,-0.981066882610321,-0.044769350439310074,-0.18842361867427826,-0.19282227754592896,0.1349085420370102,0.9719152450561523
4,1648475921.8164933,-67.88638305664062,76.56626892089844,1455.50048828125,-0.029141806066036224,-0.9884047508239746,0.14901961386203766,-0.9788569808006287,0.058414895087480545,0.19602720439434052,-0.2024591714143753,-0.1401563137769699,-0.9692091941833496
300,1648475921.8165002,239.2169189453125,59.03937911987305,1528.631103515625,0.8620266318321228,0.499652624130249,-0.08519002050161362,-0.5065484046936035,0.8433160781860352,-0.17951788008213043,-0.017854465171694756,0.19790206849575043,0.9800592064857483
410,1648475921.8165057,-68.77262115478516,-89.74311828613281,1395.4327392578125,-0.018393848091363907,0.98992520570755,-0.14039163291454315,-0.9812009930610657,-0.04485207051038742,-0.1877044290304184,-0.19211019575595856,0.13429979979991913,0.9721405506134033
4,1648475921.8479352,-68.07759857177734,76.49609375,1455.555908203125,-0.03091569058597088,-0.9885690808296204,0.14756475389003754,-0.9792096018791199,0.05956782400608063,0.19390788674354553,-0.20048144459724426,-0.13850201666355133,-0.969857931137085
300,1648475921.847942,239.21835327148438,59.03535079956055,1528.6484375,0.8619911074638367,0.49965205788612366,-0.0855519101023674,-0.5066142678260803,0.8432159423828125,-0.1798020750284195,-0.01769973896443844,0.1983296126127243,0.9799755811691284
410,1648475921.8479466,-68.91645812988281,-89.4375228881836,1395.661865234375,-0.018372640013694763,0.9897167682647705,-0.14185629785060883,-0.9810611605644226,-0.04520800709724426,-0.18834863603115082,-0.1928248405456543,0.1357092410326004,0.9718032479286194
4,1648475921.8787389,-67.97767639160156,76.52729797363281,1455.5245361328125,-0.02865774743258953,-0.9884882569313049,0.14855873584747314,-0.9791150689125061,0.057685039937496185,0.19495151937007904,-0.20127689838409424,-0.13986922800540924,-0.9694969058036804
300,1648475921.878748,239.2169647216797,59.03175354003906,1528.6373291015625,0.8620059490203857,0.49962061643600464,-0.08558624237775803,-0.5065940022468567,0.8432720899581909,-0.17959575355052948,-0.01755724474787712,0.19817008078098297,0.9800103902816772
410,1648475921.878753,-68.99143981933594,-89.21126556396484,1395.931396484375,-0.018274003639817238,0.9895187616348267,-0.14324338734149933,-0.9809644818305969,-0.04544601961970329,-0.18879434466362,-0.19332538545131683,0.13706664741039276,0.9715132713317871
4,1648475921.9086654,-67.95181274414062,76.50267028808594,1455.5364990234375,-0.030397308990359306,-0.988508939743042,0.14807462692260742,-0.9792936444282532,0.05911755934357643,0.19362090528011322,-0.200149804353714,-0.13912297785282135,-0.9698375463485718
300,1648475921.9086735,239.21746826171875,59.040306091308594,1528.655517578125,0.861997663974762,0.49970293045043945,-0.08518777042627335,-0.5065902471542358,0.8432105183601379,-0.17989543080329895,-0.018063053488731384,0.198224738240242,0.9799901247024536
410,1648475921.908679,-68.79318237304688,-89.25736999511719,1395.957763671875,-0.019426381215453148,0.9890222549438477,-0.1464841067790985,-0.9815211892127991,-0.04676114395260811,-0.18555192649364471,-0.1903647482395172,0.14017266035079956,0.9716547131538391
4,1648475921.9379604,-67.89916229248047,76.51658630371094,1455.5609130859375,-0.02989056520164013,-0.9883840084075928,0.14900867640972137,-0.9790735840797424,0.05897318571805954,0.19477452337741852,-0.2012995332479477,-0.14006853103637695,-0.9694634079933167
300,1648475921.937969,239.2183837890625,59.036231994628906,1528.6541748046875,0.862008810043335,0.4997139573097229,-0.08501029014587402,-0.506576657295227,0.8433423042297363,-0.17931510508060455,-0.017913484945893288,0.19763542711734772,0.9801118969917297
410,1648475921.9379754,-68.73883056640625,-88.9871597290039,1396.0181884765625,-0.019732214510440826,0.9890178442001343,-0.14647310972213745,-0.9815784096717834,-0.04700975865125656,-0.18518602848052979,-0.19003795087337494,0.1401207149028778,0.9717261791229248
4,1648475921.9683979,-68.01396179199219,76.4665298461914,1455.6298828125,-0.031548913568258286,-0.9885193109512329,0.14776407182216644,-0.9792266488075256,0.06019583344459534,0.19362764060497284,-0.2002994418144226,-0.13858577609062195,-0.9698835611343384
300,1648475921.9684062,239.22152709960938,59.032745361328125,1528.6527099609375,0.8620191812515259,0.49959036707878113,-0.08562931418418884,-0.5065692663192749,0.8432433605194092,-0.17980052530765533,-0.017620259895920753,0.19836868345737457,0.9799690842628479
410,1648475921.9684112,-68.88640594482422,-88.41780853271484,1396.13232421875,-0.01856246590614319,0.9892393946647644,-0.14512358605861664,-0.9812228679656982,-0.045894887298345566,-0.18733766674995422,-0.1919822245836258,0.1389211267232895,0.9715161919593811
4,1648475921.9982874,-67.83325958251953,76.51875305175781,1455.5921630859375,-0.027791336178779602,-0.9883835315704346,0.14941751956939697,-0.9790655374526978,0.0570659264922142,0.19538193941116333,-0.20163893699645996,-0.14085961878299713,-0.9692782163619995
300,1648475921.9982994,239.2200164794922,59.03620147705078,1528.6719970703125,0.8619951009750366,0.49976328015327454,-0.08485940098762512,-0.5065919756889343,0.8432967662811279,-0.17948555946350098,-0.01813863031566143,0.1977047622203827,0.980093777179718
410,1648475921.9983084,-68.65519714355469,-88.15020751953125,1396.261962890625,-0.018940363079309464,0.9890974760055542,-0.14603915810585022,-0.9812541007995605,-0.046407513320446014,-0.18704740703105927,-0.19178543984889984,0.13975876569747925,0.9714349508285522
4,1648475922.0304997,-67.83212280273438,76.48017120361328,1455.6064453125,-0.0295117050409317,-0.9883283972740173,0.14945228397846222,-0.9793097376823425,0.058535635471343994,0.19371622800827026,-0.200203537940979,-0.1406431794166565,-0.9696071743965149
300,1648475922.030507,239.2191619873047,59.038536071777344,1528.66748046875,0.8619953989982605,0.499685138463974,-0.08531510084867477,-0.5066015720367432,0.8432445526123047,-0.17970401048660278,-0.017853938043117523,0.19812479615211487,0.9800142049789429
410,1648475922.0305128,-68.42353820800781,-87.95376586914062,1396.411376953125,-0.01881220191717148,0.9889035224914551,-0.1473633199930191,-0.9818307757377625,-0.0461074598133564,-0.18407177925109863,-0.18882377445697784,0.14122305810451508,0.9718033075332642
4,1648475922.0603685,-67.83248901367188,76.50589752197266,1455.6199951171875,-0.029598981142044067,-0.9882873892784119,0.14970634877681732,-0.9790220260620117,0.058869995176792145,0.19506464898586273,-0.20159314572811127,-0.1407921016216278,-0.9692975878715515
300,1648475922.060377,239.21694946289062,59.03597640991211,1528.66943359375,0.8620122671127319,0.4996734857559204,-0.08521274477243423,-0.5065774321556091,0.8433469533920288,-0.1792907565832138,-0.017722932621836662,0.19771769642829895,0.9800987839698792
410,1648475922.0603821,-68.26834869384766,-87.65939331054688,1396.4627685546875,-0.018593445420265198,0.9887656569480896,-0.14831285178661346,-0.9819779396057129,-0.045963630080223083,-0.18332132697105408,-0.188078835606575,0.14223136007785797,0.971800684928894
4,1648475922.0903716,-68.00369262695312,76.46604919433594,1455.6370849609375,-0.03132103011012077,-0.988539457321167,0.1476779580116272,-0.9793494343757629,0.059877753257751465,0.1931045651435852,-0.19973410665988922,-0.1385800838470459,-0.9700009226799011
300,1648475922.0903792,239.2177734375,59.035587310791016,1528.675537109375,0.8620074987411499,0.49973294138908386,-0.08491212129592896,-0.5065738558769226,0.8433205485343933,-0.17942526936531067,-0.018056590110063553,0.19768019020557404,0.9801002740859985
410,1648475922.0903847,-68.26663208007812,-87.07583618164062,1396.576171875,-0.017026619985699654,0.9889585375785828,-0.14721094071865082,-0.9814716577529907,-0.04463467746973038,-0.18633604049682617,-0.19084933400154114,0.1413106918334961,0.9713947772979736
4,1648475922.122839,-67.92108917236328,76.4999008178711,1455.60693359375,-0.028926879167556763,-0.9883568286895752,0.14937885105609894,-0.9792715311050415,0.057992786169052124,0.19407229125499725,-0.2004755735397339,-0.14066855609416962,-0.9695472717285156
300,1648475922.1228478,239.21343994140625,59.04125213623047,1528.680419921875,0.8620030879974365,0.4997352659702301,-0.0849432721734047,-0.5065763592720032,0.8432514071464539,-0.17974263429641724,-0.018195202574133873,0.1979689598083496,0.9800394177436829
410,1648475922.1228533,-68.27068328857422,-86.5054702758789,1396.6080322265625,-0.015927542001008987,0.9892064332962036,-0.14566051959991455,-0.9812824130058289,-0.04342607408761978,-0.18761387467384338,-0.19191430509090424,0.1399458795785904,0.9713825583457947
4,1648475922.1528728,-67.8950424194336,76.49573516845703,1455.599609375,-0.03049517795443535,-0.9883347749710083,0.14921270310878754,-0.9793419241905212,0.059399452060461044,0.1932900846004486,-0.19989846646785736,-0.14023584127426147,-0.9697290658950806
300,1648475922.1528807,239.21029663085938,59.039039611816406,1528.662841796875,0.8619928359985352,0.499702513217926,-0.08523931354284286,-0.5066080093383789,0.8432924151420593,-0.17946098744869232,-0.017795441672205925,0.19787700474262238,0.9800652861595154
410,1648475922.1528857,-68.13139343261719,-86.1366195678711,1396.56640625,-0.01560842152684927,0.9890879392623901,-0.14649733901023865,-0.9817140102386475,-0.042959872633218765,-0.18545104563236237,-0.18972089886665344,0.1409238874912262,0.971671998500824
4,1648475922.1827295,-67.90684509277344,76.51019287109375,1455.598876953125,-0.029843496158719063,-0.9882962107658386,0.14959946274757385,-0.9791724681854248,0.05897575616836548,0.19427600502967834,-0.20082497596740723,-0.1406857967376709,-0.9694724678993225
300,1648475922.182737,239.21063232421875,59.03597640991211,1528.6705322265625,0.8620164394378662,0.49967148900032043,-0.08518265187740326,-0.5065599679946899,0.843245804309845,-0.1798151433467865,-0.01801859401166439,0.19815373420715332,0.9800053238868713
410,1648475922.1827424,-68.03788757324219,-85.65052795410156,1396.6453857421875,-0.016000859439373016,0.9890539646148682,-0.14668399095535278,-0.9818244576454163,-0.04328940436244011,-0.1847885698080063,-0.1891157329082489,0.14106114208698273,0.9717700481414795
4,1648475922.211947,-68.0952377319336,76.47114562988281,1455.6748046875,-0.03115462139248848,-0.9886081218719482,0.14725293219089508,-0.9792630076408386,0.05969652906060219,0.193598210811615,-0.20018325746059418,-0.1381678730249405,-0.9699671864509583
300,1648475922.2119544,239.21273803710938,59.039634704589844,1528.68212890625,0.862003743648529,0.4997498095035553,-0.08485063910484314,-0.5065781474113464,0.8433172106742859,-0.17942863702774048,-0.01811341941356659,0.19765163958072662,0.9801049828529358
410,1648475922.21196,-68.14192962646484,-84.83526611328125,1396.87841796875,-0.015372014604508877,0.9891934990882874,-0.14580783247947693,-0.981236457824707,-0.04295419156551361,-0.18796265125274658,-0.19219449162483215,0.14018259942531586,0.971293032169342
4,1648475922.2425838,-67.89629364013672,76.49578094482422,1455.630859375,-0.02829923667013645,-0.9884498715400696,0.14888238906860352,-0.9792801737785339,0.05729303136467934,0.1942366063594818,-0.20052307844161987,-0.14030082523822784,-0.9695907235145569
300,1648475922.2425919,239.21115112304688,59.0388069152832,1528.671875,0.8619974255561829,0.4997495114803314,-0.08491659164428711,-0.506587028503418,0.8432677984237671,-0.17963574826717377,-0.018165457993745804,0.19786320626735687,0.9800612926483154
410,1648475922.2425978,-68.12893676757812,-83.93827819824219,1396.854736328125,-0.015290156938135624,0.9893234372138977,-0.1449321210384369,-0.9810061454772949,-0.04287559166550636,-0.18917882442474365,-0.19337309896945953,0.13928672671318054,0.971187949180603
4,1648475922.2742035,-67.79974365234375,76.49337005615234,1455.607177734375,-0.02931593917310238,-0.988372266292572,0.1492006778717041,-0.9793345332145691,0.05828309431672096,0.19366726279258728,-0.20011122524738312,-0.14043982326984406,-0.9696556925773621
300,1648475922.274212,239.20848083496094,59.03659439086914,1528.651611328125,0.8619959354400635,0.4997280240058899,-0.08505816757678986,-0.5065972208976746,0.8432992100715637,-0.17945945262908936,-0.01795142889022827,0.19778354465961456,0.98008131980896
410,1648475922.274217,-67.94865417480469,-83.21045684814453,1396.78125,-0.01580819860100746,0.989424467086792,-0.14418520033359528,-0.981336236000061,-0.042992763221263885,-0.18743208050727844,-0.19164881110191345,0.13853120803833008,0.9716377258300781
4,1648475922.30422,-67.83187103271484,76.50470733642578,1455.6455078125,-0.028560778126120567,-0.9883358478546143,0.14958778023719788,-0.9791170358657837,0.05779450759291649,0.1949092447757721,-0.20128114521503448,-0.14089718461036682,-0.9693471193313599
300,1648475922.304227,239.20904541015625,59.03877258300781,1528.6309814453125,0.8619700074195862,0.4997124671936035,-0.08541181683540344,-0.5066549181938171,0.8433005809783936,-0.17929023504257202,-0.017565736547112465,0.1978171169757843,0.9800815582275391
410,1648475922.3042324,-67.82581329345703,-82.18406677246094,1397.0572509765625,-0.015369008295238018,0.9891742467880249,-0.14593854546546936,-0.9814344644546509,-0.042831163853406906,-0.18695411086082458,-0.19118091464042664,0.14035582542419434,0.9714680314064026
4,1648475922.3341894,-67.93702697753906,76.44898986816406,1455.6741943359375,-0.0292380191385746,-0.9885327816009521,0.14814898371696472,-0.9796032905578613,0.057815082371234894,0.19244441390037537,-0.19880284368991852,-0.13950054347515106,-0.9700603485107422
300,1648475922.3341973,239.2117462158203,59.04045104980469,1528.627685546875,0.8619711995124817,0.49978548288345337,-0.08497153222560883,-0.5066364407539368,0.8432773947715759,-0.1794513314962387,-0.018032602965831757,0.19773155450820923,0.980090320110321
410,1648475922.3342025,-67.71112060546875,-80.76597595214844,1397.572265625,-0.013994898647069931,0.9891690611839294,-0.14611202478408813,-0.9810158610343933,-0.04184999316930771,-0.18935814499855042,-0.19342200458049774,0.14068816602230072,0.9709761738777161
4,1648475922.3645737,-67.89875793457031,76.45389556884766,1455.6624755859375,-0.028344295918941498,-0.9884530901908875,0.14885254204273224,-0.9795702695846558,0.05712626129388809,0.19281765818595886,-0.19909459352493286,-0.1403462439775467,-0.9698784947395325
300,1648475922.3645818,239.21084594726562,59.033546447753906,1528.618408203125,0.8619985580444336,0.49969905614852905,-0.08520205318927765,-0.5065967440605164,0.8432936072349548,-0.17948709428310394,-0.017839180305600166,0.19788070023059845,0.980063796043396
410,1648475922.364588,-67.65706634521484,-79.36797332763672,1397.9638671875,-0.012795019894838333,0.9891868233680725,-0.1461016833782196,-0.980836808681488,-0.040824513882398605,-0.1905059665441513,-0.1944105327129364,0.14086438715457916,0.9707531929016113
4,1648475922.3945534,-67.78622436523438,76.4735107421875,1455.6470947265625,-0.029707184061408043,-0.988383948802948,0.14904585480690002,-0.9794111847877502,0.05857038497924805,0.19319209456443787,-0.19967764616012573,-0.1402379870414734,-0.9697743058204651
300,1648475922.3945656,239.2082061767578,59.033485412597656,1528.6207275390625,0.8620170950889587,0.4997873604297638,-0.08449309319257736,-0.5065522193908691,0.8434218764305115,-0.17900945246219635,-0.018203338608145714,0.1971093714237213,0.9802125096321106
410,1648475922.3945735,-67.35306549072266,-78.17050170898438,1398.1436767578125,-0.013798701576888561,0.9888922572135925,-0.1479921042919159,-0.9813534617424011,-0.041771359741687775,-0.18761791288852692,-0.19171573221683502,0.14264369010925293,0.9710292816162109
4,1648475922.4268007,-67.77247619628906,76.5029525756836,1455.6510009765625,-0.02890772372484207,-0.9885064363479614,0.14838939905166626,-0.9792174100875854,0.057818006724119186,0.1943974643945694,-0.2007427215576172,-0.13968589901924133,-0.9696340560913086
300,1648475922.4268079,239.20567321777344,59.035438537597656,1528.6077880859375,0.8620365262031555,0.49962010979652405,-0.0852804109454155,-0.5065351128578186,0.8433313965797424,-0.179483562707901,-0.017753953114151955,0.19791890680789948,0.9800575971603394
410,1648475922.4268131,-67.1571273803711,-76.81543731689453,1398.4927978515625,-0.013998657464981079,0.9886067509651184,-0.14986884593963623,-0.9816062450408936,-0.0421283133327961,-0.18621057271957397,-0.19040276110172272,0.14450550079345703,0.9710123538970947
4,1648475922.4560785,-68.0503158569336,76.40377044677734,1455.75830078125,-0.030979948118329048,-0.9888023734092712,0.14598000049591064,-0.9795380234718323,0.05909261107444763,0.19238850474357605,-0.1988605409860611,-0.13703277707099915,-0.9704001545906067
300,1648475922.4560862,239.20530700683594,59.033180236816406,1528.607421875,0.861997127532959,0.4996005594730377,-0.0857916846871376,-0.5066152811050415,0.8432616591453552,-0.17958495020866394,-0.017375901341438293,0.19826509058475494,0.9799944162368774
410,1648475922.4560912,-67.14444732666016,-75.13916778564453,1399.076171875,-0.01266387291252613,0.9882910847663879,-0.15205399692058563,-0.9811926484107971,-0.041574783623218536,-0.18850071728229523,-0.19261518120765686,0.14680710434913635,0.9702304005622864
4,1648475922.4860723,-67.8916244506836,76.43220520019531,1455.7255859375,-0.026619091629981995,-0.9886859655380249,0.14761941134929657,-0.9797347187995911,0.05512946844100952,0.19256332516670227,-0.19852283596992493,-0.13950200378894806,-0.970117449760437
300,1648475922.486081,239.20640563964844,59.03295135498047,1528.6141357421875,0.8619962930679321,0.49965280294418335,-0.08549536764621735,-0.5065999627113342,0.8431795239448547,-0.18001317977905273,-0.017856143414974213,0.19848264753818512,0.979941725730896
410,1648475922.4860864,-67.05664825439453,-73.51686096191406,1399.4154052734375,-0.011206415481865406,0.9883385896682739,-0.1518591195344925,-0.9811825156211853,-0.04014428332448006,-0.18886324763298035,-0.19275711476802826,0.14688503742218018,0.9701904654502869
4,1648475922.5161371,-67.72728729248047,76.43938446044922,1455.6925048828125,-0.02698964811861515,-0.9884530305862427,0.1491047441959381,-0.9798230528831482,0.05570844188332558,0.19194625318050385,-0.19803625345230103,-0.14091569185256958,-0.9700126051902771
300,1648475922.5161467,239.20579528808594,59.04050827026367,1528.6219482421875,0.8619909882545471,0.4996285140514374,-0.0856904685497284,-0.5066142082214355,0.8431628942489624,-0.1800510734319687,-0.01770763285458088,0.19861441850662231,0.9799177050590515
410,1648475922.5161524,-66.78087615966797,-72.13534545898438,1399.5731201171875,-0.012702724896371365,0.9881478548049927,-0.15297849476337433,-0.9815047979354858,-0.04154800623655319,-0.18687455356121063,-0.19101564586162567,0.1477753072977066,0.9703996777534485
4,1648475922.5486238,-67.71703338623047,76.47235107421875,1455.72412109375,-0.02976592257618904,-0.9883759021759033,0.14908763766288757,-0.9791619181632996,0.05880884826183319,0.1943795531988144,-0.2008877396583557,-0.1401950567960739,-0.9695305228233337
300,1648475922.548631,239.20773315429688,59.039459228515625,1528.614990234375,0.8620080947875977,0.4996376931667328,-0.0854649618268013,-0.5065884590148926,0.8432955145835876,-0.17950160801410675,-0.017613546922802925,0.19802738726139069,0.9800382256507874
410,1648475922.548636,-66.62584686279297,-70.50650787353516,1399.9173583984375,-0.013194194063544273,0.9878655672073364,-0.1547500342130661,-0.9814571142196655,-0.042392194271087646,-0.18693536520004272,-0.19122721254825592,0.1494140625,0.9701070189476013
4,1648475922.577884,-67.96473693847656,76.38019561767578,1455.81884765625,-0.02950146608054638,-0.9886910915374756,0.14703598618507385,-0.9795860648155212,0.05786069482564926,0.19251838326454163,-0.19884881377220154,-0.1383548229932785,-0.9702149629592896
300,1648475922.5778916,239.20777893066406,59.03245544433594,1528.6031494140625,0.8620052933692932,0.49959442019462585,-0.08574561029672623,-0.5066056251525879,0.843333899974823,-0.17927272617816925,-0.017251472920179367,0.19797325134277344,0.9800556302070618
410,1648475922.577897,-66.70453643798828,-68.8470230102539,1400.3680419921875,-0.012091648764908314,0.9881170988082886,-0.1532265543937683,-0.9809197187423706,-0.041457649320364,-0.18994146585464478,-0.1940368115901947,0.14800624549388885,0.9697648286819458
4,1648475922.60862,-67.919677734375,76.37242126464844,1455.804443359375,-0.02664119005203247,-0.9887436032295227,0.14722895622253418,-0.9800974726676941,0.05481898784637451,0.19079777598381042,-0.19672101736068726,-0.1392156481742859,-0.9705255627632141
300,1648475922.6086285,239.2103271484375,59.037723541259766,1528.5882568359375,0.8620028495788574,0.4996451139450073,-0.08547423034906387,-0.5066059827804565,0.8433858752250671,-0.17902690172195435,-0.01736215315759182,0.19762344658374786,0.9801242351531982
410,1648475922.6086338,-66.63340759277344,-67.40096282958984,1400.684326171875,-0.01063406653702259,0.9877944588661194,-0.15539945662021637,-0.9808013439178467,-0.040566474199295044,-0.19074347615242004,-0.1947193592786789,0.15038761496543884,0.9692615270614624
4,1648475922.6383822,-67.7052993774414,76.3985366821289,1455.7540283203125,-0.027498524636030197,-0.9884113669395447,0.14928774535655975,-0.9800707697868347,0.0560508593916893,0.19057697057724,-0.196736142039299,-0.14107197523117065,-0.9702544212341309
300,1648475922.6383908,239.20880126953125,59.04426574707031,1528.589599609375,0.8619979619979858,0.49959421157836914,-0.08582035452127457,-0.5066134333610535,0.8432475924491882,-0.1796560436487198,-0.017387311905622482,0.19834087789058685,0.9799788594245911
410,1648475922.6383963,-66.35369873046875,-66.38021087646484,1400.84521484375,-0.01082921214401722,0.9875723719596863,-0.15679125487804413,-0.9811099171638489,-0.04078126326203346,-0.18910366296768188,-0.1931477040052414,0.1517816185951233,0.9693586826324463
4,1648475922.6685627,-67.67849731445312,76.47010803222656,1455.754150390625,-0.029187487438321114,-0.9882729649543762,0.14988210797309875,-0.9792613983154297,0.05834617465734482,0.19401758909225464,-0.2004873901605606,-0.1411108821630478,-0.969480574131012
300,1648475922.6685703,239.2125244140625,59.03993225097656,1528.6239013671875,0.8620003461837769,0.4997137486934662,-0.0850970670580864,-0.5065828561782837,0.8432141542434692,-0.17989902198314667,-0.018142959102988243,0.19818173348903656,0.9799973368644714
410,1648475922.6685767,-66.19805908203125,-65.23365020751953,1400.92041015625,-0.011543188244104385,0.9876345992088318,-0.15634804964065552,-0.9815803170204163,-0.04101165384054184,-0.18659625947475433,-0.19070100784301758,0.15131424367427826,0.969916045665741
4,1648475922.6986876,-67.81626892089844,76.3741226196289,1455.804931640625,-0.026916788890957832,-0.98861163854599,0.14806245267391205,-0.9801737666130066,0.05518773943185806,0.19029884040355682,-0.1963028758764267,-0.1400046944618225,-0.9704967141151428
300,1648475922.698696,239.2105255126953,59.03425979614258,1528.6270751953125,0.8620275855064392,0.4997471868991852,-0.08462390303611755,-0.5065298080444336,0.8433345556259155,-0.17948375642299652,-0.01833024062216282,0.19758448004722595,0.9801144599914551
410,1648475922.6987014,-66.24871063232422,-63.957035064697266,1401.19189453125,-0.011572761461138725,0.9875831007957458,-0.1566704511642456,-0.9810147881507874,-0.04154703766107559,-0.1894301325082779,-0.19358719885349274,0.1515038013458252,0.9693145155906677
4,1648475922.7304738,-67.91643524169922,76.33248901367188,1455.838623046875,-0.02767905779182911,-0.9886590838432312,0.14760468900203705,-0.9803531765937805,0.05569714680314064,0.18922322988510132,-0.19529841840267181,-0.13946720957756042,-0.9707767367362976
300,1648475922.7304816,239.21231079101562,59.041908264160156,1528.631103515625,0.861979603767395,0.49974513053894043,-0.08512308448553085,-0.5066205859184265,0.8432132601737976,-0.17979717254638672,-0.018075857311487198,0.19810660183429718,0.9800137877464294
410,1648475922.730487,-66.29547882080078,-62.62708282470703,1401.45166015625,-0.010561950504779816,0.9875072240829468,-0.15721935033798218,-0.9805657267570496,-0.04103216528892517,-0.1918521672487259,-0.19590646028518677,0.15213757753372192,0.9687491059303284
4,1648475922.7609472,-67.7027587890625,76.43431091308594,1455.778076171875,-0.028498131781816483,-0.9884538650512695,0.1488180309534073,-0.9796597361564636,0.05720258876681328,0.19233989715576172,-0.1986318975687027,-0.14030970633029938,-0.9699786305427551
300,1648475922.7609575,239.21470642089844,59.04117202758789,1528.638427734375,0.8620076775550842,0.49978405237197876,-0.08460883796215057,-0.5065621733665466,0.8433064818382263,-0.17952421307563782,-0.018372155725955963,0.19761088490486145,0.980108380317688
410,1648475922.7609627,-66.09587860107422,-61.5186653137207,1401.5008544921875,-0.010956729762256145,0.9873684644699097,-0.15806153416633606,-0.980625569820404,-0.04152814298868179,-0.1914389282464981,-0.19558477401733398,0.15290163457393646,0.9686937928199768
4,1648475922.7899532,-67.59759521484375,76.47893524169922,1455.7642822265625,-0.027663683518767357,-0.9881561994552612,0.15093740820884705,-0.9792852997779846,0.05708950385451317,0.19427065551280975,-0.2005866914987564,-0.14243653416633606,-0.9692661166191101
300,1648475922.7899623,239.2157440185547,59.03754806518555,1528.65576171875,0.8620107769966125,0.4996960163116455,-0.0850958526134491,-0.5065636038780212,0.8432068824768066,-0.1799873560667038,-0.018185557797551155,0.19825750589370728,0.9799812436103821
410,1648475922.7899673,-65.9237060546875,-60.34323501586914,1401.529541015625,-0.011644360609352589,0.9873982667922974,-0.15782597661018372,-0.9809392690658569,-0.04189690947532654,-0.18974396586418152,-0.19396528601646423,0.1526082456111908,0.9690656065940857
4,1648475922.8223653,-67.73880767822266,76.40206909179688,1455.7857666015625,-0.026406463235616684,-0.988334059715271,0.14999498426914215,-0.9799533486366272,0.05523314327001572,0.19141769409179688,-0.1974693238735199,-0.141933411359787,-0.9699797630310059
300,1648475922.8223739,239.2174072265625,59.035831451416016,1528.66357421875,0.8620182871818542,0.4997076690196991,-0.0849512591958046,-0.5065487623214722,0.8432425856590271,-0.17986179888248444,-0.018243802711367607,0.19807611405849457,0.980016827583313
410,1648475922.8223796,-65.90972137451172,-58.69763946533203,1401.8753662109375,-0.011037458665668964,0.9874405264854431,-0.15760530531406403,-0.9806280136108398,-0.04151534661650658,-0.19142943620681763,-0.19556821882724762,0.15243928134441376,0.9687700271606445
4,1648475922.8529747,-68.01527404785156,76.39713287353516,1455.8040771484375,-0.031203245744109154,-0.9887439608573914,0.14632737636566162,-0.9797928333282471,0.05919555202126503,0.19105467200279236,-0.19756607711315155,-0.13740898668766022,-0.9706113338470459
300,1648475922.8529828,239.220703125,59.038238525390625,1528.66064453125,0.861983597278595,0.4997459352016449,-0.08507828414440155,-0.5066128969192505,0.8432226777076721,-0.1797744631767273,-0.01810161955654621,0.198064386844635,0.9800218343734741
410,1648475922.8529913,-65.97175598144531,-57.00400161743164,1402.2506103515625,-0.008966694585978985,0.9872693419456482,-0.15880432724952698,-0.9803518056869507,-0.039974700659513474,-0.19316403567790985,-0.19705308973789215,0.15395206212997437,0.9682297706604004
4,1648475922.882197,-67.91061401367188,76.46148681640625,1455.7772216796875,-0.030502619221806526,-0.9885621070861816,0.1476975530385971,-0.9792582988739014,0.05916815251111984,0.1937841773033142,-0.20030668377876282,-0.13872313499450684,-0.9698624014854431
300,1648475922.8822045,239.21910095214844,59.036529541015625,1528.6715087890625,0.8619956374168396,0.4998297691345215,-0.08446139842271805,-0.5065850615501404,0.8433745503425598,-0.1791394203901291,-0.018306618556380272,0.19720427691936493,0.9801914691925049
410,1648475922.8822098,-65.9287338256836,-55.55022048950195,1402.4771728515625,-0.008654976263642311,0.9872329235076904,-0.1590479165315628,-0.980434000492096,-0.03965827077627182,-0.19281183183193207,-0.19665776193141937,0.15426720678806305,0.9682599902153015
4,1648475922.9127667,-67.81421661376953,76.46531677246094,1455.7528076171875,-0.02867698483169079,-0.9882721900939941,0.14998570084571838,-0.979347288608551,0.057821229100227356,0.19374103844165802,-0.20014123618602753,-0.14133217930793762,-0.969519853591919
300,1648475922.9127755,239.21633911132812,59.03177261352539,1528.6722412109375,0.8620305061340332,0.4996693432331085,-0.08505283296108246,-0.5065358877182007,0.8433027863502502,-0.17961564660072327,-0.018023144453763962,0.19791647791862488,0.980053186416626
410,1648475922.912781,-65.83932495117188,-54.34280014038086,1402.6185302734375,-0.009921486489474773,0.987295389175415,-0.15858551859855652,-0.9807475805282593,-0.04053940996527672,-0.19102562963962555,-0.195027694106102,0.1536371111869812,0.9686897397041321
4,1648475922.9425025,-67.88941955566406,76.45526123046875,1455.783203125,-0.026752011850476265,-0.988438606262207,0.14924277365207672,-0.9795784950256348,0.05568284913897514,0.1931978464126587,-0.1992744654417038,-0.1410265862941742,-0.9697428345680237
300,1648475922.94251,239.21420288085938,59.03615951538086,1528.6719970703125,0.8620028495788574,0.4997440576553345,-0.084893599152565,-0.5065745711326599,0.8432458639144897,-0.17977382242679596,-0.018254728987812996,0.19797049462795258,0.9800379872322083
410,1648475922.9425151,-65.98236083984375,-53.023929595947266,1402.8619384765625,-0.010180667042732239,0.9876505136489868,-0.15634210407733917,-0.9803875088691711,-0.04063264653086662,-0.1928454041481018,-0.19681645929813385,0.15131254494190216,0.9686938524246216
4,1648475922.9738479,-68.0696029663086,76.4078598022461,1455.796630859375,-0.03149189427495003,-0.9886445999145508,0.14693592488765717,-0.9797345995903015,0.05962769687175751,0.19121873378753662,-0.19780881702899933,-0.13793636858463287,-0.970487117767334
300,1648475922.9738555,239.2122039794922,59.0335807800293,1528.654296875,0.8620036244392395,0.4997013807296753,-0.08513657748699188,-0.5065880417823792,0.8433213233947754,-0.17938143014907837,-0.01783965900540352,0.19775663316249847,0.9800888299942017
410,1648475922.9738603,-66.078369140625,-51.603111267089844,1403.1029052734375,-0.009894324466586113,0.9876754283905029,-0.15620292723178864,-0.9797736406326294,-0.04079807549715042,-0.19590578973293304,-0.19986410439014435,0.1511051505804062,0.9681020379066467
4,1648475923.0039349,-67.7654037475586,76.53130340576172,1455.702880859375,-0.030666232109069824,-0.9883655309677124,0.14897355437278748,-0.9790582656860352,0.05971286818385124,0.19462589919567108,-0.20125716924667358,-0.13988535106182098,-0.9694986343383789
300,1648475923.003943,239.21551513671875,59.035667419433594,1528.666015625,0.8620277643203735,0.49970054626464844,-0.08489712327718735,-0.5065393447875977,0.8433432579040527,-0.17941595613956451,-0.01805683597922325,0.1976652592420578,0.9801032543182373
410,1648475923.0039485,-65.95535278320312,-51.40836715698242,1402.9970703125,-0.010480975732207298,0.9875162243843079,-0.1571682244539261,-0.9800868630409241,-0.041313815861940384,-0.19422371685504913,-0.19829228520393372,0.15200285613536835,0.9682847261428833
4,1648475923.0344126,-67.81391906738281,76.53363037109375,1455.70458984375,-0.02971995435655117,-0.9884130358695984,0.1488502025604248,-0.9789912104606628,0.05883722007274628,0.195229172706604,-0.20172499120235443,-0.13992083072662354,-0.9693962931632996
300,1648475923.03442,239.21791076660156,59.03876876831055,1528.6484375,0.8619942665100098,0.4996357858181,-0.08561515063047409,-0.5066146850585938,0.8432609438896179,-0.17959003150463104,-0.017533695325255394,0.1981794685125351,0.9800089001655579
410,1648475923.0344255,-66.23638916015625,-50.981685638427734,1402.5546875,-0.010927591472864151,0.9879475831985474,-0.154402494430542,-0.9795702695846558,-0.041585102677345276,-0.19675561785697937,-0.20080508291721344,0.14909802377223969,0.9682185053825378
4,1648475923.0638704,-67.74563598632812,76.49188995361328,1455.6832275390625,-0.0268105361610651,-0.9882099628448486,0.15073902904987335,-0.9796300530433655,0.055994004011154175,0.19284604489803314,-0.1990128606557846,-0.142498180270195,-0.9695814251899719
300,1648475923.063883,239.21334838867188,59.040103912353516,1528.644287109375,0.8620178699493408,0.4997067153453827,-0.08496085554361343,-0.5065621137619019,0.8433778285980225,-0.17918898165225983,-0.017887840047478676,0.19750206172466278,0.9801392555236816
410,1648475923.0638878,-66.369140625,-50.48802185058594,1402.4173583984375,-0.011183369904756546,0.988316535949707,-0.15200434625148773,-0.9793161153793335,-0.04153826832771301,-0.1980265974998474,-0.20202696323394775,0.1466456949710846,0.9683388471603394
4,1648475923.0949433,-68.02123260498047,76.44973754882812,1455.732666015625,-0.029891839250922203,-0.9884772896766663,0.14838846027851105,-0.9796432852745056,0.0584544911980629,0.19204726815223694,-0.19850832223892212,-0.1396271139383316,-0.9701024293899536
300,1648475923.0949528,239.21078491210938,59.03704833984375,1528.6510009765625,0.8620061278343201,0.4995959401130676,-0.08572844415903091,-0.506597638130188,0.8432652950286865,-0.17961759865283966,-0.017444398254156113,0.1982613056898117,0.9799939393997192
410,1648475923.0949583,-66.44666290283203,-49.599430084228516,1402.775390625,-0.009918324649333954,0.9882519841194153,-0.1525111198425293,-0.9791164994239807,-0.04056967422366142,-0.19921080768108368,-0.20305779576301575,0.14735032618045807,0.9680162072181702
4,1648475923.1264448,-68.23426055908203,76.45109558105469,1455.7725830078125,-0.031131532043218613,-0.9887261986732483,0.14646278321743011,-0.9794113636016846,0.05941786244511604,0.19293241202831268,-0.19945983588695526,-0.13744103908538818,-0.9702194333076477
300,1648475923.1264527,239.21253967285156,59.0363655090332,1528.653564453125,0.8620097637176514,0.4996591806411743,-0.08532232791185379,-0.5065814852714539,0.8433023691177368,-0.17948897182941437,-0.017730791121721268,0.19794395565986633,0.9800529479980469
410,1648475923.1264582,-66.25455474853516,-48.46760940551758,1403.4356689453125,-0.007414703723043203,0.9876464009284973,-0.15652355551719666,-0.979559600353241,-0.038639504462480545,-0.19740813970565796,-0.20101742446422577,0.15186043083667755,0.9677450060844421
4,1648475923.1563406,-68.21149444580078,76.42202758789062,1455.79638671875,-0.02938307821750641,-0.988847017288208,0.14600764214992523,-0.9798231720924377,0.05738360434770584,0.1914515197277069,-0.19769471883773804,-0.13743622601032257,-0.9705812931060791
300,1648475923.1563482,239.21241760253906,59.042579650878906,1528.65380859375,0.8619969487190247,0.499705970287323,-0.08517716079950333,-0.5065954923629761,0.8432574272155762,-0.17966055870056152,-0.017951181158423424,0.19801722466945648,0.9800341725349426
410,1648475923.1563532,-65.98360443115234,-47.46350860595703,1403.905029296875,-0.005841980688273907,0.987487256526947,-0.15759047865867615,-0.9799721240997314,-0.03702283278107643,-0.19566284120082855,-0.19904901087284088,0.15329121053218842,0.9679262638092041
4,1648475923.1865773,-67.85367584228516,76.43705749511719,1455.7352294921875,-0.028850119560956955,-0.9885014891624451,0.1484333723783493,-0.979898989200592,0.057293135672807693,0.19109009206295013,-0.19739705324172974,-0.13993674516677856,-0.9702845811843872
300,1648475923.1865857,239.21078491210938,59.03746795654297,1528.65380859375,0.8619977235794067,0.49964144825935364,-0.0855470821261406,-0.5066049098968506,0.8432450890541077,-0.1796918511390686,-0.017644338309764862,0.19823254644870758,0.9799962043762207
410,1648475923.186591,-65.73655700683594,-46.484657287597656,1404.0501708984375,-0.006318683736026287,0.987727701663971,-0.1560579389333725,-0.9802305698394775,-0.03698088973760605,-0.19437192380428314,-0.19775769114494324,0.15174458920955658,0.9684345722198486
4,1648475923.2167232,-67.87007904052734,76.41644287109375,1455.87841796875,-0.031435951590538025,-0.9886265993118286,0.14706870913505554,-0.9794127345085144,0.05982401967048645,0.19279998540878296,-0.19940544664859772,-0.137980118393898,-0.9701541066169739
300,1648475923.2167306,239.21514892578125,59.03392791748047,1528.6650390625,0.861998438835144,0.4996486306190491,-0.08549825847148895,-0.5066100358963013,0.8433336615562439,-0.1792612224817276,-0.017464064061641693,0.19783715903759003,0.9800792932510376
410,1648475923.216736,-65.682373046875,-45.370933532714844,1404.4000244140625,-0.006693881005048752,0.9880855679512024,-0.1537599265575409,-0.979725182056427,-0.0372697114944458,-0.19684907793998718,-0.2002343237400055,0.14932477474212646,0.9683017730712891
4,1648475923.2486296,-67.81922149658203,76.36460876464844,1455.9224853515625,-0.025616317987442017,-0.98867267370224,0.1478857696056366,-0.9801609516143799,0.05392468348145485,0.19072654843330383,-0.19654081761837006,-0.14006614685058594,-0.9704396724700928
300,1648475923.2486367,239.22128295898438,59.03586959838867,1528.6763916015625,0.8619839549064636,0.4997471570968628,-0.08506707847118378,-0.506617546081543,0.8432850241661072,-0.17946864664554596,-0.01795315556228161,0.197795569896698,0.9800788760185242
410,1648475923.2486415,-65.59593963623047,-44.1953010559082,1404.7403564453125,-0.006486926227807999,0.9876824021339417,-0.15633733570575714,-0.980078399181366,-0.03731469810009003,-0.1950741857290268,-0.19850501418113708,0.1519574075937271,0.9682482481002808
4,1648475923.2780218,-67.79400634765625,76.3099136352539,1455.9490966796875,-0.026182446628808975,-0.9886817336082458,0.1477256417274475,-0.9805635213851929,0.05414489656686783,0.18858283758163452,-0.19444699585437775,-0.1399168074131012,-0.9708829522132874
300,1648475923.2780306,239.21946716308594,59.038291931152344,1528.6697998046875,0.8619956374168396,0.4997153878211975,-0.08513543009757996,-0.5065971612930298,0.8432646989822388,-0.17962171137332916,-0.01796802319586277,0.19796249270439148,0.9800449013710022
410,1648475923.2780418,-65.52650451660156,-43.10700225830078,1404.98095703125,-0.006067941430956125,0.9876132011413574,-0.15679079294204712,-0.9800284504890442,-0.037038952112197876,-0.19537757337093353,-0.1987648457288742,0.15247389674186707,0.9681137800216675
4,1648475923.3083622,-67.64936828613281,76.40645599365234,1455.9085693359375,-0.02885754033923149,-0.988249659538269,0.15009935200214386,-0.9797143936157227,0.057754263281822205,0.19189614057540894,-0.19831018149852753,-0.14151684939861298,-0.969869077205658
300,1648475923.3083699,239.2198944091797,59.03639221191406,1528.6663818359375,0.8620107769966125,0.49962571263313293,-0.08550777286291122,-0.5065929293632507,0.8433850407600403,-0.17906785011291504,-0.017350926995277405,0.19767604768276215,0.9801138043403625
410,1648475923.3083756,-65.46920013427734,-42.127628326416016,1405.1431884765625,-0.006200262811034918,0.9877032041549683,-0.15621763467788696,-0.9802432060241699,-0.036888498812913895,-0.19432583451271057,-0.19769889116287231,0.15192639827728271,0.9684180617332458
4,1648475923.3380475,-67.84070587158203,76.38414764404297,1455.938720703125,-0.03286198899149895,-0.988568127155304,0.14715003967285156,-0.9794481992721558,0.061167698353528976,0.19219715893268585,-0.19900082051753998,-0.1378098577260971,-0.9702613353729248
300,1648475923.3380556,239.2222137451172,59.03239822387695,1528.6795654296875,0.8620434999465942,0.4996277987957001,-0.08516474068164825,-0.5065193176269531,0.8433355689048767,-0.17950844764709473,-0.017864955589175224,0.19788168370723724,0.9800630807876587
