300,1648806109.6867468,272.7178649902344,91.68260955810547,1378.831298828125,0.9533372521400452,0.2893584072589874,0.08613820374011993,0.28089332580566406,-0.9546964168548584,0.09825341403484344,0.11066628247499466,-0.06947299093008041,-0.9914264678955078
4,1648806109.6867552,283.3703308105469,-27.653383255004883,1443.05908203125,0.27969133853912354,-0.9360750317573547,0.21339237689971924,-0.8342034816741943,-0.12691469490528107,0.5366536974906921,-0.4752654731273651,-0.3281100392341614,-0.8163740038871765
410,1648806109.68676,281.2464904785156,-115.25443267822266,1370.88623046875,0.2772011160850525,0.8634931445121765,0.42135387659072876,-0.834634006023407,0.4336520731449127,-0.33960556983947754,-0.47596806287765503,-0.25753724575042725,0.8409096002578735
300,1648806109.7184334,272.7229919433594,91.68157196044922,1378.8494873046875,0.9533464908599854,0.2893924117088318,0.08592136949300766,0.28094807267189026,-0.9546853303909302,0.09820422530174255,0.11044742912054062,-0.0694832131266594,-0.9914501905441284
4,1648806109.7184408,283.4272155761719,-27.705608367919922,1443.1412353515625,0.27987998723983765,-0.9360905885696411,0.21307653188705444,-0.8343154788017273,-0.12735886871814728,0.5363742709159851,-0.4749577045440674,-0.32789346575737,-0.8166400790214539
410,1648806109.7184458,281.4388732910156,-115.38325500488281,1371.0169677734375,0.2775898575782776,0.864187479019165,0.4196711480617523,-0.8350458145141602,0.433038592338562,-0.33937594294548035,-0.4750182628631592,-0.25623732805252075,0.8418432474136353
300,1648806109.7492766,272.7126159667969,91.69432067871094,1378.7911376953125,0.9532423615455627,0.28948959708213806,0.08674551546573639,0.2809627950191498,-0.9546582102775574,0.0984257236123085,0.11130554229021072,-0.06945130228996277,-0.9913564324378967
4,1648806109.7492845,283.4652404785156,-27.74496078491211,1443.194580078125,0.2799736261367798,-0.9360939264297485,0.21293868124485016,-0.8346855044364929,-0.12778563797473907,0.5356967449188232,-0.47425195574760437,-0.32771778106689453,-0.8171206116676331
410,1648806109.7492893,281.47802734375,-115.4472885131836,1371.1368408203125,0.2777683436870575,0.8642102479934692,0.41950610280036926,-0.8351616859436035,0.43303555250167847,-0.3390946388244629,-0.4747101366519928,-0.25616565346717834,0.8420388698577881
300,1648806109.7788868,272.7098083496094,91.69011688232422,1378.7958984375,0.953249990940094,0.28945377469062805,0.08678121864795685,0.28094321489334106,-0.9546812176704407,0.09825821220874786,0.1112896129488945,-0.06928404420614243,-0.991369903087616
4,1648806109.7788944,283.4694519042969,-27.811126708984375,1443.2437744140625,0.2800256907939911,-0.9359181523323059,0.21364177763462067,-0.8355442881584167,-0.12802991271018982,0.5342977643013,-0.47270646691322327,-0.3281242549419403,-0.8178527355194092
410,1648806109.7788992,281.4819030761719,-115.48670196533203,1371.1988525390625,0.27793899178504944,0.8639448285102844,0.4199395775794983,-0.835080087184906,0.43336835503578186,-0.3388702869415283,-0.4747537672519684,-0.25649791955947876,0.841913104057312
300,1648806109.8113189,272.71044921875,91.68643951416016,1378.770263671875,0.9532100558280945,0.2895638644695282,0.08685282617807388,0.2809637188911438,-0.9545973539352417,0.0990116149187088,0.11157965660095215,-0.06997636705636978,-0.9912887215614319
4,1648806109.8113267,283.4462890625,-27.934812545776367,1443.341796875,0.27962779998779297,-0.9361147880554199,0.2133011519908905,-0.8358496427536011,-0.12804311513900757,0.5338168144226074,-0.47240206599235535,-0.3275577127933502,-0.818255603313446
410,1648806109.811332,281.4829406738281,-115.59413146972656,1371.3221435546875,0.27797847986221313,0.8641469478607178,0.4194973409175873,-0.8351272344589233,0.43319693207740784,-0.3389732837677002,-0.4746477007865906,-0.2561063766479492,0.8420920968055725
300,1648806109.841079,272.71673583984375,91.68865203857422,1378.796142578125,0.9532808661460876,0.2894267439842224,0.08653198182582855,0.28097063302993774,-0.954707145690918,0.09792736917734146,0.11095549911260605,-0.06903933733701706,-0.9914244413375854
4,1648806109.8410869,283.48504638671875,-28.030250549316406,1443.4493408203125,0.27994245290756226,-0.9357635378837585,0.214426651597023,-0.8365076780319214,-0.12817049026489258,0.5327544212341309,-0.4710490107536316,-0.3285101056098938,-0.8186537623405457
410,1648806109.841092,281.52471923828125,-115.71930694580078,1371.503173828125,0.2778019905090332,0.8647978901863098,0.4182709753513336,-0.835599422454834,0.4323386251926422,-0.33890554308891296,-0.47391951084136963,-0.25535833835601807,0.8427291512489319
300,1648806109.8703792,272.71734619140625,91.69256591796875,1378.81787109375,0.953281819820404,0.2894103229045868,0.08657625317573547,0.2809657156467438,-0.9547219276428223,0.09779708832502365,0.1109597384929657,-0.06890323013067245,-0.9914334416389465
4,1648806109.8703864,283.53717041015625,-28.101743698120117,1443.5687255859375,0.28025051951408386,-0.9357651472091675,0.21401679515838623,-0.8368250131607056,-0.12893004715442657,0.5320722460746765,-0.4703015089035034,-0.32820814847946167,-0.8192044496536255
410,1648806109.8703911,281.54107666015625,-115.83609008789062,1371.6595458984375,0.27744027972221375,0.8653074502944946,0.4174565076828003,-0.8361971378326416,0.43144527077674866,-0.3385695219039917,-0.47307634353637695,-0.25514310598373413,0.8432679176330566
300,1648806109.9009354,272.7064208984375,91.68885803222656,1378.82080078125,0.9533278346061707,0.28941914439201355,0.0860382542014122,0.2809547185897827,-0.9546723961830139,0.09831100702285767,0.11059143394231796,-0.06954976916313171,-0.9914294481277466
4,1648806109.900943,283.5279541015625,-28.191884994506836,1443.61181640625,0.2803157567977905,-0.9356634020805359,0.21437610685825348,-0.8376511931419373,-0.12936824560165405,0.5306640863418579,-0.4687894880771637,-0.32832589745521545,-0.8200234770774841
410,1648806109.900948,281.5310363769531,-115.98420715332031,1371.82666015625,0.2771413028240204,0.8656593561172485,0.4169251620769501,-0.8367308378219604,0.43074092268943787,-0.3381475806236267,-0.47230735421180725,-0.25513947010040283,0.8436999320983887
300,1648806109.930606,272.712890625,91.68745422363281,1378.837890625,0.9533213973045349,0.28945425152778625,0.0859917402267456,0.28091710805892944,-0.9546130895614624,0.098992258310318,0.11074256151914597,-0.0702148824930191,-0.9913657307624817
4,1648806109.9306135,283.5267639160156,-28.275999069213867,1443.687255859375,0.2800746560096741,-0.9357166290283203,0.21445882320404053,-0.837947428226471,-0.1292896568775177,0.530215322971344,-0.46840399503707886,-0.3282051086425781,-0.8202921152114868
410,1648806109.9306195,281.5420227050781,-116.08537292480469,1371.937255859375,0.27706119418144226,0.8659806847572327,0.416310578584671,-0.8370862603187561,0.4302530586719513,-0.3378888964653015,-0.47172415256500244,-0.25487199425697327,0.8441069722175598
300,1648806109.9628534,272.7181396484375,91.69236755371094,1378.824951171875,0.9532806873321533,0.28943806886672974,0.08649606257677078,0.2809368968009949,-0.9546733498573303,0.09835240989923477,0.11104241758584976,-0.0694575160741806,-0.9913855195045471
4,1648806109.9628606,283.5010070800781,-28.330265045166016,1443.74462890625,0.2798914313316345,-0.9354866743087769,0.21569770574569702,-0.838118314743042,-0.1285257488489151,0.530130922794342,-0.4682076871395111,-0.32915928959846497,-0.8200217485427856
410,1648806109.962865,281.539794921875,-116.16167449951172,1372.04296875,0.2771802544593811,0.8659814596176147,0.416229784488678,-0.8372288346290588,0.4302276074886322,-0.3375679552555084,-0.4714011251926422,-0.254912406206131,0.8442752361297607
300,1648806109.993366,272.7184143066406,91.6873550415039,1378.8201904296875,0.9532682299613953,0.28943392634391785,0.0866466611623764,0.2809310257434845,-0.954683244228363,0.09827345609664917,0.11116378754377365,-0.06933923065662384,-0.9913802146911621
4,1648806109.9933739,283.452392578125,-28.362152099609375,1443.75244140625,0.2792961299419403,-0.9357865452766418,0.21516790986061096,-0.8382360339164734,-0.12831786274909973,0.5299951434135437,-0.46835240721702576,-0.3283870816230774,-0.8202487230300903
410,1648806109.9933789,281.47607421875,-116.22712707519531,1372.0711669921875,0.27723178267478943,0.8655699491500854,0.4170505702495575,-0.837189793586731,0.4306045174598694,-0.3371838629245758,-0.47144007682800293,-0.2556723952293396,0.8440236449241638
300,1648806110.022764,272.70635986328125,91.68852996826172,1378.81982421875,0.9533249139785767,0.28945890069007874,0.08593703806400299,0.28100451827049255,-0.9546604156494141,0.09828513115644455,0.11049019545316696,-0.06954897195100784,-0.9914407730102539
4,1648806110.022772,283.3855895996094,-28.35269546508789,1443.69580078125,0.27867040038108826,-0.9359942674636841,0.2150757610797882,-0.8379554748535156,-0.12755338847637177,0.5306229591369629,-0.4692264199256897,-0.3280928134918213,-0.8198668360710144
410,1648806110.0227776,281.412109375,-116.25663757324219,1372.0361328125,0.2771470844745636,0.8658533096313477,0.41651830077171326,-0.8373234272003174,0.4302656948566437,-0.3372846245765686,-0.47125256061553955,-0.25528308749198914,0.8442461490631104
300,1648806110.0528998,272.7159423828125,91.69708251953125,1378.8212890625,0.9532802700996399,0.2894458472728729,0.08647467195987701,0.28092116117477417,-0.9546549320220947,0.09857594966888428,0.11108587682247162,-0.0696779415011406,-0.9913651943206787
4,1648806110.052908,283.343017578125,-28.33437156677246,1443.6529541015625,0.2781788408756256,-0.9360552430152893,0.21544624865055084,-0.8380672931671143,-0.1269347369670868,0.5305947661399841,-0.4693184196949005,-0.3281586766242981,-0.819787859916687
410,1648806110.052913,281.35345458984375,-116.27281188964844,1372.01708984375,0.27706244587898254,0.8662158846855164,0.4158202111721039,-0.8377993702888489,0.42967697978019714,-0.3368529975414276,-0.47045576572418213,-0.2550445795059204,0.8447624444961548
300,1648806110.0823874,272.71759033203125,91.68733978271484,1378.8160400390625,0.9532715678215027,0.2893981635570526,0.08672972768545151,0.28091293573379517,-0.9547101259231567,0.09806383401155472,0.11118124425411224,-0.0691179633140564,-0.9913936853408813
4,1648806110.0823953,283.3580322265625,-28.325559616088867,1443.6461181640625,0.2781726121902466,-0.9359803795814514,0.2157793939113617,-0.837874174118042,-0.12660463154315948,0.5309784412384033,-0.4696667194366455,-0.3284996449947357,-0.8194517493247986
410,1648806110.0824006,281.3338317871094,-116.27008819580078,1372.033447265625,0.27633026242256165,0.8663563132286072,0.41601482033729553,-0.8378694653511047,0.4292033910751343,-0.33728212118148804,-0.4707614779472351,-0.25536486506462097,0.8444953560829163
300,1648806110.1149712,272.70989990234375,91.68869018554688,1378.8231201171875,0.9533175230026245,0.2893575131893158,0.08635962009429932,0.28095072507858276,-0.9547472596168518,0.09759261459112167,0.11069077253341675,-0.06877395510673523,-0.9914724826812744
4,1648806110.1149786,283.3367614746094,-28.29084587097168,1443.627685546875,0.27779465913772583,-0.9361135959625244,0.21568837761878967,-0.8378927707672119,-0.12629520893096924,0.531022846698761,-0.46985727548599243,-0.3282390236854553,-0.8194469213485718
410,1648806110.1149838,281.2392272949219,-116.22344207763672,1371.9910888671875,0.27588048577308655,0.86579430103302,0.4174807071685791,-0.8378139138221741,0.42949041724205017,-0.33705469965934753,-0.4711240231990814,-0.2567843198776245,0.8438625335693359
300,1648806110.1443758,272.71075439453125,91.6797866821289,1378.840087890625,0.9532569050788879,0.2895009517669678,0.08654721081256866,0.28103452920913696,-0.9546797275543213,0.09801104664802551,0.11099915951490402,-0.06910695880651474,-0.9914148449897766
4,1648806110.1443837,283.28863525390625,-28.27965545654297,1443.59326171875,0.2777480185031891,-0.9360303282737732,0.21610939502716064,-0.8377750515937805,-0.12592792510986328,0.5312957167625427,-0.4700947105884552,-0.3286173939704895,-0.8191590309143066
410,1648806110.1443892,281.1473083496094,-116.17926788330078,1371.9093017578125,0.2756698727607727,0.8657574653625488,0.4176962375640869,-0.8378261923789978,0.42942073941230774,-0.3371129035949707,-0.47122544050216675,-0.25702497363090515,0.8437326550483704
300,1648806110.1750948,272.7093811035156,91.69244384765625,1378.8394775390625,0.953307032585144,0.2894101142883301,0.08629852533340454,0.2809719145298004,-0.9547082781791687,0.09791268408298492,0.11072684079408646,-0.06909339129924774,-0.9914462566375732
4,1648806110.175103,283.23980712890625,-28.268569946289062,1443.5693359375,0.27712929248809814,-0.9364485144615173,0.21508966386318207,-0.8378992676734924,-0.1259813755750656,0.5310871005058289,-0.47023844718933105,-0.3274032473564148,-0.8195626139640808
410,1648806110.1751075,281.1022033691406,-116.13932037353516,1371.8509521484375,0.2754809558391571,0.8661105632781982,0.4170883893966675,-0.8378807902336121,0.4290224611759186,-0.33748406171798706,-0.4712388217449188,-0.25649991631507874,0.8438849449157715
300,1648806110.2045324,272.7100524902344,91.67961120605469,1378.85986328125,0.953292727470398,0.28948459029197693,0.08620721101760864,0.2809535562992096,-0.9546220898628235,0.09880153834819794,0.11089683324098587,-0.06996656209230423,-0.9913660287857056
4,1648806110.204541,283.2322998046875,-28.272781372070312,1443.5712890625,0.2770647406578064,-0.9363306760787964,0.21568505465984344,-0.837722897529602,-0.12545694410800934,0.5314893126487732,-0.4705905616283417,-0.32794126868247986,-0.8191453218460083
410,1648806110.2045462,281.0797119140625,-116.0928955078125,1371.8167724609375,0.27509382367134094,0.8664695620536804,0.4165979325771332,-0.8377021551132202,0.4286579489707947,-0.3383895456790924,-0.47178226709365845,-0.25589612126350403,0.84376460313797
300,1648806110.235223,272.7109375,91.68394470214844,1378.8753662109375,0.9533172845840454,0.2894274592399597,0.08612729609012604,0.28099194169044495,-0.9546937942504883,0.09799614548683167,0.11058797687292099,-0.06922034174203873,-0.9914528727531433
4,1648806110.2352307,283.1361999511719,-28.266216278076172,1443.534423828125,0.2764433026313782,-0.9365686774253845,0.21544887125492096,-0.8376758694648743,-0.1249445453286171,0.5316841006278992,-0.4710395038127899,-0.32745683193206787,-0.8190810680389404
410,1648806110.2352357,280.9625549316406,-116.01824188232422,1371.72802734375,0.2751781642436981,0.8668203949928284,0.4158117473125458,-0.8374677300453186,0.42853641510009766,-0.3391228914260864,-0.4721491038799286,-0.2549097239971161,0.8438579440116882
300,1648806110.2671804,272.7095642089844,91.68952178955078,1378.8416748046875,0.9533402919769287,0.2893959581851959,0.08597848564386368,0.2810458242893219,-0.9547469019889832,0.09732209146022797,0.11025231331586838,-0.06861717998981476,-0.9915322065353394
4,1648806110.2671885,283.1204833984375,-28.235931396484375,1443.505126953125,0.2762676477432251,-0.9365341663360596,0.21582373976707458,-0.8375268578529358,-0.12445472180843353,0.5320336222648621,-0.47140738368034363,-0.3277418613433838,-0.8187553882598877
410,1648806110.2671938,280.86993408203125,-115.9276123046875,1371.64013671875,0.27471691370010376,0.8665058016777039,0.41677126288414,-0.836870551109314,0.4289122521877289,-0.3401205539703369,-0.47347474098205566,-0.25534671545028687,0.8429826498031616
300,1648806110.2968209,272.71453857421875,91.67908477783203,1378.8778076171875,0.9533354640007019,0.28942838311195374,0.08592275530099869,0.2809668183326721,-0.9546639919281006,0.0983581691980362,0.11049500852823257,-0.06962688267230988,-0.9914348125457764
4,1648806110.2968292,283.10675048828125,-28.197153091430664,1443.4453125,0.27605411410331726,-0.9367580413818359,0.21512432396411896,-0.8377514481544495,-0.12479712069034576,0.5315997004508972,-0.47113338112831116,-0.32697099447250366,-0.8192211389541626
410,1648806110.2968342,280.7517395019531,-115.83401489257812,1371.4990234375,0.2746792137622833,0.8658042550086975,0.41825151443481445,-0.8366876840591431,0.4295656979084015,-0.33974549174308777,-0.4738195836544037,-0.25662487745285034,0.8424005508422852
300,1648806110.3271723,272.7161560058594,91.68596649169922,1378.86865234375,0.9533186554908752,0.28935447335243225,0.08635721355676651,0.2809191346168518,-0.9547302722930908,0.09784965217113495,0.11076108366250992,-0.06902249902486801,-0.991447389125824
4,1648806110.3271801,283.0648193359375,-28.179046630859375,1443.416259765625,0.275669127702713,-0.9370915293693542,0.21416336297988892,-0.8373717665672302,-0.1247001439332962,0.5322203040122986,-0.47203293442726135,-0.3260510563850403,-0.8190699815750122
410,1648806110.3271854,280.638671875,-115.7496109008789,1371.40869140625,0.27431249618530273,0.8655079007148743,0.4191047251224518,-0.8363022208213806,0.4298538565635681,-0.3403296172618866,-0.47471174597740173,-0.2571415603160858,0.8417404294013977
300,1648806110.3565233,272.712158203125,91.68412780761719,1378.8525390625,0.9533066749572754,0.2894655466079712,0.08611699938774109,0.28104862570762634,-0.9546935558319092,0.09783603250980377,0.11053550243377686,-0.0690646767616272,-0.9914696216583252
4,1648806110.3565311,283.0179138183594,-28.158649444580078,1443.359619140625,0.27576830983161926,-0.937085747718811,0.21406112611293793,-0.8371267914772034,-0.1246868222951889,0.5326086282730103,-0.47240936756134033,-0.32607290148735046,-0.818844199180603
410,1648806110.3565361,280.531982421875,-115.67393493652344,1371.304443359375,0.27360299229621887,0.8652942776679993,0.4200085699558258,-0.8360859155654907,0.4298323094844818,-0.34088781476020813,-0.47550153732299805,-0.2578953206539154,0.8410637974739075
300,1648806110.3869896,272.7122802734375,91.68731689453125,1378.865478515625,0.9533483386039734,0.2893616855144501,0.0860041081905365,0.2809767425060272,-0.9547370076179504,0.0976184830069542,0.1103583499789238,-0.06889926642179489,-0.9915008544921875
4,1648806110.3869975,282.9591369628906,-28.14560890197754,1443.3447265625,0.2752492129802704,-0.9377854466438293,0.21165132522583008,-0.8369860053062439,-0.1254481077194214,0.5326511263847351,-0.4729612469673157,-0.323760986328125,-0.8194428086280823
410,1648806110.3870025,280.4086608886719,-115.6249771118164,1371.19677734375,0.27354106307029724,0.8651942014694214,0.42025506496429443,-0.8358339667320251,0.4300229251384735,-0.34126514196395874,-0.47597992420196533,-0.25791341066360474,0.8407875895500183
300,1648806110.4185817,272.71392822265625,91.68475341796875,1378.86962890625,0.9533178210258484,0.28943660855293274,0.08609074354171753,0.2809358537197113,-0.9546477794647217,0.09860360622406006,0.11072583496570587,-0.06981460005044937,-0.9913958311080933
4,1648806110.418591,282.9394226074219,-28.145544052124023,1443.3115234375,0.27530717849731445,-0.9378952383995056,0.2110888659954071,-0.8369619846343994,-0.12580819427967072,0.5326038599014282,-0.4729699194431305,-0.3233030438423157,-0.8196185827255249
410,1648806110.418596,280.3427429199219,-115.625732421875,1371.12548828125,0.27339431643486023,0.8648650646209717,0.42102721333503723,-0.8356800675392151,0.4303087890148163,-0.34128162264823914,-0.47633427381515503,-0.258539617061615,0.8403944969177246
300,1648806110.448436,272.708740234375,91.6885757446289,1378.8642578125,0.9533586502075195,0.28936120867729187,0.08589159697294235,0.2809995412826538,-0.9547444581985474,0.09747938066720963,0.11021128296852112,-0.06879730522632599,-0.9915242791175842
4,1648806110.448444,282.84979248046875,-28.173809051513672,1443.290771484375,0.2750602662563324,-0.9377509951591492,0.21204929053783417,-0.8369792699813843,-0.12503154575824738,0.5327596068382263,-0.4730829894542694,-0.3240218460559845,-0.8192693591117859
410,1648806110.4484494,280.2386169433594,-115.69649505615234,1371.092041015625,0.2741708755493164,0.8644647002220154,0.42134442925453186,-0.835275411605835,0.4311939775943756,-0.3411550521850586,-0.4765976667404175,-0.25840383768081665,0.840286910533905
300,1648806110.479109,272.70916748046875,91.68132019042969,1378.8568115234375,0.953361451625824,0.289365291595459,0.0858466625213623,0.2809620797634125,-0.9547144174575806,0.0978812724351883,0.11028248816728592,-0.06919657438993454,-0.9914885759353638
4,1648806110.4791172,282.6520080566406,-28.25136947631836,1443.265625,0.27344346046447754,-0.9386724233627319,0.2100541591644287,-0.8372113704681396,-0.1247330904006958,0.532464861869812,-0.4736093580722809,-0.32145875692367554,-0.8199746608734131
410,1648806110.4791217,280.1307067871094,-115.98577117919922,1371.1268310546875,0.27503520250320435,0.8637212514877319,0.4223046898841858,-0.8348547220230103,0.43240201473236084,-0.3406553864479065,-0.4768366813659668,-0.25887084007263184,0.8400075435638428
300,1648806110.5104246,272.70892333984375,91.68338012695312,1378.863525390625,0.9533483982086182,0.2893846333026886,0.08592663705348969,0.28097012639045715,-0.9547067284584045,0.097932830452919,0.11037499457597733,-0.06922128796577454,-0.9914765357971191
4,1648806110.5104325,282.3746643066406,-28.37151527404785,1443.23779296875,0.2718021273612976,-0.939259946346283,0.209557443857193,-0.8380712866783142,-0.123985655605793,0.531285285949707,-0.4730328917503357,-0.32002854347229004,-0.8208663463592529
410,1648806110.5104377,280.26287841796875,-116.45441436767578,1371.151611328125,0.27461951971054077,0.8643173575401306,0.4213544726371765,-0.8344768285751343,0.431941956281662,-0.3421615958213806,-0.4777368903160095,-0.25764626264572144,0.8398725390434265
300,1648806110.5403087,272.7110900878906,91.68643951416016,1378.8436279296875,0.9533107876777649,0.2894102931022644,0.08625694364309311,0.28092557191848755,-0.9546764492988586,0.09835495054721832,0.11081240326166153,-0.06953105330467224,-0.9914060831069946
4,1648806110.540316,282.68505859375,-28.359683990478516,1443.3916015625,0.2738887071609497,-0.9380228519439697,0.21236315369606018,-0.8378632068634033,-0.12430620938539505,0.5315384864807129,-0.47219720482826233,-0.3235136568546295,-0.8199809193611145
410,1648806110.5403209,280.643798828125,-116.79615783691406,1370.7962646484375,0.27357104420661926,0.8652226328849792,0.42017701268196106,-0.8352379202842712,0.4303351938724518,-0.34232908487319946,-0.47700780630111694,-0.25729644298553467,0.8403940200805664
300,1648806110.5707686,272.7123718261719,91.68684387207031,1378.8314208984375,0.953296959400177,0.2893863618373871,0.08648955076932907,0.28091341257095337,-0.9547058939933777,0.09810373187065125,0.11096195876598358,-0.06922591477632523,-0.9914107322692871
4,1648806110.5707765,282.5937194824219,-28.332340240478516,1443.3267822265625,0.2721192538738251,-0.9390473961830139,0.21009786427021027,-0.8377959728240967,-0.12380467355251312,0.5317614674568176,-0.47333815693855286,-0.32072168588638306,-0.8204197883605957
410,1648806110.5707831,280.56695556640625,-117.0013427734375,1370.5740966796875,0.27580785751342773,0.863878607749939,0.42147812247276306,-0.8337651491165161,0.4332009255886078,-0.34230491518974304,-0.47829461097717285,-0.2570033669471741,0.8397520780563354
300,1648806110.6010466,272.7118835449219,91.68438720703125,1378.8310546875,0.9532955884933472,0.2894544005393982,0.08627700060606003,0.2809472978115082,-0.9546506404876709,0.09854333847761154,0.11088819801807404,-0.06970164179801941,-0.9913856387138367
4,1648806110.6010544,282.82611083984375,-28.261127471923828,1443.3629150390625,0.27551043033599854,-0.9376498460769653,0.21191228926181793,-0.8376036882400513,-0.12598079442977905,0.531553328037262,-0.47171398997306824,-0.3239469826221466,-0.8200879693031311
410,1648806110.6010594,281.05224609375,-117.38807678222656,1370.16943359375,0.27331945300102234,0.8640084266662598,0.42283087968826294,-0.8336753249168396,0.43205559253692627,-0.3439672291278839,-0.4798770248889923,-0.2584907114505768,0.8383916616439819
300,1648806110.6303675,272.7126159667969,91.67871856689453,1378.83447265625,0.9532915353775024,0.2894238233566284,0.08642379939556122,0.2810356020927429,-0.9547432661056519,0.09738723933696747,0.11069872975349426,-0.06855026632547379,-0.9914870858192444
4,1648806110.6303751,282.8197326660156,-28.214069366455078,1443.3121337890625,0.27575644850730896,-0.9378102421760559,0.21087978780269623,-0.8368658423423767,-0.12630338966846466,0.5326377749443054,-0.4728783369064331,-0.32335638999938965,-0.8196503520011902
410,1648806110.6303804,281.1069641113281,-117.88200378417969,1369.7880859375,0.2764587104320526,0.8633270859718323,0.422181099653244,-0.8327170014381409,0.43449458479881287,-0.3432154953479767,-0.4797426462173462,-0.2566724419593811,0.8390269875526428
300,1648806110.6631837,272.7073059082031,91.69430541992188,1378.8465576171875,0.9533320665359497,0.28942978382110596,0.08595587313175201,0.2810002565383911,-0.9546858668327332,0.09804996103048325,0.11043943464756012,-0.06932055205106735,-0.9914624691009521
4,1648806110.6631916,283.11279296875,-28.135068893432617,1443.3785400390625,0.2765444815158844,-0.9371521472930908,0.2127651423215866,-0.8374025225639343,-0.12637828290462494,0.5317758917808533,-0.4714660048484802,-0.3252297341823578,-0.8197227716445923
410,1648806110.6631963,281.76153564453125,-118.66551208496094,1369.225341796875,0.27341166138648987,0.8640977144241333,0.4225887060165405,-0.8339660167694092,0.43186670541763306,-0.34349942207336426,-0.4793190658092499,-0.2585078477859497,0.8387054800987244
300,1648806110.6922936,272.71441650390625,91.68152618408203,1378.83984375,0.9532520771026611,0.28950512409210205,0.08658692240715027,0.28103405237197876,-0.9546781778335571,0.09802781045436859,0.11104219406843185,-0.06911133229732513,-0.9914097189903259
4,1648806110.6923015,282.8766784667969,-28.14898109436035,1443.3248291015625,0.27530428767204285,-0.9382835626602173,0.20935988426208496,-0.8367242813110352,-0.12662507593631744,0.5327838063240051,-0.4733920395374298,-0.3218541741371155,-0.8199450373649597
410,1648806110.692307,281.7800598144531,-119.30382537841797,1369.133544921875,0.2758569121360779,0.8635547757148743,0.4221091866493225,-0.8326602578163147,0.43407779932022095,-0.34387990832328796,-0.480187326669693,-0.2566118836402893,0.8387910723686218
300,1648806110.7224958,272.715576171875,91.6859359741211,1378.8406982421875,0.9532608389854431,0.2894209623336792,0.08677124232053757,0.2809763550758362,-0.9547312259674072,0.09767591953277588,0.11111266911029816,-0.06872996687889099,-0.9914283752441406
4,1648806110.7225037,283.19091796875,-28.123607635498047,1443.421875,0.2784178853034973,-0.9361289739608765,0.21481624245643616,-0.8370465040206909,-0.12681657075881958,0.5322318077087402,-0.47099536657333374,-0.32799404859542847,-0.8188914656639099
410,1648806110.722509,282.2967224121094,-120.01213073730469,1368.6082763671875,0.27430468797683716,0.8646315336227417,0.42091476917266846,-0.8347198963165283,0.43141764402389526,-0.3422301709651947,-0.4774930775165558,-0.25747060775756836,0.840065062046051
300,1648806110.752382,272.7082214355469,91.69092559814453,1378.8292236328125,0.9533113241195679,0.2894051671028137,0.08626779913902283,0.28092944622039795,-0.9546842575073242,0.09826785326004028,0.11079773306846619,-0.0694446936249733,-0.9914137721061707
4,1648806110.7523901,282.5995788574219,-28.271648406982422,1443.2655029296875,0.2726582884788513,-0.9393068552017212,0.20823092758655548,-0.8378243446350098,-0.12540972232818604,0.5313405990600586,-0.4729776382446289,-0.31933534145355225,-0.8211681246757507
410,1648806110.7523987,282.0752258300781,-120.23078155517578,1368.7247314453125,0.27562662959098816,0.8638990521430969,0.42155468463897705,-0.8329954147338867,0.433517724275589,-0.3437747061252594,-0.4797380864620209,-0.25639966130256653,0.8391129970550537
300,1648806110.7828124,272.708740234375,91.68215942382812,1378.8336181640625,0.953332245349884,0.2893904149532318,0.08608587831258774,0.28096961975097656,-0.9547113180160522,0.0978894829750061,0.11051543802022934,-0.0691336840391159,-0.9914670586585999
4,1648806110.7828205,283.1627197265625,-28.16945457458496,1443.4259033203125,0.2761423885822296,-0.9369118809700012,0.21433977782726288,-0.8375734090805054,-0.1252060830593109,0.5317839980125427,-0.47139811515808105,-0.3263733983039856,-0.8193071484565735
410,1648806110.7828252,282.2650451660156,-120.52336883544922,1368.2947998046875,0.2761761248111725,0.8636429309844971,0.42171984910964966,-0.8345228433609009,0.43314406275749207,-0.34052586555480957,-0.47675821185112,-0.2578897178173065,0.840353786945343
300,1648806110.814444,272.7097473144531,91.68395233154297,1378.8687744140625,0.9533194899559021,0.28943172097206116,0.08608836680650711,0.2808765172958374,-0.9546146392822266,0.09909245371818542,0.11086171120405197,-0.0702865719795227,-0.9913473129272461
4,1648806110.8144515,282.7484130859375,-28.233936309814453,1443.3104248046875,0.27283233404159546,-0.9385446310043335,0.21141548454761505,-0.8376441597938538,-0.12365517020225525,0.5320354104042053,-0.4731963574886322,-0.3222474157810211,-0.819903552532196
410,1648806110.8144565,282.2432556152344,-120.44915771484375,1368.41943359375,0.2760360538959503,0.8647011518478394,0.41963791847229004,-0.8343068361282349,0.4323405921459198,-0.34207263588905334,-0.4772171080112457,-0.25568240880966187,0.8407676815986633
300,1648806110.8447475,272.7149658203125,91.69029998779297,1378.8541259765625,0.9533607363700867,0.2893340289592743,0.08595973253250122,0.2808462679386139,-0.9546777606010437,0.09856878966093063,0.11058314889669418,-0.06983014196157455,-0.9914106726646423
4,1648806110.8447556,282.3579406738281,-28.348392486572266,1443.2442626953125,0.26936113834381104,-0.9403138756752014,0.20797687768936157,-0.8377141952514648,-0.12224846333265305,0.5322501063346863,-0.47505733370780945,-0.31759268045425415,-0.8206433057785034
410,1648806110.8447604,282.0519104003906,-120.32317352294922,1368.7496337890625,0.2770284414291382,0.8638882637023926,0.4206569492816925,-0.8325790762901306,0.4343584179878235,-0.34372201561927795,-0.4796532988548279,-0.25500941276550293,0.8395849466323853
300,1648806110.8752663,272.7085876464844,91.69387817382812,1378.8553466796875,0.9533674120903015,0.28939324617385864,0.08568619936704636,0.28097549080848694,-0.9546865820884705,0.09811357408761978,0.11019686609506607,-0.06946256756782532,-0.9914795160293579
4,1648806110.8752735,282.9737243652344,-28.230024337768555,1443.400634765625,0.27688926458358765,-0.9365535974502563,0.214941143989563,-0.8377645611763,-0.12573476135730743,0.5313579440116882,-0.4706196188926697,-0.327197402715683,-0.8194260597229004
410,1648806110.875279,282.193603515625,-120.34125518798828,1368.5394287109375,0.27698981761932373,0.8645620942115784,0.41929590702056885,-0.8344359993934631,0.43280091881752014,-0.34117433428764343,-0.4764380156993866,-0.2553737759590149,0.8413031697273254
300,1648806110.904298,272.71038818359375,91.68510437011719,1378.8670654296875,0.9533149600028992,0.28945422172546387,0.08606314659118652,0.2809438407421112,-0.9546347260475159,0.09870739281177521,0.1107301339507103,-0.06992032378911972,-0.9913879036903381
4,1648806110.904306,282.78564453125,-28.28163719177246,1443.360107421875,0.2749512791633606,-0.9379687309265137,0.21122612059116364,-0.8377541899681091,-0.12592189013957977,0.5313300490379333,-0.4717729687690735,-0.32304543256759644,-0.8204095959663391
410,1648806110.904311,282.3008728027344,-120.23171997070312,1368.6851806640625,0.2755061984062195,0.8648932576179504,0.4195902347564697,-0.834521472454071,0.4318373501300812,-0.34218472242355347,-0.47714799642562866,-0.25588303804397583,0.8407458662986755
300,1648806110.9345798,272.7111511230469,91.69022369384766,1378.8433837890625,0.9533355832099915,0.2893778681755066,0.08609110116958618,0.28093868494033813,-0.9547038674354553,0.09805120527744293,0.11056535691022873,-0.06928938627243042,-0.9914506077766418
4,1648806110.9345884,282.7416076660156,-28.296039581298828,1443.3577880859375,0.27360498905181885,-0.9389216899871826,0.20872566103935242,-0.8377195596694946,-0.12598916888237,0.5313686728477478,-0.47261640429496765,-0.3202386796474457,-0.8210242986679077
410,1648806110.934593,282.302734375,-120.04743194580078,1368.8160400390625,0.27692264318466187,0.8648380637168884,0.41877084970474243,-0.8342835903167725,0.432628333568573,-0.34176549315452576,-0.4767439365386963,-0.25473102927207947,0.8413247466087341
300,1648806110.9671283,272.7113037109375,91.68553161621094,1378.8472900390625,0.9532989263534546,0.2894945740699768,0.08610476553440094,0.2810395359992981,-0.9546602964401245,0.09818605333566666,0.11062513291835785,-0.069401815533638,-0.9914360642433167
4,1648806110.9671407,282.91717529296875,-28.231822967529297,1443.41748046875,0.2737700939178467,-0.9390591382980347,0.20788896083831787,-0.836899995803833,-0.1260712891817093,0.5326391458511353,-0.47397083044052124,-0.3198029398918152,-0.8204131722450256
410,1648806110.9671454,282.2620849609375,-119.81542205810547,1369.01904296875,0.2768743932247162,0.8645796179771423,0.4193360209465027,-0.8332202434539795,0.4333851635456085,-0.34339672327041626,-0.4786278307437897,-0.25432151556015015,0.84037846326828
300,1648806110.9964144,272.7079162597656,91.68663787841797,1378.8538818359375,0.9533296227455139,0.28937971591949463,0.08615127205848694,0.28095340728759766,-0.9547152519226074,0.09789805859327316,0.11057964712381363,-0.06912462413311005,-0.9914605021476746
4,1648806110.9964218,283.2742004394531,-28.170740127563477,1443.483154296875,0.2776903212070465,-0.9370329976081848,0.21179528534412384,-0.8370548486709595,-0.12781992554664612,0.5319786071777344,-0.4714098274707794,-0.3250095844268799,-0.8198423981666565
410,1648806110.996427,282.41845703125,-119.73562622070312,1368.7930908203125,0.2770923376083374,0.8647534251213074,0.41883328557014465,-0.8344375491142273,0.43268901109695435,-0.3413125276565552,-0.4763757288455963,-0.25491514801979065,0.8414775133132935
300,1648806111.0264297,272.707763671875,91.68700408935547,1378.86376953125,0.9533663988113403,0.2893626391887665,0.08580080419778824,0.2809089124202728,-0.9546803832054138,0.09836413711309433,0.11037525534629822,-0.06967485696077347,-0.9914447665214539
4,1648806111.0264373,283.09844970703125,-28.174516677856445,1443.409912109375,0.2788231074810028,-0.9370464086532593,0.21024201810359955,-0.8370599746704102,-0.12982407212257385,0.5314849615097046,-0.47073161602020264,-0.32417547702789307,-0.8205620050430298
410,1648806111.0264425,282.52996826171875,-119.49708557128906,1368.9254150390625,0.27595770359039307,0.8660043478012085,0.4169938564300537,-0.8344029188156128,0.43118759989738464,-0.34329143166542053,-0.477094441652298,-0.2532069683074951,0.8415860533714294
300,1648806111.0564415,272.7099914550781,91.69019317626953,1378.82958984375,0.9533226490020752,0.2893703281879425,0.08625945448875427,0.28094151616096497,-0.9547234177589417,0.09785246849060059,0.11066951602697372,-0.0690511167049408,-0.991455614566803
4,1648806111.0564497,283.0229187011719,-28.198659896850586,1443.361328125,0.27667680382728577,-0.9379526376724243,0.20903289318084717,-0.8373058438301086,-0.12855865061283112,0.5314052700996399,-0.4715600311756134,-0.322052001953125,-0.8209224343299866
410,1648806111.0564544,282.5263366699219,-119.28715515136719,1369.1151123046875,0.27620044350624084,0.8653443455696106,0.41820141673088074,-0.8326693773269653,0.432754248380661,-0.34552204608917236,-0.47997400164604187,-0.2527901828289032,0.8400726914405823
300,1648806111.0867848,272.71148681640625,91.69113159179688,1378.8223876953125,0.9533237218856812,0.2893703281879425,0.08624802529811859,0.2809101343154907,-0.9547030329704285,0.09814067929983139,0.11074025183916092,-0.06933189928531647,-0.9914280772209167
4,1648806111.0867925,283.3246765136719,-28.094438552856445,1443.4271240234375,0.2786916196346283,-0.936402440071106,0.2132638394832611,-0.837029218673706,-0.12795744836330414,0.531985878944397,-0.4708641767501831,-0.32676807045936584,-0.8194568753242493
410,1648806111.0867972,282.5076599121094,-119.31678009033203,1368.810546875,0.27778521180152893,0.8637934327125549,0.42035260796546936,-0.8327127695083618,0.4346933662891388,-0.34297388792037964,-0.478983074426651,-0.25475990772247314,0.8400431871414185
300,1648806111.1192744,272.709228515625,91.6843032836914,1378.8306884765625,0.953274667263031,0.2894924283027649,0.08638045191764832,0.280967116355896,-0.9546346664428711,0.09864117950201035,0.11101765185594559,-0.06976206600666046,-0.9913669228553772
4,1648806111.1192827,283.322021484375,-28.089937210083008,1443.4144287109375,0.2792383134365082,-0.935962438583374,0.21447668969631195,-0.8373559713363647,-0.12803690135478973,0.5314522981643677,-0.46995848417282104,-0.3279951810836792,-0.8194865584373474
410,1648806111.1192875,282.7281188964844,-119.31147003173828,1368.7314453125,0.27818965911865234,0.8647655248641968,0.41808027029037476,-0.8338498473167419,0.43347036838531494,-0.3417569696903229,-0.47676506638526917,-0.2535429298877716,0.8416715860366821
300,1648806111.148914,272.7088928222656,91.69117736816406,1378.8372802734375,0.9533298015594482,0.28941163420677185,0.08604159951210022,0.2810359597206116,-0.9547303915023804,0.09751216322183609,0.11036768555641174,-0.06878046691417694,-0.9915080666542053
4,1648806111.148922,283.12579345703125,-28.105133056640625,1443.3665771484375,0.2775799632072449,-0.9370802044868469,0.2117309719324112,-0.8371868133544922,-0.12783843278884888,0.531766414642334,-0.47124046087265015,-0.32486608624458313,-0.8199965953826904
410,1648806111.1489265,282.7855224609375,-119.25345611572266,1369.0556640625,0.2774771749973297,0.8660821914672852,0.4158221483230591,-0.8333890438079834,0.43232086300849915,-0.34432747960090637,-0.4779844880104065,-0.2509985864162445,0.8417425751686096
300,1648806111.1783237,272.7146301269531,91.70172119140625,1378.837890625,0.9533225297927856,0.28939589858055115,0.08617497235536575,0.280994713306427,-0.9547276496887207,0.09765792638063431,0.11053542792797089,-0.06888479739427567,-0.991482138633728
4,1648806111.178331,283.1200866699219,-28.064857482910156,1443.33154296875,0.2785177230834961,-0.9368600249290466,0.21147392690181732,-0.8365009427070618,-0.1284375637769699,0.5327006578445435,-0.4719047546386719,-0.32526469230651855,-0.8194563984870911
410,1648806111.1783395,282.63330078125,-119.20667266845703,1369.15869140625,0.27714577317237854,0.8664831519126892,0.4152073860168457,-0.8332943320274353,0.4318937361240387,-0.3450917601585388,-0.478341668844223,-0.2503492534160614,0.8417330384254456
300,1648806111.2106693,272.7147216796875,91.70418548583984,1378.850830078125,0.9533439874649048,0.2893733084201813,0.08601319789886475,0.2809043824672699,-0.9546815156936646,0.09836655110120773,0.11057986319065094,-0.0696156769990921,-0.9914261102676392
4,1648806111.210677,283.37371826171875,-27.983579635620117,1443.36181640625,0.2781376242637634,-0.9366928339004517,0.21271111071109772,-0.8367279767990112,-0.12751556932926178,0.5325655341148376,-0.47172635793685913,-0.32610785961151123,-0.8192239999771118
410,1648806111.2106822,282.64288330078125,-119.15570831298828,1368.867919921875,0.27775880694389343,0.8661989569664001,0.4153907001018524,-0.8347530961036682,0.4316277503967285,-0.3418841063976288,-0.4754337966442108,-0.25178733468055725,0.8429506421089172
300,1648806111.2411792,272.7127380371094,91.69526672363281,1378.8291015625,0.9532795548439026,0.28943926095962524,0.086504265666008,0.28099343180656433,-0.9547080397605896,0.09785296767950058,0.11090880632400513,-0.0689741000533104,-0.9914342164993286
4,1648806111.241187,283.2254333496094,-27.992000579833984,1443.28662109375,0.27741849422454834,-0.936600923538208,0.21405059099197388,-0.8370930552482605,-0.12629690766334534,0.5322821736335754,-0.47150203585624695,-0.3268451690673828,-0.8190592527389526
410,1648806111.2411914,282.5147705078125,-118.91574096679688,1368.908203125,0.2763393521308899,0.8658936619758606,0.4169709086418152,-0.8340680003166199,0.4316229224205017,-0.343558132648468,-0.47745901346206665,-0.2528434693813324,0.8414885997772217
