300,1648806425.0672188,272.74102783203125,91.64788818359375,1378.7738037109375,0.9533175826072693,0.28940314054489136,0.08620531111955643,0.2809875011444092,-0.9547184109687805,0.09776881337165833,0.11059640347957611,-0.06898211687803268,-0.9914685487747192
4,1648806425.0672264,323.936767578125,-4.820077419281006,1450.3486328125,0.36100533604621887,-0.870956540107727,0.33333149552345276,-0.7644644975662231,-0.07166878879070282,0.6406696438789368,-0.5341059565544128,-0.4861052632331848,-0.6916881799697876
300,1648806425.096528,272.7422180175781,91.65016174316406,1378.767333984375,0.9532806277275085,0.28942766785621643,0.08653152734041214,0.28103676438331604,-0.9547472596168518,0.09734474122524261,0.11078999936580658,-0.0684783086180687,-0.9914818406105042
4,1648806425.096536,323.909912109375,-4.862482070922852,1450.3458251953125,0.3601529598236084,-0.8712728023529053,0.33342698216438293,-0.7647450566291809,-0.07104209810495377,0.6404045820236206,-0.5342797040939331,-0.48563024401664734,-0.691887617111206
300,1648806425.1267276,272.7433776855469,91.65367126464844,1378.800048828125,0.9533167481422424,0.2893998920917511,0.08622590452432632,0.28096261620521545,-0.9547072052955627,0.09794960916042328,0.11066710203886032,-0.06915074586868286,-0.9914489388465881
4,1648806425.1267357,323.748779296875,-4.8827080726623535,1450.2742919921875,0.35852333903312683,-0.8717694878578186,0.33388471603393555,-0.7648665308952332,-0.06926687806844711,0.6404539346694946,-0.5352010130882263,-0.48499494791030884,-0.6916211247444153
300,1648806425.156841,272.7352294921875,91.64701843261719,1378.788818359375,0.9533603191375732,0.28938886523246765,0.08578002452850342,0.2809978425502777,-0.9547107815742493,0.0978139191865921,0.11020137369632721,-0.06914790719747543,-0.991500973701477
4,1648806425.156849,323.6180114746094,-4.795726776123047,1450.0986328125,0.35773712396621704,-0.8714781999588013,0.3354845643043518,-0.7649716734886169,-0.06744072586297989,0.6405232548713684,-0.5355767607688904,-0.4857751429080963,-0.6907821893692017
300,1648806425.1869333,272.7338562011719,91.65840148925781,1378.7603759765625,0.9532700181007385,0.2894546687602997,0.0865577757358551,0.2809273600578308,-0.9546560645103455,0.09854747354984283,0.11115793138742447,-0.06962590664625168,-0.9913607835769653
4,1648806425.1869411,323.5892028808594,-4.6065216064453125,1449.97998046875,0.3575659990310669,-0.871460497379303,0.33571285009384155,-0.7635220885276794,-0.06579829007387161,0.6424208879470825,-0.5377550721168518,-0.48603203892707825,-0.6889066100120544
300,1648806425.2189143,272.74395751953125,91.65196990966797,1378.79345703125,0.9533066153526306,0.289388507604599,0.0863756462931633,0.280924916267395,-0.9547037482261658,0.09809155762195587,0.11084972321987152,-0.06924626231193542,-0.9914218783378601
4,1648806425.2189229,323.640380859375,-4.34097146987915,1449.8114013671875,0.358090877532959,-0.8714560866355896,0.33516451716423035,-0.7621575593948364,-0.06546658277511597,0.6440730094909668,-0.5393392443656921,-0.48608481884002686,-0.6876298189163208
300,1648806425.2491665,272.731201171875,91.653076171875,1378.763427734375,0.9532874822616577,0.28945231437683105,0.08637324720621109,0.2809586226940155,-0.9546658992767334,0.09836302697658539,0.11092899739742279,-0.06950093805789948,-0.9913951754570007
4,1648806425.249174,323.65557861328125,-4.191128730773926,1449.719970703125,0.3583592176437378,-0.8712314963340759,0.3354613780975342,-0.7608495950698853,-0.06432171165943146,0.6457326412200928,-0.5410051345825195,-0.4866398870944977,-0.6859264373779297
300,1648806425.278389,272.739013671875,91.6513900756836,1378.767333984375,0.9532566666603088,0.289449542760849,0.08672201633453369,0.2809094488620758,-0.9546602368354797,0.09855823963880539,0.1113176941871643,-0.069590263068676,-0.9913453459739685
4,1648806425.278397,323.65509033203125,-4.157729148864746,1449.715576171875,0.3581531047821045,-0.8714143633842468,0.33520644903182983,-0.7601365447044373,-0.06367671489715576,0.6466357111930847,-0.5421428084373474,-0.48639726638793945,-0.6851999163627625
300,1648806425.3104615,272.7356262207031,91.65595245361328,1378.79296875,0.9533517956733704,0.28938060998916626,0.08590216934680939,0.28097572922706604,-0.9547123908996582,0.09786157310009003,0.11033110320568085,-0.0691600814461708,-0.9914857149124146
4,1648806425.3104696,323.674560546875,-4.217095851898193,1449.76123046875,0.3579891622066498,-0.8716258406639099,0.3348315358161926,-0.7609264850616455,-0.0645098090171814,0.6456232070922852,-0.5411419868469238,-0.4859083294868469,-0.6863369941711426
300,1648806425.3410552,272.7414855957031,91.66272735595703,1378.7635498046875,0.9532761573791504,0.2894000709056854,0.08667275309562683,0.28094470500946045,-0.9547244906425476,0.09783273935317993,0.11106140166521072,-0.0689113661646843,-0.9914215207099915
4,1648806425.341063,323.7315673828125,-4.337653160095215,1449.8648681640625,0.35848814249038696,-0.8711712956428528,0.3354799747467041,-0.7617465257644653,-0.06523706763982773,0.6445822715759277,-0.539655864238739,-0.4866258203983307,-0.6869984269142151
300,1648806425.370339,272.7355041503906,91.65337371826172,1378.779541015625,0.9533286094665527,0.28947004675865173,0.08585836738348007,0.28102850914001465,-0.9546600580215454,0.09821970015764236,0.11039721965789795,-0.06950700283050537,-0.9914541244506836
4,1648806425.3703468,323.7787170410156,-4.463310241699219,1449.9981689453125,0.3588283658027649,-0.8709072470664978,0.3358016908168793,-0.7625848650932312,-0.06607724726200104,0.6435045599937439,-0.5382439494132996,-0.4869849681854248,-0.687851071357727
300,1648806425.400796,272.7331848144531,91.65626525878906,1378.771728515625,0.953384280204773,0.28944915533065796,0.08530879765748978,0.28097185492515564,-0.9546075463294983,0.09889018535614014,0.11006010323762894,-0.07031097263097763,-0.9914348721504211
4,1648806425.400804,323.80859375,-4.604133129119873,1450.048095703125,0.3591250777244568,-0.870434582233429,0.33670881390571594,-0.7635658383369446,-0.06657755374908447,0.6422886252403259,-0.5366529822349548,-0.4877612888813019,-0.6885437369346619
300,1648806425.430955,272.7475891113281,91.65435028076172,1378.777587890625,0.9533817768096924,0.28944212198257446,0.08536043763160706,0.280970960855484,-0.9546169638633728,0.09880182892084122,0.1100839301943779,-0.07021205872297287,-0.9914392828941345
4,1648806425.4309628,323.86529541015625,-4.713288307189941,1450.1873779296875,0.35920074582099915,-0.8701375722885132,0.33739498257637024,-0.7645406126976013,-0.06703095138072968,0.6410806775093079,-0.535212516784668,-0.48822885751724243,-0.6893331408500671
300,1648806425.4630597,272.7471923828125,91.6589584350586,1378.826904296875,0.9533388018608093,0.2894362211227417,0.0858595222234726,0.2809969186782837,-0.9546715617179871,0.0981983169913292,0.11038979142904282,-0.06949000060558319,-0.9914560914039612
4,1648806425.4630675,323.91796875,-4.810296535491943,1450.3369140625,0.35927116870880127,-0.8700288534164429,0.33760032057762146,-0.7646692991256714,-0.06706392765045166,0.640923798084259,-0.534981369972229,-0.4884180426597595,-0.6893784999847412
300,1648806425.4922388,272.7406005859375,91.66205596923828,1378.7735595703125,0.9533435106277466,0.28946566581726074,0.08570726215839386,0.2809809446334839,-0.9546242356300354,0.09870313853025436,0.11038939654827118,-0.07001589238643646,-0.9914191365242004
4,1648806425.4922466,323.95233154296875,-4.8255839347839355,1450.352294921875,0.3594701290130615,-0.8699549436569214,0.33757901191711426,-0.7646586298942566,-0.0672588124871254,0.6409160494804382,-0.5348629355430603,-0.48852288722991943,-0.6893961429595947
300,1648806425.5225024,272.74383544921875,91.65509033203125,1378.7889404296875,0.9532864689826965,0.2895109951496124,0.0861876979470253,0.2810020446777344,-0.9546269774436951,0.0986165776848793,0.11082768440246582,-0.06979092955589294,-0.9913861155509949
4,1648806425.52251,324.005615234375,-4.780697822570801,1450.3643798828125,0.3598448634147644,-0.8696824312210083,0.337881863117218,-0.7647887468338013,-0.06751061975955963,0.6407343149185181,-0.5344247817993164,-0.4889732003211975,-0.6894167065620422
300,1648806425.5522153,272.7422180175781,91.64698028564453,1378.763916015625,0.9533382654190063,0.2894168794155121,0.0859300047159195,0.2809513509273529,-0.9546653628349304,0.0983891636133194,0.11050987988710403,-0.06965600699186325,-0.9914311170578003
4,1648806425.552223,324.00982666015625,-4.742871284484863,1450.3062744140625,0.3600417971611023,-0.8693954944610596,0.33841004967689514,-0.7642313241958618,-0.06679823994636536,0.641473650932312,-0.5350891351699829,-0.489580899477005,-0.6884694695472717
300,1648806425.5822284,272.7440185546875,91.64768981933594,1378.7501220703125,0.9533151388168335,0.2894357740879059,0.08612282574176788,0.2809655964374542,-0.9546692967414856,0.09830981492996216,0.1106732040643692,-0.0695226863026619,-0.9914222359657288
4,1648806425.5822384,323.9221496582031,-4.755835056304932,1450.2569580078125,0.35912439227104187,-0.8697554469108582,0.33845987915992737,-0.7642006874084473,-0.065863236784935,0.641606867313385,-0.5357490181922913,-0.489067941904068,-0.6883208155632019
300,1648806425.6143699,272.7536315917969,91.64866638183594,1378.7655029296875,0.9533795714378357,0.2893538773059845,0.0856839269399643,0.28090938925743103,-0.9546812176704407,0.09835496544837952,0.11026022583246231,-0.0697001963853836,-0.9914557933807373
4,1648806425.614377,323.78680419921875,-4.872317314147949,1450.2833251953125,0.3575488328933716,-0.8704271912574768,0.33840110898017883,-0.7642258405685425,-0.06443819403648376,0.6417215466499329,-0.5367659330368042,-0.48806166648864746,-0.6882427930831909
300,1648806425.6446826,272.7498474121094,91.64351654052734,1378.748779296875,0.9533135294914246,0.2894514799118042,0.08608802407979965,0.28098586201667786,-0.9546653032302856,0.09829089045524597,0.11063569784164429,-0.0695125162601471,-0.9914271235466003
4,1648806425.644691,323.6386413574219,-5.020572662353516,1450.27685546875,0.3558335602283478,-0.8708844780921936,0.33903199434280396,-0.7657535076141357,-0.06374125182628632,0.639967679977417,-0.5357276201248169,-0.4873369038105011,-0.6895641088485718
300,1648806425.6749225,272.7444152832031,91.64859771728516,1378.7564697265625,0.9533260464668274,0.2894401550292969,0.08598767966032028,0.28092432022094727,-0.954630434513092,0.09880401194095612,0.11068430542945862,-0.0700364038348198,-0.9913848042488098
4,1648806425.6749303,323.30059814453125,-5.221076965332031,1450.282470703125,0.35287609696388245,-0.871097207069397,0.34156715869903564,-0.7673729658126831,-0.06055968627333641,0.6383347511291504,-0.5353664755821228,-0.48736247420310974,-0.689826488494873
300,1648806425.7041872,272.7356262207031,91.65071105957031,1378.775390625,0.953322172164917,0.28944361209869385,0.08601903170347214,0.2809213399887085,-0.9546273946762085,0.09884180128574371,0.11072525382041931,-0.07006349414587021,-0.9913783669471741
4,1648806425.7041948,322.90228271484375,-5.409407138824463,1450.20458984375,0.34857380390167236,-0.8726611137390137,0.34199249744415283,-0.7682574987411499,-0.05699877440929413,0.6375982165336609,-0.536914050579071,-0.48498836159706116,-0.6902967691421509
300,1648806425.7352846,272.7356262207031,91.64384460449219,1378.7523193359375,0.95326828956604,0.2894517481327057,0.08658638596534729,0.280958890914917,-0.954680323600769,0.09822184592485428,0.11109280586242676,-0.06930456310510635,-0.991390585899353
4,1648806425.735292,322.357666015625,-5.575174808502197,1449.984130859375,0.3429289162158966,-0.8741272687911987,0.34394949674606323,-0.7691265940666199,-0.051070135086774826,0.6370527148246765,-0.5392996072769165,-0.48300451040267944,-0.6898279190063477
300,1648806425.7661505,272.7382507324219,91.65424346923828,1378.7613525390625,0.9532843828201294,0.28936347365379333,0.08670441061258316,0.28094685077667236,-0.954761266708374,0.09746681898832321,0.11098535358905792,-0.06855426728725433,-0.9914547801017761
4,1648806425.7661588,321.7508850097656,-5.635924339294434,1449.6748046875,0.3369837999343872,-0.8758021593093872,0.345561146736145,-0.7691321969032288,-0.044386520981788635,0.6375464200973511,-0.5430262684822083,-0.4806250333786011,-0.688565194606781
300,1648806425.7963145,272.73223876953125,91.65087127685547,1378.7930908203125,0.9533230662345886,0.28940266370773315,0.08614625036716461,0.2809508740901947,-0.9546921849250793,0.09812977910041809,0.11064217239618301,-0.06934652477502823,-0.9914380311965942
4,1648806425.796322,320.9812316894531,-5.638000011444092,1449.1949462890625,0.33008646965026855,-0.8775877952575684,0.3476816713809967,-0.7697646021842957,-0.03706573322415352,0.6372508406639099,-0.5463564991950989,-0.47798091173171997,-0.6877709031105042
300,1648806425.8264139,272.7256774902344,91.64479064941406,1378.7938232421875,0.9533538818359375,0.2893846035003662,0.08586560189723969,0.2809966802597046,-0.9547194838523865,0.09773228317499161,0.1102597787976265,-0.06904550641775131,-0.9915016293525696
4,1648806425.8264217,320.2297058105469,-5.6034722328186035,1448.679443359375,0.32289379835128784,-0.8799545764923096,0.3484530746936798,-0.7703495621681213,-0.03047165274620056,0.6368932723999023,-0.5498192310333252,-0.47407957911491394,-0.6877117156982422
300,1648806425.8571322,272.7257385253906,91.650146484375,1378.78759765625,0.9532922506332397,0.28947019577026367,0.08626043796539307,0.2809848189353943,-0.9546585083007812,0.09835957735776901,0.110821433365345,-0.06952755153179169,-0.9914053082466125
4,1648806425.8571403,319.7078857421875,-5.546391487121582,1448.3424072265625,0.3175242245197296,-0.8812176585197449,0.35019105672836304,-0.7697460055351257,-0.023858631029725075,0.6379042267799377,-0.5537773966789246,-0.47210821509361267,-0.685889482498169
300,1648806425.886449,272.7205810546875,91.64838409423828,1378.797119140625,0.9533385038375854,0.28946080803871155,0.08577962219715118,0.2810251712799072,-0.9546614289283752,0.09821633994579315,0.11032027751207352,-0.06952718645334244,-0.9914612770080566
4,1648806425.8864574,319.2644348144531,-5.505094528198242,1448.0504150390625,0.31342676281929016,-0.8821612000465393,0.3515043556690216,-0.769982635974884,-0.01944630965590477,0.6377684473991394,-0.5557790994644165,-0.4705459475517273,-0.6853438019752502
300,1648806425.9185789,272.720703125,91.6514663696289,1378.785400390625,0.9533536434173584,0.28943219780921936,0.08570768684148788,0.2810097932815552,-0.9546735286712646,0.09814228862524033,0.11022839695215225,-0.06947960704565048,-0.9914748072624207
4,1648806425.9185867,318.5747985839844,-5.500458717346191,1447.632568359375,0.3072424829006195,-0.8843201994895935,0.3515392243862152,-0.770386815071106,-0.014269093982875347,0.6374170780181885,-0.5586646795272827,-0.46666276454925537,-0.6856527328491211
300,1648806425.9488783,272.72467041015625,91.64561462402344,1378.80029296875,0.9533001184463501,0.2895330786705017,0.08596227318048477,0.2809772193431854,-0.9545759558677673,0.09917949140071869,0.11077326536178589,-0.07039438188076019,-0.9913495182991028
4,1648806425.948887,318.0849609375,-5.530726909637451,1447.39208984375,0.3023664653301239,-0.8857492208480835,0.3521687090396881,-0.7701932191848755,-0.009356861934065819,0.6377419829368591,-0.5615842938423157,-0.46406975388526917,-0.6850272417068481
300,1648806425.979011,272.7272644042969,91.65076446533203,1378.8048095703125,0.9533441066741943,0.2894381880760193,0.08579393476247787,0.2808414101600647,-0.9545666575431824,0.09965233504772186,0.11073922365903854,-0.07090847194194794,-0.9913167357444763
4,1648806425.9790227,317.582763671875,-5.558319568634033,1447.12939453125,0.2971402406692505,-0.8875820636749268,0.35200244188308716,-0.7705838680267334,-0.005221202503889799,0.6373172402381897,-0.563833475112915,-0.4606199860572815,-0.6855078339576721
300,1648806426.0101964,272.7341003417969,91.65015411376953,1378.778564453125,0.953303873538971,0.2894223928451538,0.08629218488931656,0.28102752566337585,-0.9547312259674072,0.09752868860960007,0.11061282455921173,-0.06872399896383286,-0.9914846420288086
4,1648806426.010204,317.01763916015625,-5.573859214782715,1446.7899169921875,0.29238808155059814,-0.8885589241981506,0.3535141348838806,-0.7708515524864197,-0.00021841921261511743,0.6370148062705994,-0.565947949886322,-0.45876243710517883,-0.6850109100341797
300,1648806426.040408,272.73541259765625,91.64524841308594,1378.76171875,0.9532676339149475,0.2894463539123535,0.08661162853240967,0.28101274371147156,-0.9547203779220581,0.09767700731754303,0.11096213757991791,-0.06877335906028748,-0.9914422035217285
4,1648806426.0404155,316.74102783203125,-5.53550386428833,1446.643310546875,0.2899082601070404,-0.8887017965316772,0.3551933765411377,-0.7711260914802551,0.0029112196061760187,0.6366758346557617,-0.5668489933013916,-0.4584764540195465,-0.6844571232795715
300,1648806426.0705147,272.732666015625,91.65388488769531,1378.7637939453125,0.9533053040504456,0.28941088914871216,0.08631499856710434,0.2809959352016449,-0.954723596572876,0.09769434481859207,0.11068077385425568,-0.06887837499380112,-0.9914663434028625
4,1648806426.0705223,316.7394104003906,-5.446878433227539,1446.5634765625,0.28966453671455383,-0.8884792923927307,0.3559480309486389,-0.7703915238380432,0.0042567127384245396,0.6375568509101868,-0.5679712295532227,-0.4588969647884369,-0.6832439303398132
300,1648806426.1006505,272.7326354980469,91.6501235961914,1378.72705078125,0.9532528519630432,0.2894551753997803,0.08674491196870804,0.28098687529563904,-0.9547047019004822,0.09790433943271637,0.1111546978354454,-0.06895340979099274,-0.991408109664917
4,1648806426.1006584,316.8675537109375,-5.338292598724365,1446.5501708984375,0.29096779227256775,-0.8881904482841492,0.35560575127601624,-0.7697185277938843,0.0034296978265047073,0.6383742094039917,-0.5682174563407898,-0.4594626724720001,-0.6826587319374084
300,1648806426.1307185,272.729736328125,91.64925384521484,1378.77001953125,0.9533190131187439,0.2894758880138397,0.08594486117362976,0.2809858024120331,-0.954633355140686,0.09860073029994965,0.11058837175369263,-0.06984866410493851,-0.9914087653160095
4,1648806426.1307263,316.9572448730469,-5.290457725524902,1446.61376953125,0.2919815182685852,-0.8883200287818909,0.35444924235343933,-0.7695426344871521,0.0018647072138264775,0.6385927200317383,-0.5679356455802917,-0.45922109484672546,-0.6830556988716125
300,1648806426.162682,272.7316589355469,91.65461730957031,1378.7952880859375,0.9533324241638184,0.289453387260437,0.08587200939655304,0.2809491455554962,-0.9546263217926025,0.0987735465168953,0.11056602001190186,-0.07003835588693619,-0.9913979172706604
4,1648806426.1626916,317.03192138671875,-5.333730697631836,1446.6458740234375,0.29288116097450256,-0.8885403871536255,0.35315239429473877,-0.7699899077415466,-0.00020768684044014663,0.6380560398101807,-0.5668652057647705,-0.4587983787059784,-0.6842279434204102
300,1648806426.1928968,272.7285461425781,91.64938354492188,1378.79296875,0.9533668160438538,0.2894662022590637,0.08544616401195526,0.28094908595085144,-0.9545861482620239,0.0991608053445816,0.11026942729949951,-0.07053060084581375,-0.9913960099220276
4,1648806426.1929054,317.0659484863281,-5.451107025146484,1446.7423095703125,0.293605238199234,-0.888226330280304,0.35334110260009766,-0.7704901695251465,-0.0011059986427426338,0.6374508738517761,-0.5658098459243774,-0.45940476655960083,-0.6846944093704224
300,1648806426.2222853,272.73260498046875,91.64374542236328,1378.774658203125,0.9533185362815857,0.28949248790740967,0.08589455485343933,0.28099846839904785,-0.9546226859092712,0.09866794943809509,0.11056052148342133,-0.06992574781179428,-0.9914064407348633
4,1648806426.222293,316.916748046875,-5.619851589202881,1446.773681640625,0.29213741421699524,-0.8889155387878418,0.3528241813182831,-0.7716782093048096,-0.0011650333181023598,0.636012077331543,-0.5649499893188477,-0.45806968212127686,-0.6862971186637878
300,1648806426.2531502,272.734619140625,91.64360809326172,1378.7803955078125,0.9533241391181946,0.2895180284976959,0.08574623614549637,0.2810719311237335,-0.954635739326477,0.09833182394504547,0.11032525449991226,-0.06964123994112015,-0.991452693939209
4,1648806426.2531576,316.5608215332031,-5.83527946472168,1446.7269287109375,0.2888811230659485,-0.8901760578155518,0.35232698917388916,-0.7730464935302734,0.0002020546526182443,0.6343493461608887,-0.5647537708282471,-0.45561668276786804,-0.6880890727043152
300,1648806426.2831745,272.73773193359375,91.64127349853516,1378.74658203125,0.9532384276390076,0.289530873298645,0.08665115386247635,0.2810094952583313,-0.9546433091163635,0.09843691438436508,0.11122146993875504,-0.06948404759168625,-0.9913635849952698
4,1648806426.2831829,316.19476318359375,-6.109093189239502,1446.753173828125,0.285224974155426,-0.8910921812057495,0.35298922657966614,-0.7743026614189148,0.0028328881599009037,0.6328091621398926,-0.5648912787437439,-0.45381346344947815,-0.6891670227050781
300,1648806426.3144157,272.7315673828125,91.64936828613281,1378.7735595703125,0.9533355832099915,0.2894377112388611,0.08588998019695282,0.2809593677520752,-0.954648494720459,0.09852953255176544,0.11051290482282639,-0.06980011612176895,-0.9914206266403198
4,1648806426.3144236,315.7934875488281,-6.357734203338623,1446.699462890625,0.28142306208610535,-0.8920748233795166,0.3535584807395935,-0.775583803653717,0.005499816033989191,0.6312206387519836,-0.5650405287742615,-0.45185428857803345,-0.6903310418128967
300,1648806426.3448372,272.73388671875,91.65079498291016,1378.792724609375,0.953344464302063,0.2894495725631714,0.08575105667114258,0.28085556626319885,-0.954562246799469,0.09965486079454422,0.11069977283477783,-0.07092174887657166,-0.9913201332092285
4,1648806426.3448453,315.4769287109375,-6.504252910614014,1446.6630859375,0.27863433957099915,-0.8929848670959473,0.3534697890281677,-0.7767437100410461,0.006920957937836647,0.6297788023948669,-0.5648292899131775,-0.45003342628479004,-0.6916919350624084
300,1648806426.3750925,272.7358093261719,91.64766693115234,1378.7623291015625,0.9532895088195801,0.28945276141166687,0.08634904772043228,0.2808966636657715,-0.9546249508857727,0.09893545508384705,0.11106809973716736,-0.07005897164344788,-0.9913403391838074
4,1648806426.3751001,315.3134460449219,-6.576592445373535,1446.62451171875,0.2773827612400055,-0.8938461542129517,0.3522752523422241,-0.7770822048187256,0.006890700198709965,0.6293613910675049,-0.5649796724319458,-0.44832080602645874,-0.6926805973052979
300,1648806426.404281,272.73822021484375,91.64546966552734,1378.77197265625,0.9532762765884399,0.2894480526447296,0.08651133626699448,0.28086304664611816,-0.9546187520027161,0.09909079968929291,0.11126698553562164,-0.0701630637049675,-0.9913106560707092
4,1648806426.4042897,315.4509582519531,-6.578407287597656,1446.72412109375,0.27940118312835693,-0.8932352066040039,0.3522297739982605,-0.7768212556838989,0.005322065204381943,0.6296986937522888,-0.5643436312675476,-0.4495581388473511,-0.6923971176147461
300,1648806426.4342887,272.7356262207031,91.64299011230469,1378.7652587890625,0.9532562494277954,0.28944164514541626,0.08675290644168854,0.28090885281562805,-0.9546691179275513,0.09847357124090195,0.11132267862558365,-0.0695008859038353,-0.9913510680198669
4,1648806426.4342961,315.7733459472656,-6.504333972930908,1446.847412109375,0.282684862613678,-0.8931805491447449,0.34973955154418945,-0.7764103412628174,0.0010477548930794,0.6302268505096436,-0.5632728338241577,-0.44969698786735535,-0.6931784152984619
300,1648806426.4662085,272.7337951660156,91.64602661132812,1378.7470703125,0.953273594379425,0.28942692279815674,0.0866113007068634,0.2809589207172394,-0.954704761505127,0.0979842096567154,0.11104749143123627,-0.06907153874635696,-0.9914119243621826
4,1648806426.4662158,316.0113525390625,-6.407556533813477,1446.90478515625,0.28600943088531494,-0.8931732773780823,0.3470448851585388,-0.7762123942375183,-0.0035890869330614805,0.6304613351821899,-0.5618656277656555,-0.44969841837882996,-0.6943186521530151
300,1648806426.4962986,272.7342834472656,91.6419677734375,1378.7581787109375,0.9532961845397949,0.2894367277622223,0.08632950484752655,0.28100502490997314,-0.9547064304351807,0.09783538430929184,0.11073648184537888,-0.06900707632303238,-0.9914512038230896
4,1648806426.4963064,316.2098388671875,-6.377810478210449,1446.9803466796875,0.2884661555290222,-0.8934581875801086,0.3442669212818146,-0.7759460210800171,-0.0074834260158240795,0.6307549476623535,-0.5609768629074097,-0.44908398389816284,-0.695434033870697
300,1648806426.526468,272.7345886230469,91.64153289794922,1378.7943115234375,0.9533384442329407,0.28944870829582214,0.08582086116075516,0.28101083636283875,-0.954666256904602,0.0982101634144783,0.11035708338022232,-0.06951093673706055,-0.9914582967758179
4,1648806426.5264761,316.2902526855469,-6.417302131652832,1447.040771484375,0.28999900817871094,-0.8936835527420044,0.3423890173435211,-0.7761842012405396,-0.010342923924326897,0.6304214000701904,-0.5598559379577637,-0.44857850670814514,-0.6966624855995178
300,1648806426.556249,272.7366638183594,91.64337158203125,1378.7840576171875,0.9533061385154724,0.28943172097206116,0.08623643964529037,0.28099626302719116,-0.9546996355056763,0.09792711585760117,0.11067311465740204,-0.06912240386009216,-0.9914502501487732
4,1648806426.556257,316.2956237792969,-6.539424896240234,1447.1138916015625,0.29048970341682434,-0.8940389752388,0.3410426080226898,-0.7767152786254883,-0.012148731388151646,0.6297346949577332,-0.5588641166687012,-0.44782447814941406,-0.6979427933692932
300,1648806426.5864713,272.7363586425781,91.6445083618164,1378.8145751953125,0.9533586502075195,0.28942057490348816,0.08569121360778809,0.2809491753578186,-0.9546449780464172,0.09859292954206467,0.11033950746059418,-0.06991954147815704,-0.9914315342903137
4,1648806426.586479,316.2409362792969,-6.697451591491699,1447.22314453125,0.2897762358188629,-0.8945021033287048,0.3404346704483032,-0.7775675058364868,-0.012631193734705448,0.6286725997924805,-0.5580488443374634,-0.4468853175640106,-0.699195921421051
300,1648806426.6185913,272.7388610839844,91.65292358398438,1378.7996826171875,0.9533138275146484,0.2894476056098938,0.08609800040721893,0.28096508979797363,-0.9546564817428589,0.09843606501817703,0.11068609356880188,-0.06964992731809616,-0.9914118647575378
4,1648806426.6185987,315.9844970703125,-6.8815836906433105,1447.22216796875,0.2874891459941864,-0.8947534561157227,0.34171074628829956,-0.7787614464759827,-0.010678316466510296,0.6272293329238892,-0.5575667023658752,-0.44643276929855347,-0.6998693943023682
300,1648806426.6489656,272.739013671875,91.6430435180664,1378.7945556640625,0.9533337354660034,0.2894025444984436,0.0860287994146347,0.2810104787349701,-0.9547220468521118,0.09766755998134613,0.11039882898330688,-0.06893478333950043,-0.9914938807487488
4,1648806426.6489732,315.6099853515625,-7.043007850646973,1447.14697265625,0.2836058437824249,-0.8958641290664673,0.3420456349849701,-0.7802074551582336,-0.00818546675145626,0.6254672408103943,-0.557533860206604,-0.44425272941589355,-0.7012813091278076
300,1648806426.6784894,272.74224853515625,91.6532974243164,1378.7998046875,0.953308641910553,0.28944700956344604,0.08615744858980179,0.2809576094150543,-0.954656183719635,0.09846027195453644,0.11074977368116379,-0.06965643912553787,-0.9914042949676514
4,1648806426.6785011,315.2120361328125,-7.176102638244629,1447.0184326171875,0.2798995077610016,-0.8965848684310913,0.3432081639766693,-0.7815847396850586,-0.005219512153416872,0.6237772107124329,-0.5574778318405151,-0.44284120202064514,-0.7022179961204529
300,1648806426.7110093,272.7441711425781,91.64898681640625,1378.8092041015625,0.953342080116272,0.2894275188446045,0.08585245907306671,0.28102442622184753,-0.9546964168548584,0.09787743538618088,0.11029145866632462,-0.06918403506278992,-0.9914884567260742
4,1648806426.7110171,314.8992004394531,-7.283797264099121,1446.9197998046875,0.27672991156578064,-0.8972374796867371,0.34407198429107666,-0.7815227508544922,-0.001797874690964818,0.6238741278648376,-0.5591446161270142,-0.44154471158981323,-0.7017090320587158
300,1648806426.7405593,272.743896484375,91.6502456665039,1378.7913818359375,0.9533592462539673,0.2894020080566406,0.08574718981981277,0.28095072507858276,-0.954666793346405,0.0983765572309494,0.11033037304878235,-0.06969746202230453,-0.991448163986206
4,1648806426.7405672,314.78924560546875,-7.276453971862793,1446.8648681640625,0.2759670317173004,-0.8969801068305969,0.34535330533981323,-0.7816997766494751,-0.00038141707773320377,0.623654842376709,-0.5592742562294006,-0.44207075238227844,-0.7012743949890137
300,1648806426.7707052,272.7431335449219,91.65618133544922,1378.798095703125,0.9533604979515076,0.2894262969493866,0.08565179258584976,0.2809746563434601,-0.9546532034873962,0.09844047576189041,0.11025901883840561,-0.0697832703590393,-0.9914500713348389
4,1648806426.7707129,314.8115539550781,-7.2183051109313965,1446.8603515625,0.27618929743766785,-0.8971158266067505,0.34482261538505554,-0.7812740206718445,-0.0006079470622353256,0.6241879463195801,-0.559759259223938,-0.4417949616909027,-0.7010611891746521
300,1648806426.8007429,272.7411193847656,91.6435317993164,1378.80322265625,0.9533557891845703,0.28942570090293884,0.08570621907711029,0.28091439604759216,-0.9546191096305847,0.09894168376922607,0.1104530617594719,-0.0702505111694336,-0.9913954734802246
4,1648806426.8007503,314.8124084472656,-7.182810306549072,1446.8597412109375,0.276094526052475,-0.8974078893661499,0.34413787722587585,-0.780881941318512,-0.0006928475922904909,0.6246782541275024,-0.5603528022766113,-0.4412012994289398,-0.7009608745574951
300,1648806426.8308942,272.739013671875,91.65572357177734,1378.8154296875,0.9533690810203552,0.2894152104854584,0.08559352159500122,0.28095734119415283,-0.9546486735343933,0.09853344410657883,0.11022882163524628,-0.06989061087369919,-0.9914458394050598
4,1648806426.830902,314.7968444824219,-7.175512313842773,1446.83251953125,0.2758624255657196,-0.8977845907211304,0.34334054589271545,-0.7809025645256042,-0.001061888411641121,0.6246519684791565,-0.560438334941864,-0.4404335021972656,-0.7013752460479736
300,1648806426.862797,272.7417907714844,91.64604187011719,1378.7772216796875,0.9533202052116394,0.28943973779678345,0.08605334162712097,0.28094038367271423,-0.9546452760696411,0.09861475974321365,0.11069344729185104,-0.0698355883359909,-0.9913979768753052
4,1648806426.8628054,314.7886962890625,-7.212011337280273,1446.8394775390625,0.27606838941574097,-0.8973058462142944,0.34442487359046936,-0.7811547517776489,-0.0006853151135146618,0.6243370771408081,-0.5599852204322815,-0.4414088726043701,-0.7011239528656006
300,1648806426.8929586,272.74139404296875,91.65308380126953,1378.778076171875,0.9533484578132629,0.28941649198532104,0.08581852912902832,0.2809494733810425,-0.954657256603241,0.09847305715084076,0.11042700707912445,-0.06976846605539322,-0.9914324283599854
4,1648806426.8929672,314.6543884277344,-7.332574367523193,1446.870361328125,0.27442798018455505,-0.8975105285644531,0.3452015519142151,-0.7818182110786438,0.0007603863487020135,0.6235060095787048,-0.5598656535148621,-0.4409923553466797,-0.7014814019203186
300,1648806426.9222276,272.7442626953125,91.643798828125,1378.7744140625,0.9533172249794006,0.28949451446533203,0.08590193092823029,0.2810416519641876,-0.9546485543251038,0.09829430282115936,0.11046181619167328,-0.06956363469362259,-0.9914429187774658
4,1648806426.9222357,314.39971923828125,-7.522430896759033,1446.8763427734375,0.27160295844078064,-0.8978956937789917,0.3464319705963135,-0.7825949788093567,0.003459487110376358,0.6225215792655945,-0.5601579546928406,-0.44019463658332825,-0.7017490863800049
300,1648806426.9531727,272.7447814941406,91.64515686035156,1378.78857421875,0.9533793330192566,0.2894035577774048,0.08551860600709915,0.28091439604759216,-0.9546273350715637,0.09886252135038376,0.11024956405162811,-0.07023007422685623,-0.9914195537567139
4,1648806426.9531808,313.9422607421875,-7.766715049743652,1446.8026123046875,0.2673830986022949,-0.8989762663841248,0.34691208600997925,-0.7842593193054199,0.006148672197014093,0.6204026937484741,-0.5598602890968323,-0.43795424699783325,-0.7033864855766296
300,1648806426.9822423,272.7479553222656,91.64361572265625,1378.7647705078125,0.9533477425575256,0.2894071042537689,0.08585826307535172,0.2809101343154907,-0.9546436667442322,0.09871646016836166,0.11053328961133957,-0.06999265402555466,-0.9914047718048096
4,1648806426.982254,313.86151123046875,-7.92565393447876,1446.8529052734375,0.2669099271297455,-0.8992228507995605,0.3466372787952423,-0.7857292294502258,0.0052190301939845085,0.618548572063446,-0.558022141456604,-0.437459796667099,-0.7051526308059692
300,1648806427.0143526,272.7464904785156,91.63592529296875,1378.7552490234375,0.9533539414405823,0.28948068618774414,0.085540771484375,0.28092092275619507,-0.9545608758926392,0.09948336333036423,0.11045238375663757,-0.0708126649260521,-0.9913555383682251
4,1648806427.0143604,314.35174560546875,-8.098362922668457,1447.2362060546875,0.27228212356567383,-0.8982728719711304,0.34491777420043945,-0.7864229679107666,-0.0011996383545920253,0.6176872253417969,-0.5544379353523254,-0.4394364356994629,-0.7067490220069885
300,1648806427.0446434,272.7521667480469,91.62440490722656,1378.7628173828125,0.9533402323722839,0.2894922196865082,0.08565447479486465,0.28098559379577637,-0.9545990228652954,0.09893355518579483,0.11040616780519485,-0.07024966180324554,-0.9914007782936096
4,1648806427.0446517,315.2361145019531,-8.222293853759766,1447.773681640625,0.2808837294578552,-0.8975332379341125,0.3399093747138977,-0.7869129180908203,-0.012622441165149212,0.6169349551200867,-0.5494291186332703,-0.4407660663127899,-0.7098259329795837
300,1648806427.0748565,272.76092529296875,91.6279067993164,1378.7734375,0.9533236026763916,0.28944021463394165,0.08601465821266174,0.2809807360172272,-0.9546677470207214,0.09828189760446548,0.11056215316057205,-0.06952598690986633,-0.9914343953132629
4,1648806427.0748644,316.29888916015625,-8.303183555603027,1448.405517578125,0.2926797866821289,-0.8955989480018616,0.33502402901649475,-0.787217378616333,-0.026793871074914932,0.6160932779312134,-0.5427958965301514,-0.4440547823905945,-0.7128730416297913
300,1648806427.1050055,272.7560729980469,91.61573028564453,1378.7850341796875,0.9533365368843079,0.28953519463539124,0.08554977178573608,0.28107038140296936,-0.9546059370040894,0.09862501919269562,0.1102217361330986,-0.06997732818126678,-0.9914405345916748
4,1648806427.1050136,317.8152770996094,-8.419548988342285,1449.281982421875,0.3078135550022125,-0.8925806283950806,0.329470157623291,-0.787558376789093,-0.044728685170412064,0.6146146655082703,-0.5338563919067383,-0.44866371154785156,-0.7167274355888367
300,1648806427.135049,272.7565002441406,91.60946655273438,1378.753173828125,0.953277587890625,0.2894818186759949,0.08638347685337067,0.2810192108154297,-0.9546772837638855,0.09807910770177841,0.11086046695709229,-0.06922119855880737,-0.9914224147796631
4,1648806427.1350567,319.1291809082031,-8.575206756591797,1450.1739501953125,0.3207490146160126,-0.889350414276123,0.32584649324417114,-0.7873687744140625,-0.059139322489500046,0.6136391162872314,-0.526469886302948,-0.45338550209999084,-0.7192155718803406
300,1648806427.1668658,272.7540588378906,91.61473846435547,1378.747314453125,0.953248918056488,0.2894969880580902,0.08664894849061966,0.2809809744358063,-0.9546565413475037,0.09838991612195969,0.11120356619358063,-0.06944337487220764,-0.9913684129714966
4,1648806427.1668742,320.0727233886719,-8.685784339904785,1450.846923828125,0.3303094506263733,-0.8873135447502136,0.321823388338089,-0.7875866889953613,-0.0711883008480072,0.6120779514312744,-0.5201950073242188,-0.45563894510269165,-0.722350537776947
300,1648806427.196912,272.74359130859375,91.6216812133789,1378.779052734375,0.9533135294914246,0.28948527574539185,0.08597439527511597,0.28101053833961487,-0.9546421766281128,0.09844464063644409,0.11057306081056595,-0.06968889385461807,-0.9914217591285706
4,1648806427.1969194,320.5233154296875,-8.77095890045166,1451.200439453125,0.3355461657047272,-0.8874455690383911,0.3159891366958618,-0.7874019742012024,-0.080086350440979,0.6112154126167297,-0.517113983631134,-0.453901469707489,-0.7256490588188171
300,1648806427.2270916,272.7397766113281,91.62244415283203,1378.7757568359375,0.9532948732376099,0.2894943356513977,0.08615047484636307,0.2809411883354187,-0.954601526260376,0.09903545677661896,0.11090958118438721,-0.07020677626132965,-0.99134761095047
4,1648806427.2270994,320.5704040527344,-8.856383323669434,1451.2882080078125,0.3371984362602234,-0.8877270817756653,0.31342923641204834,-0.787833571434021,-0.08382673561573029,0.6101568341255188,-0.5153789520263672,-0.452674001455307,-0.7276474237442017
300,1648806427.2570007,272.74078369140625,91.6160659790039,1378.798828125,0.9533337354660034,0.2894230782985687,0.0859597846865654,0.28089073300361633,-0.9546232223510742,0.09896920621395111,0.11070317775011063,-0.07020537555217743,-0.9913707971572876
4,1648806427.2570088,320.2820129394531,-8.95005989074707,1451.207763671875,0.33510956168174744,-0.8893805146217346,0.31097251176834106,-0.7879774570465088,-0.08361496031284332,0.6100000739097595,-0.5165202021598816,-0.44945618510246277,-0.728831946849823
300,1648806427.2871394,272.7368469238281,91.61711883544922,1378.810302734375,0.953336775302887,0.2894272804260254,0.08591192215681076,0.2809520661830902,-0.9546549916267395,0.0984877496957779,0.11052128672599792,-0.06975486129522324,-0.9914228916168213
4,1648806427.287147,319.7197570800781,-8.959504127502441,1450.858154296875,0.33112818002700806,-0.891527533531189,0.3090837299823761,-0.7888190746307373,-0.08179117739200592,0.609158992767334,-0.5178017020225525,-0.4455208480358124,-0.7303373217582703
300,1648806427.3192122,272.73724365234375,91.61246490478516,1378.789306640625,0.9533277750015259,0.28945285081863403,0.08592567592859268,0.28101539611816406,-0.95467209815979,0.09814044088125229,0.11043787002563477,-0.06941356509923935,-0.9914560914039612
4,1648806427.3192234,319.2424621582031,-8.9463472366333,1450.548095703125,0.3273307979106903,-0.8930752277374268,0.30866020917892456,-0.7892751693725586,-0.07882025092840195,0.6089597940444946,-0.519518256187439,-0.4429491460323334,-0.7306824326515198
410,1648806427.319228,111.84463500976562,-182.75828552246094,1273.808837890625,-0.16258078813552856,0.9724720120429993,-0.16693000495433807,-0.9634979963302612,-0.12000086158514023,0.23931455612182617,0.21269497275352478,0.19974467158317566,0.9564846754074097
300,1648806427.3485522,272.7398681640625,91.61075592041016,1378.78173828125,0.9533179998397827,0.28942349553108215,0.08613285422325134,0.2810089886188507,-0.9547085165977478,0.09780408442020416,0.11053856462240219,-0.06903428584337234,-0.9914713501930237
4,1648806427.3485603,318.75347900390625,-8.960991859436035,1450.26025390625,0.3234698474407196,-0.8942626714706421,0.30929192900657654,-0.7899333834648132,-0.07525506615638733,0.6085572242736816,-0.5209342241287231,-0.44116994738578796,-0.7307506799697876
410,1648806427.348565,101.96788787841797,-168.4596710205078,1280.57958984375,-0.17322422564029694,0.9705429077148438,-0.1674509197473526,-0.9554940462112427,-0.12438453733921051,0.26750633120536804,0.23879806697368622,0.20633693039417267,0.9488943815231323
300,1648806427.3788288,272.74420166015625,91.61398315429688,1378.7528076171875,0.9532363414764404,0.2894895672798157,0.08681163936853409,0.2810070216655731,-0.9546899795532227,0.09799028187990189,0.11124536395072937,-0.06901322305202484,-0.9913938045501709
4,1648806427.378836,318.2115478515625,-9.016849517822266,1450.0074462890625,0.31853175163269043,-0.8970209360122681,0.30641624331474304,-0.7900345325469971,-0.07259642332792282,0.6087489128112793,-0.5238158106803894,-0.435985267162323,-0.7318018078804016
410,1648806427.3788407,92.22457885742188,-155.3994903564453,1286.750732421875,-0.18529361486434937,0.9695510268211365,-0.16011597216129303,-0.9453951716423035,-0.13142192363739014,0.2982552647590637,0.26813095808029175,0.2066376656293869,0.9409605264663696
