300,1648806557.3242996,272.6938171386719,91.73009490966797,1378.80859375,0.9533482193946838,0.28936588764190674,0.08599139750003815,0.28087639808654785,-0.9546692967414856,0.09856468439102173,0.1106146052479744,-0.06981351226568222,-0.9914083480834961
4,1648806557.324308,308.126953125,-61.110260009765625,1544.8267822265625,0.24862653017044067,-0.902918815612793,0.350602924823761,-0.9666466116905212,-0.25427335500717163,0.030649470165371895,0.0614749938249588,-0.34652939438819885,-0.9360225200653076
300,1648806557.3486185,272.70281982421875,91.7335205078125,1378.789306640625,0.9533036351203918,0.2893039286136627,0.08669150620698929,0.28082796931266785,-0.9547412991523743,0.09800367802381516,0.1111208125948906,-0.0690818652510643,-0.9914029836654663
4,1648806557.3486264,308.12579345703125,-61.15217971801758,1545.0147705078125,0.24831856787204742,-0.9029537439346313,0.35073122382164,-0.9666481614112854,-0.254414826631546,0.02940102480351925,0.06268346309661865,-0.3463345170021057,-0.9360145330429077
300,1648806557.3791919,272.7021179199219,91.73101043701172,1378.810791015625,0.9533517956733704,0.2892487645149231,0.08634515851736069,0.28081071376800537,-0.9547590613365173,0.09787992388010025,0.1107504665851593,-0.06906735152006149,-0.9914454221725464
4,1648806557.3791997,308.15863037109375,-61.17791748046875,1545.19970703125,0.24823419749736786,-0.9023399353027344,0.35236692428588867,-0.9666182398796082,-0.2545669376850128,0.029065722599625587,0.06347380578517914,-0.34781941771507263,-0.9354104399681091
300,1648806557.4103165,272.6994323730469,91.72872924804688,1378.8028564453125,0.9533438086509705,0.28938037157058716,0.08599145710468292,0.2808465361595154,-0.9546369910240173,0.09896194189786911,0.11072827130556107,-0.07019435614347458,-0.9913687705993652
4,1648806557.4103239,308.34112548828125,-61.16300582885742,1545.404052734375,0.24887336790561676,-0.9013224840164185,0.3545134961605072,-0.9662944674491882,-0.25595489144325256,0.027607014402747154,0.06585663557052612,-0.34943506121635437,-0.9346432685852051
300,1648806557.4407368,272.7040710449219,91.71720886230469,1378.7593994140625,0.9532212615013123,0.28949597477912903,0.08695545047521591,0.2809408903121948,-0.9546521902084351,0.09854647517204285,0.1115410178899765,-0.06950725615024567,-0.9913260340690613
4,1648806557.4407463,308.4345397949219,-61.15671920776367,1545.50537109375,0.2493906021118164,-0.90073162317276,0.3556499183177948,-0.9661381840705872,-0.25652313232421875,0.027800634503364563,0.06619152426719666,-0.3505401909351349,-0.9342056512832642
300,1648806557.4722972,272.70733642578125,91.73240661621094,1378.7760009765625,0.9532580375671387,0.2893642783164978,0.0869910717010498,0.28086748719215393,-0.9547296166419983,0.09800393134355545,0.11141178756952286,-0.0689900666475296,-0.9913766980171204
4,1648806557.4723237,308.55401611328125,-61.116363525390625,1545.4915771484375,0.2500646114349365,-0.9001772999763489,0.3565789759159088,-0.9659095406532288,-0.25740915536880493,0.027556059882044792,0.06698135286569595,-0.35131382942199707,-0.9338586926460266
300,1648806557.5012822,272.7055358886719,91.73001861572266,1378.7886962890625,0.9532915353775024,0.28935444355010986,0.0866556391119957,0.28091612458229065,-0.9547474384307861,0.09769072383642197,0.11100149154663086,-0.06878477334976196,-0.9914370179176331
4,1648806557.5012937,308.6500244140625,-61.085933685302734,1545.535400390625,0.2510671615600586,-0.9003007411956787,0.35556137561798096,-0.9657018184661865,-0.258098304271698,0.028377413749694824,0.06622157990932465,-0.35049089789390564,-0.9342220425605774
300,1648806557.5306098,272.7040100097656,91.73696899414062,1378.8076171875,0.9532684683799744,0.2894192934036255,0.08669283241033554,0.28081050515174866,-0.9546241760253906,0.09918756037950516,0.11146587133407593,-0.0702081173658371,-0.9912850856781006
4,1648806557.530618,308.7320861816406,-61.04581832885742,1545.530517578125,0.25168758630752563,-0.8997334241867065,0.35655733942985535,-0.9655691981315613,-0.25849029421806335,0.029306435957551003,0.06579862534999847,-0.35165685415267944,-0.9338136911392212
300,1648806557.5625541,272.7016906738281,91.72709655761719,1378.822998046875,0.9532741904258728,0.2894975543022156,0.08636850863695145,0.2808802127838135,-0.9545742869377136,0.0994698777794838,0.11124144494533539,-0.07056286185979843,-0.9912851452827454
4,1648806557.5625625,308.7265625,-61.03407669067383,1545.503662109375,0.25167837738990784,-0.8993746638298035,0.35746774077415466,-0.9656494855880737,-0.2580307424068451,0.030679142102599144,0.06464561820030212,-0.35290980339050293,-0.9334214329719543
300,1648806557.592486,272.7043762207031,91.72990417480469,1378.8065185546875,0.9533188939094543,0.28938403725624084,0.08625531941652298,0.28081876039505005,-0.954633355140686,0.09907572716474533,0.11101313680410385,-0.07022865116596222,-0.9913344383239746
4,1648806557.5924938,308.62725830078125,-61.054107666015625,1545.383056640625,0.2509590983390808,-0.9002620577812195,0.35573557019233704,-0.9658284187316895,-0.25746431946754456,0.029791994020342827,0.06476861238479614,-0.3510560989379883,-0.9341117143630981
300,1648806557.622602,272.704345703125,91.7369384765625,1378.8116455078125,0.953338623046875,0.28929752111434937,0.08632767200469971,0.28083568811416626,-0.9547286629676819,0.09810430556535721,0.1108008399605751,-0.06928272545337677,-0.9914247989654541
4,1648806557.6226096,308.51416015625,-61.08390426635742,1545.353271484375,0.24998492002487183,-0.900439977645874,0.3559710681438446,-0.9661334156990051,-0.25626373291015625,0.03025149740278721,0.06398282200098038,-0.3514779508113861,-0.9340071678161621
300,1648806557.6523666,272.705810546875,91.7328872680664,1378.805419921875,0.953284740447998,0.2894320785999298,0.08647119998931885,0.2809182405471802,-0.9546656012535095,0.09848114848136902,0.1110546812415123,-0.06958924233913422,-0.9913749098777771
4,1648806557.6523743,308.48724365234375,-61.10527038574219,1545.372802734375,0.2495570331811905,-0.9004067182540894,0.3563551902770996,-0.9661728739738464,-0.25624027848243713,0.029169689863920212,0.0650479644536972,-0.3515802323818207,-0.9338951110839844
300,1648806557.6823103,272.7057189941406,91.73313903808594,1378.7838134765625,0.953263521194458,0.28944194316864014,0.08667214959859848,0.2809663712978363,-0.9546995162963867,0.09801409393548965,0.11111524701118469,-0.06908129900693893,-0.9914036393165588
4,1648806557.6823184,308.3835754394531,-61.141273498535156,1545.3868408203125,0.24860037863254547,-0.900174081325531,0.3576093912124634,-0.9664541482925415,-0.25512033700942993,0.029664069414138794,0.06453060358762741,-0.3529875874519348,-0.9333999752998352
300,1648806557.7144334,272.706298828125,91.72793579101562,1378.7862548828125,0.953263521194458,0.28942063450813293,0.08674287050962448,0.2808840274810791,-0.9546722769737244,0.09851384162902832,0.11132295429706573,-0.0695449635386467,-0.9913479089736938
4,1648806557.7144418,308.29449462890625,-61.17722702026367,1545.4002685546875,0.24795880913734436,-0.9001596570014954,0.3580908477306366,-0.9666290879249573,-0.25445225834846497,0.029703497886657715,0.06437913328409195,-0.35350626707077026,-0.9332141280174255
300,1648806557.7446995,272.7063293457031,91.73088836669922,1378.8111572265625,0.9532994031906128,0.2893637418746948,0.08653818815946579,0.28090786933898926,-0.9547262787818909,0.0979207381606102,0.11095499992370605,-0.069038525223732,-0.991424560546875
4,1648806557.7447073,308.02703857421875,-61.2446403503418,1545.26904296875,0.2459816336631775,-0.9020704627037048,0.3546293079853058,-0.9671709537506104,-0.2525211274623871,0.02852117083966732,0.06382328271865845,-0.35000282526016235,-0.9345718622207642
300,1648806557.7749028,272.709228515625,91.73169708251953,1378.8155517578125,0.9532853960990906,0.2893734276294708,0.08666028827428818,0.2808842360973358,-0.9547105431556702,0.09814184904098511,0.11113513261079788,-0.06921567767858505,-0.9913920164108276
4,1648806557.7749112,307.93505859375,-61.271705627441406,1545.22021484375,0.24480533599853516,-0.9017934799194336,0.35614439845085144,-0.967483401298523,-0.2512998580932617,0.028708962723612785,0.06360948085784912,-0.35159191489219666,-0.9339898228645325
300,1648806557.8048189,272.7145080566406,91.74161529541016,1378.81396484375,0.9532466530799866,0.2894170880317688,0.08694010227918625,0.28091859817504883,-0.9547097682952881,0.09805119782686234,0.11138024926185608,-0.06904388219118118,-0.991376519203186
4,1648806557.804827,307.9359130859375,-61.26016616821289,1545.2159423828125,0.24492068588733673,-0.9020955562591553,0.35529911518096924,-0.9674840569496155,-0.25126898288726807,0.028956549242138863,0.06315407156944275,-0.350838303565979,-0.9343040585517883
300,1648806557.8349068,272.716796875,91.73841094970703,1378.836669921875,0.9533001184463501,0.28933796286582947,0.08661672472953796,0.28081390261650085,-0.9546964764595032,0.09847961366176605,0.11118656396865845,-0.06955744326114655,-0.9913623332977295
4,1648806557.8349142,307.6861267089844,-61.3350944519043,1545.1258544921875,0.24322602152824402,-0.9030169248580933,0.35412079095840454,-0.9679677486419678,-0.2494136542081833,0.028832487761974335,0.06228633597493172,-0.3497903048992157,-0.9347551465034485
300,1648806557.8666985,272.7177734375,91.74053192138672,1378.8262939453125,0.9532644748687744,0.28933295607566833,0.08702471107244492,0.28091558814048767,-0.9547899961471558,0.0972755178809166,0.11123533546924591,-0.06828269362449646,-0.9914454817771912
4,1648806557.8667066,307.7677917480469,-61.31725311279297,1545.1533203125,0.24363428354263306,-0.9028365015983582,0.3543000817298889,-0.9677847027778625,-0.25023502111434937,0.027841413393616676,0.06352204829454422,-0.34966933727264404,-0.9347172379493713
300,1648806557.8967385,272.7080078125,91.77688598632812,1378.8577880859375,0.9533724784851074,0.2892754375934601,0.08602699637413025,0.2808185815811157,-0.9547188878059387,0.09824846684932709,0.11055246740579605,-0.06950940191745758,-0.9914366602897644
4,1648806557.8967462,308.1052551269531,-61.20800018310547,1545.2723388671875,0.24617376923561096,-0.900905430316925,0.35744625329971313,-0.9670377373695374,-0.2530709207057953,0.028161868453025818,0.06508807837963104,-0.3525967597961426,-0.9335089921951294
300,1648806557.9266958,272.7124938964844,91.76249694824219,1378.849853515625,0.9533929824829102,0.2892729341983795,0.08580752462148666,0.2808000147342682,-0.9546952247619629,0.09853114932775497,0.11042243242263794,-0.06984415650367737,-0.9914276003837585
4,1648806557.9267032,308.0458984375,-61.24357986450195,1545.321533203125,0.2457263171672821,-0.9011055827140808,0.3572496175765991,-0.9671614766120911,-0.25260671973228455,0.028080394491553307,0.06494025141000748,-0.3524181842803955,-0.9335867166519165
300,1648806557.9565291,272.7179870605469,91.73623657226562,1378.8123779296875,0.9532965421676636,0.2893662750720978,0.0865616425871849,0.28081050515174866,-0.9546646475791931,0.09879735857248306,0.11122596263885498,-0.06987575441598892,-0.9913355708122253
4,1648806557.9565368,307.9432678222656,-61.285362243652344,1545.303466796875,0.24503876268863678,-0.9019259214401245,0.3556481599807739,-0.9674090147018433,-0.2516172528266907,0.02843419648706913,0.06384167820215225,-0.35102471709251404,-0.9341872930526733
300,1648806557.9867067,272.7049255371094,91.73180389404297,1378.840576171875,0.9533171653747559,0.28949716687202454,0.08589393645524979,0.2809910178184509,-0.9546135663986206,0.09877734631299973,0.11059128493070602,-0.07003071904182434,-0.9913955926895142
4,1648806557.9867148,308.03057861328125,-61.2396240234375,1545.195556640625,0.2457900196313858,-0.901735246181488,0.35561323165893555,-0.9672266244888306,-0.2522730529308319,0.028826715424656868,0.0637175664305687,-0.3510439097881317,-0.9341885447502136
300,1648806558.0184646,272.69586181640625,91.73011779785156,1378.8489990234375,0.9534200429916382,0.2893163859844208,0.08535967767238617,0.28085634112358093,-0.9546611309051514,0.09870056062936783,0.11004526168107986,-0.07012928277254105,-0.9914494156837463
4,1648806558.0184731,308.03704833984375,-61.216976165771484,1545.0738525390625,0.2457982748746872,-0.9016951322555542,0.3557092249393463,-0.9672170281410217,-0.2523190379142761,0.028746604919433594,0.06383153051137924,-0.351113885641098,-0.9341544508934021
300,1648806558.04882,272.6988220214844,91.72702026367188,1378.7978515625,0.9533208608627319,0.2893315553665161,0.08640915900468826,0.28092071413993835,-0.9547556042671204,0.0975978672504425,0.11073777079582214,-0.0687679648399353,-0.9914676547050476
4,1648806558.0488281,307.83868408203125,-61.25504684448242,1544.944580078125,0.24491775035858154,-0.9032872915267944,0.35226041078567505,-0.9675559997558594,-0.2509666383266449,0.029173504561185837,0.06205356493592262,-0.34797680377960205,-0.9354472160339355
300,1648806558.0788717,272.70977783203125,91.71129608154297,1378.8255615234375,0.9533246755599976,0.28948745131492615,0.08584345132112503,0.28094813227653503,-0.9545921087265015,0.09910638630390167,0.11063553392887115,-0.07036300748586655,-0.9913671612739563
4,1648806558.078879,307.7577209472656,-61.28323745727539,1544.8946533203125,0.24398908019065857,-0.9032129049301147,0.35309451818466187,-0.9678167700767517,-0.24992616474628448,0.02945438027381897,0.06164398044347763,-0.3489173650741577,-0.9351239204406738
300,1648806558.1110396,272.71307373046875,91.70545959472656,1378.7822265625,0.9532618522644043,0.28948482871055603,0.0865471288561821,0.280907541513443,-0.9546151161193848,0.09899967163801193,0.11127809435129166,-0.0700608640909195,-0.9913166165351868
4,1648806558.111048,307.63525390625,-61.31842041015625,1544.8502197265625,0.24337497353553772,-0.9035083651542664,0.352762371301651,-0.9680336713790894,-0.24900922179222107,0.030086124315857887,0.06065802276134491,-0.34880807995796204,-0.9352291226387024
300,1648806558.1403716,272.7021484375,91.7071533203125,1378.810791015625,0.9533188343048096,0.289434015750885,0.08608772605657578,0.2809225618839264,-0.954641580581665,0.09870122373104095,0.11075041443109512,-0.06990975141525269,-0.9913864135742188
4,1648806558.1403797,307.5271301269531,-61.346641540527344,1544.7996826171875,0.2423531711101532,-0.9039645791053772,0.35229671001434326,-0.9682489633560181,-0.24830618500709534,0.028947798535227776,0.06130966544151306,-0.34812650084495544,-0.9354405999183655
300,1648806558.1705334,272.7048034667969,91.70066833496094,1378.7938232421875,0.9533140659332275,0.28943994641304016,0.08612080663442612,0.28105273842811584,-0.9547199010848999,0.09756699949502945,0.1104610338807106,-0.06880750507116318,-0.9914957880973816
4,1648806558.1705415,307.5498962402344,-61.35601043701172,1544.865966796875,0.2425464242696762,-0.9036440253257751,0.3529854118824005,-0.9682005643844604,-0.24846433103084564,0.02920878492295742,0.06130993738770485,-0.34884515404701233,-0.9351727962493896
300,1648806558.200592,272.71234130859375,91.70498657226562,1378.7958984375,0.9533173441886902,0.28947123885154724,0.08597929775714874,0.2810758948326111,-0.954696536064148,0.09772869199514389,0.11037378013134003,-0.0689997524023056,-0.9914921522140503
4,1648806558.2006009,307.5025634765625,-61.370418548583984,1544.8651123046875,0.2424185872077942,-0.9042443037033081,0.3515329957008362,-0.9682387113571167,-0.24835677444934845,0.028856076300144196,0.06121265888214111,-0.34736311435699463,-0.9357306957244873
300,1648806558.2307289,272.71331787109375,91.7060775756836,1378.797119140625,0.9532806277275085,0.28946858644485474,0.08639416843652725,0.2809939682483673,-0.9546743631362915,0.09817954152822495,0.11089818924665451,-0.06931640952825546,-0.9914115071296692
4,1648806558.230737,307.4657287597656,-61.369693756103516,1544.804443359375,0.24219581484794617,-0.9045141935348511,0.35099178552627563,-0.9683546423912048,-0.24782250821590424,0.02955183945596218,0.060253605246543884,-0.3470418453216553,-0.9359120726585388
300,1648806558.2626336,272.7044982910156,91.70916748046875,1378.8115234375,0.9533317685127258,0.28942835330963135,0.08596346527338028,0.28099435567855835,-0.9546839594841003,0.09808526933193207,0.11045660078525543,-0.06935255229473114,-0.9914582967758179
4,1648806558.2626414,307.5782775878906,-61.31785202026367,1544.749267578125,0.24333436787128448,-0.9044434428215027,0.3503861427307129,-0.9680484533309937,-0.2490234225988388,0.029487093910574913,0.06058495119214058,-0.3463659882545471,-0.9361410737037659
300,1648806558.2929761,272.70758056640625,91.71212768554688,1378.79150390625,0.9532236456871033,0.2894591689109802,0.0870523750782013,0.2809537947177887,-0.9547001719474792,0.09804359078407288,0.11148853600025177,-0.0689997673034668,-0.9913673996925354
4,1648806558.2929842,307.6211242675781,-61.302406311035156,1544.7723388671875,0.24389371275901794,-0.9047960638999939,0.34908437728881836,-0.9679288268089294,-0.2494671642780304,0.029662884771823883,0.06024622544646263,-0.34512344002723694,-0.9366217255592346
300,1648806558.323104,272.7083740234375,91.70429229736328,1378.814697265625,0.9532784819602966,0.2894662022590637,0.08642571419477463,0.28094494342803955,-0.9546478986740112,0.09857626259326935,0.1110406219959259,-0.06968976557254791,-0.9913694262504578
4,1648806558.3231122,307.706298828125,-61.2897834777832,1544.843505859375,0.24477124214172363,-0.9042516946792603,0.3498799204826355,-0.9676907062530518,-0.2503553330898285,0.029949244111776352,0.060512643307447433,-0.34590625762939453,-0.9363157153129578
300,1648806558.3528287,272.71392822265625,91.69564056396484,1378.820068359375,0.9532496333122253,0.2895244359970093,0.0865488275885582,0.28096652030944824,-0.9546157121658325,0.09882659465074539,0.11123358458280563,-0.06988909095525742,-0.9913337230682373
4,1648806558.3528368,307.7542419433594,-61.299705505371094,1544.9119873046875,0.2447696030139923,-0.9039841294288635,0.35057178139686584,-0.967534065246582,-0.251211553812027,0.02775947004556656,0.06297356635332108,-0.3459848165512085,-0.9361243844032288
300,1648806558.3828063,272.7091064453125,91.699462890625,1378.81787109375,0.9533154964447021,0.2894442677497864,0.08609026670455933,0.2809332013130188,-0.9546389579772949,0.0986962839961052,0.11075219511985779,-0.06990309059619904,-0.9913866519927979
4,1648806558.3828144,307.7768859863281,-61.31127166748047,1545.030029296875,0.24490006268024445,-0.9037765860557556,0.35101547837257385,-0.9674776196479797,-0.2514481842517853,0.027583841234445572,0.06333257257938385,-0.3463549017906189,-0.9359632730484009
300,1648806558.414881,272.70440673828125,91.69766235351562,1378.83935546875,0.953313946723938,0.2894694209098816,0.08602281659841537,0.28097888827323914,-0.9546400904655457,0.09855533391237259,0.11064958572387695,-0.06978357583284378,-0.9914065599441528
4,1648806558.4148905,307.67401123046875,-61.37421417236328,1545.1357421875,0.24377773702144623,-0.9039705991744995,0.35129696130752563,-0.9677243828773499,-0.2505916953086853,0.026707110926508904,0.06388965994119644,-0.3464692234992981,-0.935883104801178
300,1648806558.4443207,272.70367431640625,91.69503021240234,1378.882568359375,0.9533805251121521,0.2894636392593384,0.08530157804489136,0.2810221016407013,-0.9546256065368652,0.09857233613729477,0.10996417701244354,-0.07000531256198883,-0.9914671778678894
4,1648806558.4443288,307.67376708984375,-61.399513244628906,1545.22412109375,0.24344971776008606,-0.9038335680961609,0.35187655687332153,-0.9676916599273682,-0.25088605284690857,0.025079891085624695,0.06561287492513657,-0.34661373496055603,-0.9357103705406189
300,1648806558.4746938,272.71722412109375,91.6626205444336,1378.8385009765625,0.953312337398529,0.28942838311195374,0.08617893606424332,0.2809928059577942,-0.9546968340873718,0.09796440601348877,0.11062843352556229,-0.06917501240968704,-0.9914515614509583
4,1648806558.474702,307.82183837890625,-61.37944793701172,1545.426513671875,0.2446291744709015,-0.902676522731781,0.3540220856666565,-0.9674803018569946,-0.2514629662036896,0.027354737743735313,0.06433096528053284,-0.34920114278793335,-0.9348369240760803
300,1648806558.5047958,272.71331787109375,91.67869567871094,1378.861328125,0.9533175230026245,0.2894459664821625,0.08606237173080444,0.28085607290267944,-0.9545866847038269,0.0994192436337471,0.11093048751354218,-0.07060696929693222,-0.9913168549537659
4,1648806558.5048037,307.9815673828125,-61.3389778137207,1545.4989013671875,0.2455584555864334,-0.9021594524383545,0.35469621419906616,-0.9671324491500854,-0.25291141867637634,0.026279201731085777,0.06599868834018707,-0.34949129819869995,-0.9346122145652771
300,1648806558.534887,272.7010498046875,91.69945526123047,1378.838134765625,0.9533472657203674,0.2893748879432678,0.08597204089164734,0.28085047006607056,-0.9546433091163635,0.09888996183872223,0.11068890243768692,-0.07013118267059326,-0.991377592086792
4,1648806558.5348942,308.16900634765625,-61.27916717529297,1545.559326171875,0.24675878882408142,-0.9014858603477478,0.3555746376514435,-0.9667543768882751,-0.254385769367218,0.025957908481359482,0.0670524314045906,-0.35015869140625,-0.9342873692512512
300,1648806558.5668957,272.7002258300781,91.68804931640625,1378.8350830078125,0.9533550143241882,0.2893824875354767,0.08586021512746811,0.2809123992919922,-0.9546680450439453,0.09847395122051239,0.11046464741230011,-0.06976144015789032,-0.9914287328720093
4,1648806558.5669036,308.36981201171875,-61.206573486328125,1545.5589599609375,0.24844065308570862,-0.9008648991584778,0.35597705841064453,-0.9664017558097839,-0.25552821159362793,0.027802644297480583,0.06591574847698212,-0.35092416405677795,-0.9340810179710388
300,1648806558.5971303,272.7079162597656,91.68696594238281,1378.8233642578125,0.9533551931381226,0.28942739963531494,0.08570662140846252,0.28089430928230286,-0.9546047449111938,0.09913703799247742,0.11050892621278763,-0.07043830305337906,-0.9913759231567383
4,1648806558.5971382,308.63665771484375,-61.09128189086914,1545.4735107421875,0.2504715025424957,-0.8996959924697876,0.3575068414211273,-0.9659534096717834,-0.25696033239364624,0.03009069710969925,0.06479258835315704,-0.3528718054294586,-0.9334256649017334
300,1648806558.6262047,272.7084045410156,91.6874771118164,1378.8197021484375,0.9533002972602844,0.2894549071788788,0.08622277528047562,0.28098639845848083,-0.9546712040901184,0.09823232889175415,0.11074823141098022,-0.06941748410463333,-0.9914212226867676
4,1648806558.6262116,308.9980773925781,-60.957881927490234,1545.42041015625,0.2536793351173401,-0.8993215560913086,0.35618463158607483,-0.9651366472244263,-0.2598772644996643,0.03122532181441784,0.0644826889038086,-0.35168808698654175,-0.9338937401771545
300,1648806558.6564891,272.698974609375,91.69198608398438,1378.8341064453125,0.9533413052558899,0.2894487977027893,0.08578892797231674,0.2809258997440338,-0.9546103477478027,0.09899348765611649,0.11054854840040207,-0.0702742487192154,-0.9913831353187561
4,1648806558.656498,309.4122314453125,-60.80211639404297,1545.4185791015625,0.25714120268821716,-0.8976399302482605,0.35793983936309814,-0.9641978740692139,-0.2631561756134033,0.0327303521335125,0.0648140087723732,-0.35354113578796387,-0.9331708550453186
300,1648806558.6869333,272.70379638671875,91.68428802490234,1378.8453369140625,0.9533408880233765,0.28937533497810364,0.0860409140586853,0.28095099329948425,-0.9547106623649597,0.09794928878545761,0.11048828810453415,-0.06920578330755234,-0.9914650321006775
4,1648806558.686942,309.7532653808594,-60.7049446105957,1545.530029296875,0.25968971848487854,-0.8964177966117859,0.35916072130203247,-0.9633730053901672,-0.2662419080734253,0.032058343291282654,0.06688596308231354,-0.35433095693588257,-0.9327249526977539
300,1648806558.7188087,272.7200012207031,91.67900848388672,1378.82666015625,0.9532331228256226,0.28943321108818054,0.08703475445508957,0.28092309832572937,-0.9547037482261658,0.09809648990631104,0.11148479580879211,-0.06905874609947205,-0.9913637042045593
4,1648806558.718816,309.71649169921875,-60.761383056640625,1545.7149658203125,0.2596363425254822,-0.896686851978302,0.3585270047187805,-0.963311493396759,-0.26661282777786255,0.03079943358898163,0.06797045469284058,-0.3533698320388794,-0.9330111145973206
300,1648806558.7492368,272.7145080566406,91.68196868896484,1378.8563232421875,0.9533455967903137,0.28938931226730347,0.08594202250242233,0.2808830440044403,-0.9546485543251038,0.09874642640352249,0.11062058806419373,-0.0699998140335083,-0.9913945198059082
4,1648806558.7492447,309.575439453125,-60.850433349609375,1545.906494140625,0.2586166560649872,-0.8968774676322937,0.3587871193885803,-0.9635176658630371,-0.26600751280784607,0.029559489339590073,0.06892882287502289,-0.35334229469299316,-0.9329512715339661
300,1648806558.7783678,272.7088623046875,91.67897033691406,1378.87158203125,0.9533846378326416,0.28934818506240845,0.08564705401659012,0.2809571325778961,-0.9547141790390015,0.0978972464799881,0.11009485274553299,-0.06927057355642319,-0.9915042519569397
4,1648806558.7783754,309.5582275390625,-60.87692642211914,1546.0032958984375,0.25856438279151917,-0.8971648812294006,0.3581055700778961,-0.9634238481521606,-0.2665266692638397,0.027893219143152237,0.07041987031698227,-0.3522196412086487,-0.9332643747329712
300,1648806558.810555,272.70574951171875,91.6763916015625,1378.8863525390625,0.9534236192703247,0.2892967164516449,0.08538615703582764,0.2808890640735626,-0.9547020196914673,0.09821106493473053,0.10993047058582306,-0.06965271383523941,-0.9914957284927368
4,1648806558.8105626,309.7483215332031,-60.82484817504883,1546.1036376953125,0.2608706057071686,-0.8974616527557373,0.35568127036094666,-0.9627864956855774,-0.26882538199424744,0.027840156108140945,0.07063067704439163,-0.34970778226852417,-0.9341925978660583
300,1648806558.840943,272.70721435546875,91.67582702636719,1378.87841796875,0.9534216523170471,0.28932929039001465,0.0852978304028511,0.280928373336792,-0.9546908736228943,0.09820707142353058,0.10984724014997482,-0.069670170545578,-0.9915037155151367
4,1648806558.840951,310.087646484375,-60.70122146606445,1546.1575927734375,0.2642155587673187,-0.8966825604438782,0.35517674684524536,-0.961911141872406,-0.2717716097831726,0.02944732829928398,0.07012205570936203,-0.3494289219379425,-0.9343352317810059
300,1648806558.871036,272.7126159667969,91.67788696289062,1378.856201171875,0.9533592462539673,0.2893432676792145,0.0859452411532402,0.28089016675949097,-0.9546959400177002,0.09826701879501343,0.11048447340726852,-0.06954260170459747,-0.9914419054985046
4,1648806558.8710444,310.361083984375,-60.593223571777344,1546.1192626953125,0.26674365997314453,-0.8959232568740845,0.3552032709121704,-0.9611899852752686,-0.2742399573326111,0.03010491281747818,0.07043924182653427,-0.3494481146335602,-0.9343041777610779
300,1648806558.901079,272.72479248046875,91.6686782836914,1378.8670654296875,0.9533204436302185,0.2893386483192444,0.08638991415500641,0.2809501886367798,-0.9547661542892456,0.09740947932004929,0.11066649854183197,-0.06859119236469269,-0.9914878606796265
4,1648806558.9010866,310.5062561035156,-60.504634857177734,1545.9432373046875,0.2684658169746399,-0.8962984085083008,0.35295218229293823,-0.9607657790184021,-0.2756451666355133,0.03080424666404724,0.06967976689338684,-0.3473742604255676,-0.9351341128349304
300,1648806558.9302347,272.7043762207031,91.6794204711914,1378.96337890625,0.9534803032875061,0.28934887051582336,0.08457284420728683,0.2808702290058136,-0.9545871019363403,0.0993751734495163,0.10948623716831207,-0.07099827378988266,-0.9914494752883911
4,1648806558.9302464,310.6942138671875,-60.389076232910156,1545.7301025390625,0.2703549861907959,-0.8957148790359497,0.35299152135849,-0.9603092074394226,-0.27703532576560974,0.032521191984415054,0.0686614066362381,-0.3477732837200165,-0.9350611567497253
300,1648806558.962261,272.70599365234375,91.67704772949219,1378.91845703125,0.9534098505973816,0.28938525915145874,0.0852397084236145,0.2809085249900818,-0.954622209072113,0.09892842918634415,0.11000014841556549,-0.07037477940320969,-0.9914370179176331
4,1648806558.9622686,310.60516357421875,-60.35201644897461,1545.4141845703125,0.2702854573726654,-0.8969555497169495,0.3498806953430176,-0.9605316519737244,-0.2760404646396637,0.03435950353741646,0.06576227396726608,-0.34535834193229675,-0.9361639618873596
300,1648806558.9923651,272.7137756347656,91.68396759033203,1378.8988037109375,0.9533054828643799,0.2894321382045746,0.08624229580163956,0.2808770537376404,-0.9546247124671936,0.09899382293224335,0.11098101735115051,-0.07014787197113037,-0.9913437962532043
4,1648806558.992372,310.29449462890625,-60.37053298950195,1545.0501708984375,0.2684781849384308,-0.8981694579124451,0.34815385937690735,-0.9612593054771423,-0.27323418855667114,0.0363820418715477,0.06245030090212822,-0.34443390369415283,-0.9367311596870422
300,1648806559.0225346,272.7170715332031,91.6718978881836,1378.8770751953125,0.9532836675643921,0.2894183099269867,0.08652897924184799,0.28097715973854065,-0.9547187685966492,0.09779540449380875,0.11091461777687073,-0.06891410052776337,-0.9914377331733704
4,1648806559.0225425,310.02752685546875,-60.42672348022461,1544.826171875,0.26694729924201965,-0.9006004333496094,0.34301307797431946,-0.9618462324142456,-0.27111494541168213,0.03672167286276817,0.05992441624403,-0.33972859382629395,-0.9386125802993774
300,1648806559.0523305,272.7076110839844,91.67662811279297,1378.8642578125,0.9532728791236877,0.2894447445869446,0.0865594670176506,0.2810022234916687,-0.9547120332717896,0.09778919816017151,0.11094393581151962,-0.06889638304710388,-0.991435706615448
4,1648806559.0523384,309.9182434082031,-60.4539794921875,1544.794921875,0.265922874212265,-0.9001415967941284,0.34500735998153687,-0.9621649384498596,-0.26987576484680176,0.03749271109700203,0.05936037749052048,-0.34192416071891785,-0.937850832939148
410,1648806559.0523434,16.13633918762207,-245.90982055664062,1375.5499267578125,-0.34471434354782104,0.7068556547164917,0.6176788210868835,-0.48392048478126526,-0.6976492404937744,0.5283052921295166,0.804358720779419,-0.11679300665855408,0.5825516581535339
300,1648806559.0824265,272.6991882324219,91.66849517822266,1378.8756103515625,0.9533888101577759,0.28938281536102295,0.08548308908939362,0.2809255123138428,-0.954651415348053,0.09859808534383774,0.1101391464471817,-0.06998793035745621,-0.9914489984512329
4,1648806559.082434,309.7807922363281,-60.51815414428711,1544.7943115234375,0.264713317155838,-0.9005822539329529,0.3447875678539276,-0.9623984694480896,-0.2693224549293518,0.03542087972164154,0.06095961481332779,-0.3411993980407715,-0.9380121827125549
300,1648806559.1145117,272.7091064453125,91.6736068725586,1378.8807373046875,0.9534072875976562,0.2893489897251129,0.08539123088121414,0.28102198243141174,-0.9547377228736877,0.0974806398153305,0.10973215848207474,-0.06894193589687347,-0.9915673732757568
4,1648806559.1145203,309.40765380859375,-60.64034652709961,1544.7379150390625,0.2622825801372528,-0.9031206369400024,0.33997195959091187,-0.9631267786026001,-0.26688098907470703,0.03407822921872139,0.059955302625894547,-0.3363742530345917,-0.9398179054260254
300,1648806559.1447668,272.70379638671875,91.6722412109375,1378.8798828125,0.9534354209899902,0.28934594988822937,0.0850873738527298,0.28094029426574707,-0.954669177532196,0.09838365763425827,0.10969720035791397,-0.06989798694849014,-0.9915043115615845
4,1648806559.144775,309.2373962402344,-60.680946350097656,1544.61962890625,0.2610025405883789,-0.9030316472053528,0.3411913812160492,-0.9634978175163269,-0.2655046284198761,0.034339409321546555,0.059578318148851395,-0.337699830532074,-0.9393664002418518
300,1648806559.174886,272.7017822265625,91.66433715820312,1378.8067626953125,0.9533498883247375,0.28934580087661743,0.08604086935520172,0.28097110986709595,-0.9547504186630249,0.09750303626060486,0.11035965383052826,-0.06877950578927994,-0.9915090203285217
4,1648806559.174894,309.1891174316406,-60.67859649658203,1544.537353515625,0.26093289256095886,-0.9031358361244202,0.3409687280654907,-0.9635980129241943,-0.2649818956851959,0.035545118153095245,0.05824847146868706,-0.33783167600631714,-0.9394024014472961
300,1648806559.204756,272.7000732421875,91.6656494140625,1378.845703125,0.9534302949905396,0.2893355190753937,0.08518011122941971,0.2809644043445587,-0.954700231552124,0.09801255911588669,0.10967998951673508,-0.06951556354761124,-0.991533100605011
4,1648806559.2047641,309.0899963378906,-60.693599700927734,1544.44873046875,0.26023295521736145,-0.9035791158676147,0.34032872319221497,-0.9638178944587708,-0.26417386531829834,0.03559849411249161,0.057739898562431335,-0.337278813123703,-0.9396324157714844
300,1648806559.2349117,272.70513916015625,91.66511535644531,1378.8271484375,0.9533476233482361,0.289387583732605,0.08592504262924194,0.28090745210647583,-0.9546644687652588,0.09852294623851776,0.11054090410470963,-0.06978963315486908,-0.9914182424545288
4,1648806559.23492,308.83355712890625,-60.74158477783203,1544.2489013671875,0.2586054801940918,-0.9049527049064636,0.3379110097885132,-0.9643380641937256,-0.26226016879081726,0.0356605090200901,0.05634952336549759,-0.33508244156837463,-0.9405022263526917
300,1648806559.266787,272.7081298828125,91.6649169921875,1378.8505859375,0.9533454179763794,0.2894095480442047,0.08587538450956345,0.28102022409439087,-0.9547118544578552,0.09773916751146317,0.11027289927005768,-0.06904646754264832,-0.9915001392364502
4,1648806559.2667952,308.61846923828125,-60.789894104003906,1544.111572265625,0.25708308815956116,-0.9063769578933716,0.335244745016098,-0.9648211002349854,-0.26048192381858826,0.03562886640429497,0.05503200739622116,-0.3326107859611511,-0.9414571523666382
300,1648806559.29665,272.7008056640625,91.66732025146484,1378.8095703125,0.9532783031463623,0.2894585430622101,0.08645384758710861,0.28097355365753174,-0.9546747207641602,0.09823485463857651,0.11097022145986557,-0.06935390830039978,-0.9914008378982544
4,1648806559.296658,308.5460510253906,-60.819332122802734,1544.1527099609375,0.2563883662223816,-0.9055370688438416,0.3380350172519684,-0.9650025963783264,-0.25974041223526,0.03612307459115982,0.05509057268500328,-0.335466206073761,-0.9404400587081909
300,1648806559.3270226,272.7001037597656,91.66641998291016,1378.81787109375,0.9533271193504333,0.28944045305252075,0.08597483485937119,0.2809593379497528,-0.9546514749526978,0.0985008180141449,0.11058612167835236,-0.06974806636571884,-0.9914160966873169
4,1648806559.32703,308.5204772949219,-60.85551071166992,1544.2867431640625,0.25617101788520813,-0.9059482216835022,0.33709684014320374,-0.9650400876998901,-0.25969648361206055,0.035431165248155594,0.05544406548142433,-0.33438840508461,-0.940803050994873
300,1648806559.3562412,272.7037048339844,91.66159057617188,1378.8369140625,0.953354001045227,0.28934580087661743,0.08599497377872467,0.28092923760414124,-0.9547213315963745,0.09790778160095215,0.11043044179677963,-0.06918226927518845,-0.9914731383323669
4,1648806559.3562493,308.6374206542969,-60.87417984008789,1544.5072021484375,0.25653406977653503,-0.9050958752632141,0.3391043543815613,-0.9647455811500549,-0.2611226439476013,0.032878048717975616,0.05879003554582596,-0.33558374643325806,-0.9401740431785583
300,1648806559.386944,272.7072448730469,91.65574645996094,1378.833740234375,0.9533427357673645,0.28935176134109497,0.08610018342733383,0.2810017764568329,-0.9547677636146545,0.09724438935518265,0.11034351587295532,-0.068512924015522,-0.9915292859077454
4,1648806559.3869512,308.9500732421875,-60.852115631103516,1544.860107421875,0.2584151029586792,-0.9033728241920471,0.3422560691833496,-0.9640601873397827,-0.2637956738471985,0.031619276851415634,0.061721671372652054,-0.3381263315677643,-0.9390745759010315
300,1648806559.4182274,272.70819091796875,91.6574478149414,1378.8299560546875,0.9532836079597473,0.289445161819458,0.08643981069326401,0.28087788820266724,-0.9546260833740234,0.0989779531955719,0.11116638779640198,-0.07007503509521484,-0.9913281798362732
4,1648806559.4182353,309.2046813964844,-60.820579528808594,1545.1212158203125,0.2599354088306427,-0.9022095799446106,0.3441677689552307,-0.9634395241737366,-0.26628613471984863,0.029596474021673203,0.06494487822055817,-0.339277982711792,-0.9384415745735168
300,1648806559.4486773,272.69879150390625,91.6535415649414,1378.8504638671875,0.9533805251121521,0.2893717288970947,0.08561281859874725,0.28093549609184265,-0.9546765089035034,0.09832588583230972,0.11018528044223785,-0.06969030201435089,-0.9914647936820984
4,1648806559.4486861,309.5184020996094,-60.74553680419922,1545.332763671875,0.26245439052581787,-0.9011279940605164,0.3450884222984314,-0.9627095460891724,-0.26885512471199036,0.030121134594082832,0.0656357854604721,-0.34012532234191895,-0.938086748123169
300,1648806559.479232,272.70245361328125,91.65369415283203,1378.8106689453125,0.9533185958862305,0.28936293721199036,0.08632903546094894,0.28094011545181274,-0.9547337889671326,0.09775526076555252,0.11070799082517624,-0.06893862038850784,-0.9914591312408447
4,1648806559.4792402,309.59375,-60.71286392211914,1545.3699951171875,0.26305529475212097,-0.9010370373725891,0.34486836194992065,-0.962618350982666,-0.26904380321502686,0.03132627159357071,0.06455857306718826,-0.3402171730995178,-0.9381281733512878
300,1648806559.510746,272.7063293457031,91.64993286132812,1378.837890625,0.9532908797264099,0.2894729673862457,0.08626620471477509,0.28095558285713196,-0.9546379446983337,0.09864237904548645,0.11090730130672455,-0.06979791074991226,-0.9913767576217651
4,1648806559.5107536,309.3562927246094,-60.7714958190918,1545.2069091796875,0.2616015076637268,-0.9016374945640564,0.3444044888019562,-0.9631118178367615,-0.26718199253082275,0.03208492696285248,0.06308970600366592,-0.3400934934616089,-0.9382729530334473
300,1648806559.540443,272.7088317871094,91.65090942382812,1378.837158203125,0.9532905220985413,0.28942227363586426,0.08644025027751923,0.28094837069511414,-0.954691469669342,0.09814359992742538,0.11092871427536011,-0.06927412003278732,-0.9914110898971558
4,1648806559.5404515,309.08404541015625,-60.84536361694336,1545.0733642578125,0.2593836188316345,-0.9028963446617126,0.34278038144111633,-0.9636842012405396,-0.2653096616268158,0.030389074236154556,0.06350476294755936,-0.3382144570350647,-0.9389238953590393
300,1648806559.570917,272.7067565917969,91.64876556396484,1378.80615234375,0.9532784819602966,0.2894303798675537,0.08654612302780151,0.2809251844882965,-0.9546763896942139,0.0983569398522377,0.11109102517366409,-0.0694485679268837,-0.9913806915283203
4,1648806559.5709248,308.93939208984375,-60.9064826965332,1545.0352783203125,0.25804999470710754,-0.903483510017395,0.3422393798828125,-0.9639751315116882,-0.2644329071044922,0.02876056358218193,0.06451466679573059,-0.3373319208621979,-0.9391725063323975
300,1648806559.600336,272.7025146484375,91.65306091308594,1378.8233642578125,0.9532985091209412,0.2894256114959717,0.08634112030267715,0.280989408493042,-0.954707682132721,0.09786838293075562,0.11075614392757416,-0.06903684139251709,-0.9914469122886658
4,1648806559.6003437,308.75189208984375,-60.98849868774414,1545.1363525390625,0.2565692067146301,-0.9042706489562988,0.34127238392829895,-0.9643699526786804,-0.2630782425403595,0.02793576940894127,0.06451984494924545,-0.33628028631210327,-0.9395492076873779
300,1648806559.6307707,272.7051086425781,91.6587905883789,1378.8536376953125,0.9534183144569397,0.28924545645713806,0.0856185033917427,0.28090280294418335,-0.9547731280326843,0.09747778624296188,0.10994125157594681,-0.0688866376876831,-0.9915480613708496
4,1648806559.6307788,308.58892822265625,-61.078041076660156,1545.31982421875,0.2552368640899658,-0.9044487476348877,0.3417990505695343,-0.9647209644317627,-0.26182711124420166,0.027569212019443512,0.06455732136964798,-0.33677738904953003,-0.9393686056137085
300,1648806559.6629894,272.7039794921875,91.64887237548828,1378.85400390625,0.9534281492233276,0.2892989218235016,0.0853281021118164,0.28098806738853455,-0.9547586441040039,0.09737372398376465,0.10963785648345947,-0.0688626766204834,-0.9915832877159119
