300,1648807220.8895643,272.7410888671875,91.5848159790039,1378.8121337890625,0.9534111618995667,0.2892448604106903,0.08570020645856857,0.28077951073646545,-0.9547012448310852,0.09853096306324005,0.11031767725944519,-0.06987766176462173,-0.9914368987083435
4,1648807220.889572,56.690269470214844,-56.12279510498047,1449.388916015625,-0.024456936866044998,-0.9478359818458557,0.3178187608718872,-0.9257188439369202,0.14149531722068787,0.35074737668037415,-0.3774208724498749,-0.2856326103210449,-0.8808901906013489
410,1648807220.8895767,37.323036193847656,-142.10694885253906,1385.628662109375,-0.03090086206793785,0.9928308725357056,0.11546412110328674,-0.9179894924163818,0.01750781387090683,-0.3962180018424988,-0.3953990042209625,-0.11823832988739014,0.9108673334121704
300,1648807220.9184375,272.7452392578125,91.58604431152344,1378.785400390625,0.9533583521842957,0.2892298102378845,0.0863366648554802,0.28080520033836365,-0.9547724723815918,0.0977649837732315,0.11070841550827026,-0.06896127760410309,-0.9914575219154358
4,1648807220.9184453,57.062923431396484,-56.05447769165039,1449.371337890625,-0.021494373679161072,-0.9477785229682922,0.3182041347026825,-0.9254342913627625,0.13929320871829987,0.35237592458724976,-0.3782980144023895,-0.28690290451049805,-0.8801007270812988
410,1648807220.91845,37.71291732788086,-141.82861328125,1385.4796142578125,-0.03522123396396637,0.9930393695831299,0.11239329725503922,-0.9175993800163269,0.012422717176377773,-0.3973122239112854,-0.39594292640686035,-0.11712585389614105,0.910774827003479
300,1648807220.9490075,272.73956298828125,91.5853042602539,1378.74609375,0.9533630013465881,0.28921395540237427,0.08633795380592346,0.28074365854263306,-0.9547487497329712,0.09817267954349518,0.11082395911216736,-0.06935536861419678,-0.9914171099662781
4,1648807220.9490156,57.36660385131836,-55.9944953918457,1449.3087158203125,-0.019653500989079475,-0.9479037523269653,0.3179500102996826,-0.9256759285926819,0.13742166757583618,0.35247600078582764,-0.37780654430389404,-0.2873912751674652,-0.8801525235176086
410,1648807220.9490204,38.0636100769043,-141.6787567138672,1385.4356689453125,-0.038622353225946426,0.9934186339378357,0.10783179849386215,-0.9175772666931152,0.007471945136785507,-0.39748722314834595,-0.39567694067955017,-0.11429589986801147,0.9112498164176941
300,1648807220.9788003,272.7364501953125,91.58101654052734,1378.739013671875,0.9533840417861938,0.2892245054244995,0.08606986701488495,0.28074929118156433,-0.9547252058982849,0.09838522225618362,0.11062848567962646,-0.06963484734296799,-0.9914193749427795
4,1648807220.9788084,57.37682342529297,-55.944217681884766,1449.26416015625,-0.018829919397830963,-0.9481145739555359,0.3173707127571106,-0.9253529906272888,0.13673757016658783,0.3535882830619812,-0.37863871455192566,-0.2870219051837921,-0.8799154162406921
410,1648807220.9788132,38.189239501953125,-141.5723876953125,1385.37939453125,-0.04038466140627861,0.9937180876731873,0.10437169671058655,-0.9175791144371033,0.004462597891688347,-0.39752814173698425,-0.395496666431427,-0.11182332783937454,0.9116347432136536
300,1648807221.0112083,272.7414855957031,91.58168029785156,1378.7392578125,0.9534088969230652,0.28916218876838684,0.08600430190563202,0.2807261645793915,-0.9547639489173889,0.09807425737380981,0.11047317832708359,-0.06936120986938477,-0.9914558529853821
4,1648807221.0112157,57.233821868896484,-55.8865852355957,1449.162841796875,-0.01991237699985504,-0.9491182565689087,0.31428977847099304,-0.9253976345062256,0.13649395108222961,0.3535655438899994,-0.3784741461277008,-0.28380268812179565,-0.8810297250747681
410,1648807221.0112207,38.23186492919922,-141.5857696533203,1385.363525390625,-0.043155770748853683,0.9943531155586243,0.09695100039243698,-0.9175200462341309,-0.001045926590450108,-0.3976881802082062,-0.39534106850624084,-0.10611702501773834,0.912384033203125
300,1648807221.0409136,272.7448425292969,91.58648681640625,1378.7286376953125,0.9532985091209412,0.28929951786994934,0.08676273375749588,0.2808930575847626,-0.9547901749610901,0.09733886271715164,0.11100029200315475,-0.06842193752527237,-0.991462230682373
4,1648807221.0409217,57.09177017211914,-55.868194580078125,1449.117431640625,-0.020725712180137634,-0.9489855170249939,0.31463780999183655,-0.9249024391174316,0.13769935071468353,0.354392945766449,-0.3796391785144806,-0.2836642265319824,-0.8805729150772095
410,1648807221.0409267,38.33546829223633,-141.63539123535156,1385.3575439453125,-0.04785523563623428,0.995125949382782,0.08622200787067413,-0.917865514755249,-0.00976182147860527,-0.3967714011669159,-0.39399585127830505,-0.09812779724597931,0.913858950138092
300,1648807221.0706112,272.7448425292969,91.568115234375,1378.7447509765625,0.9534164071083069,0.28918761014938354,0.08583537489175797,0.2808838188648224,-0.9548282623291016,0.09699104726314545,0.11000664532184601,-0.06836309283971786,-0.9915770292282104
4,1648807221.0706186,56.77431869506836,-55.85779571533203,1449.0587158203125,-0.0235306229442358,-0.949585497379303,0.31262388825416565,-0.9250258207321167,0.13928529620170593,0.35344985127449036,-0.37917476892471313,-0.2808682918548584,-0.8816685676574707
410,1648807221.0706232,38.32625961303711,-141.70333862304688,1385.3922119140625,-0.05320803076028824,0.9959427118301392,0.07257436960935593,-0.9181682467460632,-0.02022014744579792,-0.39567434787750244,-0.39260151982307434,-0.08768853545188904,0.9155188798904419
300,1648807221.1011503,272.7474060058594,91.59001922607422,1378.6976318359375,0.9532693028450012,0.28932562470436096,0.08699614554643631,0.2808641195297241,-0.9547631740570068,0.09768635779619217,0.11132387816905975,-0.0686873123049736,-0.9914076328277588
4,1648807221.1011581,56.164527893066406,-55.83841323852539,1448.9700927734375,-0.027798673138022423,-0.9505184888839722,0.30942174792289734,-0.9245569109916687,0.14212864637374878,0.35354480147361755,-0.3800285756587982,-0.2762499451637268,-0.8827594518661499
410,1648807221.101163,37.94548797607422,-141.76856994628906,1385.48291015625,-0.062126487493515015,0.996544361114502,0.05513335391879082,-0.9190165996551514,-0.03557225316762924,-0.39261066913604736,-0.38929271697998047,-0.07505998760461807,0.9180507659912109
300,1648807221.1306806,272.7434997558594,91.58409118652344,1378.72021484375,0.9532931447029114,0.28935661911964417,0.08663120865821838,0.28090420365333557,-0.9547364711761475,0.0978318303823471,0.11101826280355453,-0.0689273402094841,-0.9914252161979675
4,1648807221.1306887,55.039306640625,-55.81398391723633,1448.853271484375,-0.0353335477411747,-0.952004611492157,0.3040373921394348,-0.9240887761116028,0.14696641266345978,0.3527900278568268,-0.38054102659225464,-0.2684922218322754,-0.8849296569824219
410,1648807221.1306946,36.9024543762207,-141.8304901123047,1385.5181884765625,-0.06901733577251434,0.9965709447860718,0.04563993960618973,-0.919070839881897,-0.045723725110292435,-0.39143091440200806,-0.38800182938575745,-0.06896185874938965,0.9190750122070312
300,1648807221.1629603,272.7432861328125,91.58345031738281,1378.734130859375,0.9533273577690125,0.28927111625671387,0.08654014021158218,0.2808668315410614,-0.9547858238220215,0.09745699912309647,0.11081879585981369,-0.06860216706991196,-0.9914700984954834
4,1648807221.162969,54.183441162109375,-55.807640075683594,1448.80908203125,-0.041666753590106964,-0.952573835849762,0.30144158005714417,-0.9238353371620178,0.15163414180278778,0.3514760434627533,-0.3805156946182251,-0.2638375163078308,-0.8863394260406494
410,1648807221.1629739,36.08713912963867,-141.70765686035156,1385.5396728515625,-0.0714242234826088,0.9966325163841248,0.04027702659368515,-0.9185312390327454,-0.04997796565294266,-0.3921767473220825,-0.3888431191444397,-0.06500662118196487,0.9190077185630798
300,1648807221.1926737,272.74725341796875,91.59672546386719,1378.786376953125,0.953413724899292,0.2891874313354492,0.08586558699607849,0.28081369400024414,-0.9547865986824036,0.09760214388370514,0.11020862311124802,-0.06894299387931824,-0.9915144443511963
4,1648807221.1926816,53.92482376098633,-55.82133483886719,1448.80908203125,-0.04441366717219353,-0.9524316787719727,0.30149850249290466,-0.9238117933273315,0.15403039753437042,0.35049447417259216,-0.38026195764541626,-0.26296114921569824,-0.886708676815033
410,1648807221.1926863,35.762142181396484,-141.5322265625,1385.4425048828125,-0.07095128297805786,0.9967501163482666,0.038146261125802994,-0.9180540442466736,-0.0502995066344738,-0.39325153827667236,-0.39005476236343384,-0.06292203068733215,0.9186392426490784
300,1648807221.2232423,272.7482604980469,91.58643341064453,1378.7796630859375,0.9534197449684143,0.2891482710838318,0.08593087643384933,0.2808048129081726,-0.9548212885856628,0.09728827327489853,0.1101793646812439,-0.0686267539858818,-0.9915396571159363
4,1648807221.2232504,53.731693267822266,-55.777099609375,1448.7218017578125,-0.045981407165527344,-0.951507031917572,0.30417105555534363,-0.9232827425003052,0.15672485530376434,0.3506939709186554,-0.38135895133018494,-0.26471051573753357,-0.8857164978981018
410,1648807221.2232554,35.6921501159668,-141.3357696533203,1385.21826171875,-0.06767334789037704,0.9968991875648499,0.0401543527841568,-0.9172706007957458,-0.04633498936891556,-0.39556002616882324,-0.39247289299964905,-0.06360127776861191,0.917561948299408
300,1648807221.2524102,272.7362976074219,91.58404541015625,1378.807861328125,0.9534950852394104,0.2892405092716217,0.08477643132209778,0.28080710768699646,-0.9546619057655334,0.09883306175470352,0.1095193549990654,-0.07043101638555527,-0.9914862513542175
4,1648807221.2524185,53.8277587890625,-55.72675323486328,1448.686767578125,-0.04604185372591019,-0.9506409764289856,0.30685803294181824,-0.9233348965644836,0.1577301174402237,0.3501054644584656,-0.3812253475189209,-0.26721322536468506,-0.8850222229957581
410,1648807221.2524235,36.01206970214844,-141.23533630371094,1385.051025390625,-0.06465204805135727,0.9971293807029724,0.039409346878528595,-0.9175127148628235,-0.04386728256940842,-0.39527979493141174,-0.3924163281917572,-0.06171422824263573,0.9177149534225464
300,1648807221.2828646,272.7398986816406,91.57916259765625,1378.75,0.9533146023750305,0.2892879843711853,0.08662373572587967,0.2807753384113312,-0.9547187685966492,0.0983731597661972,0.11115948110818863,-0.06945876777172089,-0.991372287273407
4,1648807221.2828727,53.958030700683594,-55.660926818847656,1448.6124267578125,-0.04591391980648041,-0.950458288192749,0.3074425756931305,-0.9225132465362549,0.15841135382652283,0.3519590198993683,-0.3832247853279114,-0.26746001839637756,-0.88408362865448
410,1648807221.2828772,36.23049545288086,-141.10328674316406,1384.8216552734375,-0.06164327636361122,0.9971784353256226,0.042839422821998596,-0.9173576831817627,-0.039693091064691544,-0.396079957485199,-0.39326199889183044,-0.06371474266052246,0.9172161221504211
300,1648807221.3143442,272.7330322265625,91.58882904052734,1378.8016357421875,0.9534212350845337,0.2892701327800751,0.08550260215997696,0.2808304727077484,-0.9546971321105957,0.09842555969953537,0.11010066419839859,-0.06982928514480591,-0.9914644360542297
4,1648807221.314352,54.094547271728516,-55.59912109375,1448.5635986328125,-0.04516821727156639,-0.9500274658203125,0.3088811933994293,-0.9221959114074707,0.15852975845336914,0.35273653268814087,-0.3840762674808502,-0.2689164876937866,-0.8832719326019287
410,1648807221.3143575,36.40773391723633,-141.09506225585938,1384.747802734375,-0.05942332744598389,0.9971850514411926,0.045725684612989426,-0.9175117015838623,-0.036515697836875916,-0.39602887630462646,-0.39324435591697693,-0.06548720598220825,0.9170988202095032
300,1648807221.344974,272.7295227050781,91.58546447753906,1378.8037109375,0.9533938765525818,0.28930220007896423,0.08569909632205963,0.280845046043396,-0.9546894431114197,0.09845845401287079,0.11030027270317078,-0.06980151683092117,-0.9914441704750061
4,1648807221.3449817,54.43667221069336,-55.61970138549805,1448.6051025390625,-0.042786553502082825,-0.9495176076889038,0.3107822835445404,-0.922102689743042,0.15726806223392487,0.3535439670085907,-0.3845723569393158,-0.27144625782966614,-0.8822817206382751
410,1648807221.3449872,37.03756332397461,-141.32659912109375,1384.901611328125,-0.057724446058273315,0.9974039793014526,0.04304838925600052,-0.9182626008987427,-0.03612511605024338,-0.39432060718536377,-0.3917418122291565,-0.06229166314005852,0.9179641008377075
300,1648807221.3745613,272.7308349609375,91.57718658447266,1378.7723388671875,0.953359842300415,0.2892974019050598,0.08609316498041153,0.28085607290267944,-0.9547264575958252,0.09806785732507706,0.11056619882583618,-0.06931416690349579,-0.9914487600326538
4,1648807221.3745694,54.85671615600586,-55.686790466308594,1448.6865234375,-0.03947358950972557,-0.9483548998832703,0.3147457242012024,-0.9226832985877991,0.1554982215166092,0.35281139612197876,-0.3835327923297882,-0.2764838635921478,-0.8811692595481873
410,1648807221.3745747,37.986507415771484,-141.700439453125,1385.216796875,-0.0553230457007885,0.9978476762771606,0.03520418331027031,-0.9197834134101868,-0.037212517112493515,-0.39065802097320557,-0.3885071575641632,-0.0539926141500473,0.9198625087738037
300,1648807221.405138,272.7412109375,91.58710479736328,1378.76025390625,0.9533526301383972,0.2892197370529175,0.08643341064453125,0.2808860242366791,-0.9548378586769104,0.09689012914896011,0.11055243015289307,-0.06809251755475998,-0.991534948348999
4,1648807221.4051461,55.20124435424805,-55.77518844604492,1448.8372802734375,-0.03707631304860115,-0.9483773112297058,0.3149695098400116,-0.9236962199211121,0.15279588103294373,0.3513384163379669,-0.38132745027542114,-0.2779098153114319,-0.8816776871681213
410,1648807221.405151,38.99956130981445,-142.06808471679688,1385.5888671875,-0.051004569977521896,0.998245894908905,0.030060622841119766,-0.9207903742790222,-0.035349395126104355,-0.3884526491165161,-0.38670864701271057,-0.04749239236116409,0.9209782481193542
300,1648807221.4347312,272.73944091796875,91.57862091064453,1378.7315673828125,0.953283965587616,0.28934189677238464,0.08678100258111954,0.2808413505554199,-0.9547204971313477,0.098167784512043,0.11125565320253372,-0.06921008229255676,-0.991378903388977
4,1648807221.4347384,55.72381591796875,-55.92891311645508,1449.064208984375,-0.033339619636535645,-0.9478129744529724,0.31707894802093506,-0.9245302677154541,0.14975959062576294,0.35045087337493896,-0.37964749336242676,-0.28146517276763916,-0.8812747001647949
410,1648807221.434743,40.0298957824707,-142.3258819580078,1385.8817138671875,-0.04709464684128761,0.9984925389289856,0.028191719204187393,-0.9213992357254028,-0.032524652779102325,-0.38725388050079346,-0.38575315475463867,-0.04421341419219971,0.9215419888496399
300,1648807221.4667912,272.7357177734375,91.57772827148438,1378.7452392578125,0.9533115029335022,0.28930941224098206,0.0865863710641861,0.2808280885219574,-0.9547296166419983,0.09811719506978989,0.11105280369520187,-0.06922036409378052,-0.991400957107544
4,1648807221.466799,56.632389068603516,-56.14250183105469,1449.4444580078125,-0.026404203847050667,-0.9465823173522949,0.3213794231414795,-0.9257153272628784,0.14449374377727509,0.3495321571826935,-0.3772982656955719,-0.288276731967926,-0.8800809979438782
410,1648807221.4668043,41.57847595214844,-142.7272186279297,1386.3475341796875,-0.04105159640312195,0.9988391399383545,0.025202050805091858,-0.9225718379020691,-0.02820822410285473,-0.3847927749156952,-0.38363516330718994,-0.039047058671712875,0.9226588606834412
300,1648807221.4972584,272.7392272949219,91.57101440429688,1378.7696533203125,0.9534004926681519,0.2891995906829834,0.08597175031900406,0.28089433908462524,-0.9548324346542358,0.09691961109638214,0.11011772602796555,-0.06825422495603561,-0.9915722012519836
4,1648807221.4972663,57.55826950073242,-56.32435607910156,1449.806640625,-0.019515130668878555,-0.9453694224357605,0.3254164457321167,-0.9270861148834229,0.1389731615781784,0.34813472628593445,-0.3743400573730469,-0.2948951721191406,-0.879150927066803
410,1648807221.497271,43.12979507446289,-143.2190704345703,1386.901611328125,-0.03520863875746727,0.9991111159324646,0.023180045187473297,-0.923968493938446,-0.02370414324104786,-0.38173338770866394,-0.3808446228504181,-0.034857943654060364,0.923981785774231
300,1648807221.5267372,272.7429504394531,91.58179473876953,1378.768798828125,0.9533471465110779,0.2892632484436035,0.08634835481643677,0.2808210849761963,-0.9547523856163025,0.09791518747806549,0.11076456308364868,-0.06909871846437454,-0.9914416670799255
4,1648807221.5267446,58.513797760009766,-56.47499084472656,1450.1348876953125,-0.012397184036672115,-0.9440697431564331,0.32951265573501587,-0.928541362285614,0.133144348859787,0.3465307056903839,-0.37102189660072327,-0.3016701340675354,-0.8782584071159363
410,1648807221.5267496,44.69912338256836,-143.75286865234375,1387.53515625,-0.029245920479297638,0.9993434548377991,0.021384235471487045,-0.9256913661956787,-0.019006168469786644,-0.37780189514160156,-0.3771474361419678,-0.030844366177916527,0.9256394505500793
300,1648807221.5571423,272.7478332519531,91.58573913574219,1378.802001953125,0.9533956050872803,0.2892169952392578,0.0859672874212265,0.28073424100875854,-0.9547159671783447,0.09851774573326111,0.11056734621524811,-0.06979242712259293,-0.9914150834083557
4,1648807221.5571504,59.48063278198242,-56.63886642456055,1450.5115966796875,-0.005129144061356783,-0.9428876042366028,0.3330715596675873,-0.92961186170578,0.1272374540567398,0.34587913751602173,-0.3685043156147003,-0.30785322189331055,-0.8771721124649048
410,1648807221.5571554,46.232601165771484,-144.30914306640625,1388.23828125,-0.023611897602677345,0.9995120763778687,0.02044612728059292,-0.9273244142532349,-0.014256258495151997,-0.37398695945739746,-0.37351301312446594,-0.0277907345443964,0.9272085428237915
300,1648807221.5867677,272.7424011230469,91.58124542236328,1378.791015625,0.9533698558807373,0.2892976403236389,0.08598104864358902,0.2808557152748108,-0.9547187089920044,0.09814377129077911,0.11048047989606857,-0.06941904872655869,-0.9914509654045105
4,1648807221.5867753,60.423614501953125,-56.764217376708984,1450.7930908203125,0.0013693845830857754,-0.9420011043548584,0.3356069028377533,-0.9306318759918213,0.12161651253700256,0.3451576232910156,-0.36595419049263,-0.3127991259098053,-0.8764896988868713
410,1648807221.5867798,47.65456008911133,-144.82518005371094,1388.863037109375,-0.018564237281680107,0.9996547102928162,0.018596932291984558,-0.9291823506355286,-0.01038203202188015,-0.36947572231292725,-0.36915507912635803,-0.024138977751135826,0.9290542602539062
300,1648807221.6190753,272.74615478515625,91.59078979492188,1378.7877197265625,0.9533799290657043,0.2892831563949585,0.08591832965612411,0.28079864382743835,-0.9546921253204346,0.09856519848108292,0.11053880304098129,-0.0698443353176117,-0.9914146065711975
4,1648807221.6190844,61.29596710205078,-56.83531951904297,1451.007568359375,0.007600878830999136,-0.9409359693527222,0.3384993076324463,-0.9317213892936707,0.11625024676322937,0.34406551718711853,-0.3630942404270172,-0.31800225377082825,-0.8758065700531006
410,1648807221.6190891,48.983680725097656,-145.2235870361328,1389.3236083984375,-0.014007914811372757,0.999747097492218,0.017592409625649452,-0.9307392835617065,-0.00660718372091651,-0.36562380194664,-0.36541512608528137,-0.021495573222637177,0.9305964112281799
300,1648807221.6483526,272.7445373535156,91.5910873413086,1378.8079833984375,0.9534295797348022,0.2892574071884155,0.08545280992984772,0.28081920742988586,-0.9546985626220703,0.09844382107257843,0.1100572794675827,-0.06986246258020401,-0.9914668798446655
4,1648807221.64836,61.87847900390625,-56.885520935058594,1451.1734619140625,0.012138616293668747,-0.9398893713951111,0.3412633538246155,-0.9320265054702759,0.11298428475856781,0.3443271517753601,-0.36218681931495667,-0.32224613428115845,-0.8746302723884583
410,1648807221.6483645,49.905357360839844,-145.36573791503906,1389.5501708984375,-0.01020869705826044,0.9997887015342712,0.01784282550215721,-0.9310561418533325,-0.00299530359916389,-0.36486369371414185,-0.36473315954208374,-0.020337454974651337,0.9308899641036987
300,1648807221.678829,272.7479248046875,91.58267974853516,1378.77880859375,0.9533732533454895,0.28927817940711975,0.08600912243127823,0.2808660864830017,-0.9547449946403503,0.09785822033882141,0.11042502522468567,-0.06913836300373077,-0.9914767742156982
4,1648807221.6788366,62.14768600463867,-56.94670867919922,1451.320556640625,0.014368617907166481,-0.9390583634376526,0.34345725178718567,-0.932036817073822,0.11180565506219864,0.3446837067604065,-0.36207857728004456,-0.3250674307346344,-0.8736305236816406
410,1648807221.6788414,50.41617965698242,-145.35638427734375,1389.6434326171875,-0.0071433112025260925,0.9998176097869873,0.017713449895381927,-0.9307414293289185,-0.00017118944379035383,-0.3656778931617737,-0.3656081557273865,-0.0190987940877676,0.9305728673934937
300,1648807221.7102864,272.7513122558594,91.58900451660156,1378.758056640625,0.9533138871192932,0.28923842310905457,0.08679722994565964,0.28077879548072815,-0.9547775387763977,0.0977914035320282,0.11115707457065582,-0.06885508447885513,-0.9914146661758423
4,1648807221.7102942,62.10552215576172,-56.956417083740234,1451.335693359375,0.01388246938586235,-0.9392924904823303,0.34283646941185,-0.9324520826339722,0.11163578182458878,0.34361395239830017,-0.3610268235206604,-0.3244487941265106,-0.8742954730987549
410,1648807221.7102995,50.545692443847656,-145.2159423828125,1389.552734375,-0.006049219518899918,0.9998244047164917,0.017736412584781647,-0.9302807450294495,0.0008792385342530906,-0.36684736609458923,-0.3667985498905182,-0.018718983978033066,0.9301120638847351
300,1648807221.7411458,272.7501220703125,91.59661865234375,1378.7890625,0.9533447027206421,0.2892451286315918,0.08643586188554764,0.280765175819397,-0.9547398090362549,0.09819809347391129,0.11092707514762878,-0.06934845447540283,-0.9914060831069946
4,1648807221.7411537,61.80957794189453,-56.958465576171875,1451.2998046875,0.01192423701286316,-0.9395148754119873,0.3423004150390625,-0.9319944381713867,0.11358238756656647,0.34421712160110474,-0.3622764050960541,-0.3231266140937805,-0.8742682337760925
410,1648807221.7411585,50.351806640625,-145.06741333007812,1389.4036865234375,-0.00716417608782649,0.9998558759689331,0.015393541194498539,-0.9297864437103271,-0.0009949645027518272,-0.36809805035591125,-0.3680296838283539,-0.01694982498884201,0.9296595454216003
300,1648807221.7707598,272.7539978027344,91.58247375488281,1378.7646484375,0.9532754421234131,0.2893175482749939,0.08695558458566666,0.28083714842796326,-0.9547513723373413,0.09787937253713608,0.11133918166160583,-0.06888564676046371,-0.9913921356201172
4,1648807221.7707675,61.2904052734375,-56.94105529785156,1451.135009765625,0.007620259188115597,-0.9404551982879639,0.3398323059082031,-0.9319770932197571,0.11649558693170547,0.34328925609588623,-0.3624371290206909,-0.3193318843841553,-0.8755949139595032
410,1648807221.7707732,49.76848602294922,-144.85629272460938,1389.0914306640625,-0.009557628072798252,0.9998732209205627,0.012736402451992035,-0.9292954802513123,-0.004178665112704039,-0.36931344866752625,-0.36921340227127075,-0.015365641564130783,0.9292175769805908
300,1648807221.8003006,272.7503356933594,91.57720184326172,1378.7940673828125,0.9534444808959961,0.28919166326522827,0.08550894260406494,0.28078582882881165,-0.9547421932220459,0.09811566025018692,0.11001322418451309,-0.06953813880681992,-0.9914945960044861
4,1648807221.8003085,60.57461166381836,-56.89923858642578,1450.9422607421875,0.0018376241205260158,-0.9408986568450928,0.3386833071708679,-0.9316647052764893,0.12143811583518982,0.34242314100265503,-0.36331453919410706,-0.31616854667663574,-0.8763788938522339
410,1648807221.8003144,48.74364471435547,-144.56492614746094,1388.75,-0.013357322663068771,0.9998382925987244,0.012040801346302032,-0.928242564201355,-0.007922249846160412,-0.3718911111354828,-0.3717356026172638,-0.016144253313541412,0.9281982779502869
300,1648807221.8307962,272.7498779296875,91.59420013427734,1378.84423828125,0.9534869194030762,0.2891816794872284,0.08506843447685242,0.28068387508392334,-0.9546573758125305,0.09922635555267334,0.1099056527018547,-0.0707336887717247,-0.9914219379425049
4,1648807221.8308039,59.670169830322266,-56.82426834106445,1450.7476806640625,-0.0046604047529399395,-0.9414613842964172,0.33708858489990234,-0.9304750561714172,0.1275695115327835,0.3434271812438965,-0.3663256764411926,-0.3120519816875458,-0.8766008615493774
410,1648807221.830809,47.30632019042969,-144.1858367919922,1388.3402099609375,-0.018421577289700508,0.9997495412826538,0.012709766626358032,-0.9270209670066833,-0.012316562235355377,-0.3748071491718292,-0.3745567202568054,-0.01868675835430622,0.9270156621932983
300,1648807221.8631978,272.7480773925781,91.58789825439453,1378.8040771484375,0.9533856511116028,0.28922367095947266,0.08605500310659409,0.28069552779197693,-0.9546910524368286,0.09886875003576279,0.11075112223625183,-0.07010479271411896,-0.9913725256919861
4,1648807221.8632052,58.59696960449219,-56.70972442626953,1450.4393310546875,-0.013260811567306519,-0.9427273273468018,0.33330073952674866,-0.9298586249351501,0.13419541716575623,0.3425705134868622,-0.3676780164241791,-0.30537980794906616,-0.8783826231956482
410,1648807221.8632097,45.44523239135742,-143.7089385986328,1387.7855224609375,-0.025235207751393318,0.999567985534668,0.015067140571773052,-0.9255235195159912,-0.01766384206712246,-0.37827789783477783,-0.3778483271598816,-0.023490915074944496,0.925569474697113
300,1648807221.892654,272.74652099609375,91.58243560791016,1378.761474609375,0.9532653093338013,0.28943324089050293,0.08668150007724762,0.2808385193347931,-0.9546281695365906,0.09906969219446182,0.11142266541719437,-0.07009619474411011,-0.9912979006767273
4,1648807221.8926616,57.56267166137695,-56.58968734741211,1450.12841796875,-0.020982414484024048,-0.9439279437065125,0.32948416471481323,-0.9285153150558472,0.14059202373027802,0.34364697337150574,-0.3707008361816406,-0.2987205386161804,-0.879401445388794
410,1648807221.8926666,43.65956497192383,-143.27613830566406,1387.3167724609375,-0.03205041587352753,0.9993436932563782,0.016882074996829033,-0.9240978956222534,-0.023193253204226494,-0.3814513385295868,-0.3808094263076782,-0.02782636322081089,0.9242347478866577
300,1648807221.9232621,272.74822998046875,91.59083557128906,1378.7933349609375,0.953373372554779,0.2892460227012634,0.08611582219600677,0.2808195948600769,-0.9547523856163025,0.09791931509971619,0.11054205894470215,-0.06917065382003784,-0.991461455821991
4,1648807221.92327,56.49338912963867,-56.43718338012695,1449.82470703125,-0.02912180870771408,-0.9456127285957336,0.3239883482456207,-0.9273460507392883,0.14653180539608002,0.3443221151828766,-0.37306997179985046,-0.2904220521450043,-0.881177544593811
410,1648807221.9232752,41.86018753051758,-142.82920837402344,1386.8232421875,-0.03917370364069939,0.9990555047988892,0.018802564591169357,-0.9229037165641785,-0.02896185778081417,-0.3839399516582489,-0.38303276896476746,-0.032393306493759155,0.9231665730476379
300,1648807221.952489,272.7442626953125,91.59934997558594,1378.8076171875,0.9533399939537048,0.28930720686912537,0.08627964556217194,0.28078794479370117,-0.9546866416931152,0.09864829480648041,0.11090969294309616,-0.06981907784938812,-0.9913749694824219
4,1648807221.952497,55.473052978515625,-56.28636932373047,1449.53564453125,-0.03624926880002022,-0.946304976940155,0.3212364614009857,-0.9259083271026611,0.15274854004383087,0.3454875349998474,-0.37600499391555786,-0.2849118411540985,-0.8817287087440491
410,1648807221.9525056,40.05656051635742,-142.35641479492188,1386.3486328125,-0.046650923788547516,0.998692512512207,0.02090347744524479,-0.9213311672210693,-0.03493266552686691,-0.38720619678497314,-0.38596972823143005,-0.037322551012039185,0.9217561483383179
300,1648807221.982907,272.7392883300781,91.58536529541016,1378.85107421875,0.9533973932266235,0.2892879247665405,0.08570810407400131,0.2808304727077484,-0.9546940922737122,0.09845535457134247,0.11030696332454681,-0.06979762762784958,-0.9914437532424927
4,1648807221.982915,54.517967224121094,-56.14992141723633,1449.2567138671875,-0.04331161826848984,-0.9474522471427917,0.31695157289505005,-0.9249793887138367,0.1579156368970871,0.34565269947052,-0.37754103541374207,-0.2782028913497925,-0.8832134008407593
410,1648807221.9829197,38.28311538696289,-141.8816375732422,1385.89990234375,-0.053833313286304474,0.9982420206069946,0.024794967845082283,-0.9195048213005066,-0.039873987436294556,-0.3910510838031769,-0.3893749713897705,-0.04385066777467728,0.9200349450111389
300,1648807222.0144281,272.7372741699219,91.58354187011719,1378.7906494140625,0.9534242749214172,0.28926047682762146,0.08550186455249786,0.2808615565299988,-0.9547257423400879,0.09805860370397568,0.10999531298875809,-0.06947726756334305,-0.9915008544921875
4,1648807222.0144355,53.54608917236328,-55.99584197998047,1449.0166015625,-0.05071651563048363,-0.9487618803977966,0.31189534068107605,-0.923919141292572,0.16315095126628876,0.34605661034584045,-0.37921133637428284,-0.2706153094768524,-0.884853720664978
410,1648807222.0144408,36.490089416503906,-141.38026428222656,1385.4788818359375,-0.06115003302693367,0.9977325201034546,0.028114749118685722,-0.9177349209785461,-0.045127157121896744,-0.3946215510368347,-0.3924580216407776,-0.04993300884962082,0.918413519859314
300,1648807222.0451725,272.7385559082031,91.58598327636719,1378.8052978515625,0.9534884095191956,0.2891610562801361,0.08512157946825027,0.2807633578777313,-0.9547310471534729,0.0982881709933281,0.10968932509422302,-0.06981761753559113,-0.9915108680725098
4,1648807222.0451803,52.75929641723633,-55.85976028442383,1448.8345947265625,-0.05594460666179657,-0.9495486617088318,0.3085896670818329,-0.9230597615242004,0.16699646413326263,0.34651532769203186,-0.3805665373802185,-0.2654610574245453,-0.885832667350769
410,1648807222.0451856,35.11622619628906,-141.04014587402344,1385.20263671875,-0.06703145056962967,0.9972938895225525,0.030194545164704323,-0.91671222448349,-0.04961199685931206,-0.3964560031890869,-0.39388513565063477,-0.05425472930073738,0.9175570607185364
300,1648807222.0747054,272.7481384277344,91.58882904052734,1378.7882080078125,0.9534225463867188,0.2891441881656647,0.08591348677873611,0.28085049986839294,-0.954852283000946,0.09685070812702179,0.11003851145505905,-0.06821080297231674,-0.9915840029716492
4,1648807222.0747132,52.166282653808594,-55.7503662109375,1448.6396484375,-0.06008988246321678,-0.9501070976257324,0.3060811758041382,-0.9224360585212708,0.1700308918952942,0.3467004597187042,-0.38144582509994507,-0.261507123708725,-0.8866301774978638
410,1648807222.0747182,34.06415557861328,-140.83741760253906,1384.9990234375,-0.0718020349740982,0.9969279766082764,0.03128935396671295,-0.9160745143890381,-0.05350528657436371,-0.39742252230644226,-0.39452749490737915,-0.05719912424683571,0.9171021580696106
300,1648807222.104346,272.74688720703125,91.5851058959961,1378.7635498046875,0.9533631205558777,0.2892570197582245,0.08619280904531479,0.28085434436798096,-0.95476895570755,0.0976581871509552,0.11054252833127975,-0.06889608502388,-0.9914805293083191
4,1648807222.1043532,51.73262023925781,-55.68037796020508,1448.5347900390625,-0.06367938965559006,-0.9507995843887329,0.303191602230072,-0.9219560623168945,0.17234623432159424,0.34683388471603394,-0.3820234537124634,-0.2574431598186493,-0.887570321559906
410,1648807222.1043587,33.2845344543457,-140.69737243652344,1384.8770751953125,-0.07499448955059052,0.9966399669647217,0.03293389454483986,-0.9158755540847778,-0.05577956512570381,-0.39756837487220764,-0.39439547061920166,-0.05997878685593605,0.9169813394546509
300,1648807222.1349914,272.7489318847656,91.58967590332031,1378.7767333984375,0.9532480835914612,0.2894297242164612,0.08688251674175262,0.2808972895145416,-0.9546812176704407,0.09838949888944626,0.11142195016145706,-0.06938453018665314,-0.9913480281829834
4,1648807222.1349986,51.38566207885742,-55.648155212402344,1448.52001953125,-0.06652924418449402,-0.9505906105041504,0.3032348155975342,-0.9214645028114319,0.17510536313056946,0.34675827622413635,-0.3827231824398041,-0.2563505470752716,-0.8875851035118103
410,1648807222.135003,32.68126678466797,-140.5806121826172,1384.8162841796875,-0.07654666155576706,0.9965174794197083,0.03306891769170761,-0.9157181978225708,-0.05714142695069313,-0.3977373540401459,-0.39446261525154114,-0.06072727590799332,0.9169031977653503
300,1648807222.166892,272.748046875,91.59349822998047,1378.7396240234375,0.953291118144989,0.2892773449420929,0.08691726624965668,0.28079575300216675,-0.9547600746154785,0.09791310876607895,0.11130917817354202,-0.06893370300531387,-0.9913921356201172
4,1648807222.166904,51.05915832519531,-55.622520446777344,1448.4842529296875,-0.06943561136722565,-0.9504163265228271,0.30312949419021606,-0.9213822484016418,0.1775788962841034,0.3457174301147461,-0.3824048936367035,-0.2552930414676666,-0.888027012348175
410,1648807222.166909,32.14686584472656,-140.4933624267578,1384.8133544921875,-0.07754600048065186,0.9963722825050354,0.03505532443523407,-0.9155272841453552,-0.05724545568227768,-0.39816173911094666,-0.39471057057380676,-0.06296996027231216,0.9166451692581177
300,1648807222.1963587,272.7557373046875,91.585205078125,1378.8033447265625,0.9533528089523315,0.2892226576805115,0.08642170578241348,0.280827134847641,-0.9547981023788452,0.09745123982429504,0.11070039123296738,-0.06863585114479065,-0.9914810061454773
4,1648807222.1963663,50.88478088378906,-55.610374450683594,1448.4390869140625,-0.07083374261856079,-0.9503598809242249,0.30298301577568054,-0.92099928855896,0.1789611577987671,0.34602493047714233,-0.3830704092979431,-0.254536896944046,-0.8879572153091431
410,1648807222.1963716,31.83362579345703,-140.43182373046875,1384.73291015625,-0.07864352315664291,0.996304452419281,0.03453477472066879,-0.915090799331665,-0.05840254947543144,-0.3989962041378021,-0.39550477266311646,-0.06298092007637024,0.9163020253181458
300,1648807222.227011,272.74554443359375,91.59357452392578,1378.7823486328125,0.9534308314323425,0.28917133808135986,0.08572997152805328,0.2807583510875702,-0.9547579884529114,0.09804026782512665,0.11020180583000183,-0.0694052055478096,-0.9914829730987549
4,1648807222.2270195,50.71897888183594,-55.559471130371094,1448.4119873046875,-0.07165022194385529,-0.9504153728485107,0.30261659622192383,-0.9206056594848633,0.17977744340896606,0.3466486632823944,-0.3838638663291931,-0.25375309586524963,-0.8878389000892639
410,1648807222.2270246,31.59590721130371,-140.3796844482422,1384.6907958984375,-0.07981952279806137,0.9962407350540161,0.03366413339972496,-0.9148051738739014,-0.05979715287685394,-0.3994444012641907,-0.395929753780365,-0.06267958134412766,0.9161391258239746
300,1648807222.2563326,272.7461242675781,91.58804321289062,1378.7205810546875,0.9532665610313416,0.2892957925796509,0.08712514489889145,0.28082990646362305,-0.9547774791717529,0.09764499217271805,0.11143340915441513,-0.06861436367034912,-0.9914003610610962
4,1648807222.2563407,50.582908630371094,-55.53575134277344,1448.413818359375,-0.07285135239362717,-0.9505204558372498,0.3019992411136627,-0.9205312728881836,0.18061450123786926,0.34641093015670776,-0.38381609320640564,-0.2527632415294647,-0.8881418704986572
410,1648807222.2563453,31.34393882751465,-140.303466796875,1384.65576171875,-0.08077508956193924,0.9961192011833191,0.03495633229613304,-0.9147310256958008,-0.06015375256538391,-0.3995605707168579,-0.3959072232246399,-0.06425018608570099,0.9160400629043579
300,1648807222.2869694,272.7415466308594,91.5804672241211,1378.7724609375,0.9533826112747192,0.28923994302749634,0.08603417128324509,0.2809194326400757,-0.9548149704933167,0.0970187783241272,0.1102084219455719,-0.06832734495401382,-0.9915571212768555
4,1648807222.286977,50.38841247558594,-55.52285385131836,1448.345458984375,-0.07429851591587067,-0.9507313370704651,0.30098122358322144,-0.9201594591140747,0.18170738220214844,0.3468270003795624,-0.38442981243133545,-0.2511819899082184,-0.888325035572052
410,1648807222.2869823,31.024654388427734,-140.20147705078125,1384.59033203125,-0.08137132227420807,0.9959639310836792,0.03787573426961899,-0.9142636060714722,-0.059456758201122284,-0.40073296427726746,-0.39686357975006104,-0.06723657995462418,0.915411651134491
300,1648807222.318434,272.7456970214844,91.59673309326172,1378.760498046875,0.9533578753471375,0.2891894280910492,0.08647651225328445,0.2807656228542328,-0.9547938108444214,0.09766974300146103,0.11081229895353317,-0.068834587931633,-0.9914547204971313
4,1648807222.3184423,50.20768737792969,-55.4956169128418,1448.276611328125,-0.07613399624824524,-0.9512630701065063,0.29883480072021484,-0.9203126430511475,0.18237322568893433,0.34607023000717163,-0.3837032616138458,-0.24867375195026398,-0.8893442153930664
410,1648807222.3184474,30.74982452392578,-140.10574340820312,1384.5196533203125,-0.08195895701646805,0.9959256052970886,0.03761519491672516,-0.9141356348991394,-0.06008530780673027,-0.400931179523468,-0.397037535905838,-0.06724528968334198,0.9153355956077576
300,1648807222.3491387,272.7485656738281,91.59132385253906,1378.7900390625,0.9533405900001526,0.2893047034740448,0.08628153800964355,0.2808474004268646,-0.9547263979911804,0.09809306263923645,0.11075405031442642,-0.06928415596485138,-0.9914299249649048
4,1648807222.3491464,50.10385513305664,-55.481414794921875,1448.2679443359375,-0.07670721411705017,-0.9509949088096619,0.29954084753990173,-0.9200624823570251,0.183275505900383,0.3462587594985962,-0.38418883085250854,-0.24903573095798492,-0.8890332579612732
410,1648807222.349151,30.612985610961914,-140.0762481689453,1384.5003662109375,-0.0831691101193428,0.9958728551864624,0.03633323311805725,-0.9140613675117493,-0.06171206384897232,-0.40085336565971375,-0.39695680141448975,-0.06654942035675049,0.9154214859008789
300,1648807222.378684,272.7469482421875,91.5762710571289,1378.776123046875,0.9534156322479248,0.2892133593559265,0.08575709164142609,0.2808465361595154,-0.9547763466835022,0.09760831296443939,0.11010847240686417,-0.06897670775651932,-0.991523265838623
4,1648807222.3786914,49.97722244262695,-55.47682189941406,1448.2412109375,-0.07765256613492966,-0.950625479221344,0.30046844482421875,-0.9196518063545227,0.1846756637096405,0.34660565853118896,-0.3849813938140869,-0.24941152334213257,-0.8885849714279175
410,1648807222.3787003,30.471580505371094,-140.07296752929688,1384.45068359375,-0.08364250510931015,0.9958754181861877,0.03515740856528282,-0.914106011390686,-0.06263208389282227,-0.4006088078022003,-0.3967544734477997,-0.06564552336931229,0.9155744314193726
300,1648807222.4112396,272.74786376953125,91.57369232177734,1378.770263671875,0.9533889889717102,0.2892054319381714,0.08607911318540573,0.28084906935691833,-0.9548057317733765,0.09731274098157883,0.11033220589160919,-0.06860165297985077,-0.9915243983268738
4,1648807222.4112473,49.787052154541016,-55.44331359863281,1448.19677734375,-0.07965197414159775,-0.9502723813056946,0.30106133222579956,-0.9196531176567078,0.18657223880290985,0.3455849289894104,-0.38456952571868896,-0.24934546649456024,-0.8887818455696106
410,1648807222.4112527,30.161527633666992,-140.02549743652344,1384.423583984375,-0.08363249897956848,0.9958491325378418,0.03591880947351456,-0.9140486717224121,-0.06230688840150833,-0.40079036355018616,-0.39688873291015625,-0.06635063886642456,0.9154654145240784
300,1648807222.4410431,272.7462158203125,91.58304595947266,1378.78076171875,0.9533692598342896,0.28923606872558594,0.08619501441717148,0.28079086542129517,-0.9547486901283264,0.09803808480501175,0.11065072566270828,-0.06926371902227402,-0.991442859172821
4,1648807222.4410515,49.61956024169922,-55.4095458984375,1448.145751953125,-0.08122441917657852,-0.9502453207969666,0.30072641372680664,-0.9195694327354431,0.18782588839530945,0.34512826800346375,-0.38444074988365173,-0.24850597977638245,-0.889072597026825
