300,1650637585.9902759,-53.69669723510742,-188.67576599121094,1539.5924072265625,-0.05897647142410278,0.7933909893035889,0.6058486104011536,-0.6951570510864258,-0.4682067632675171,0.5454714298248291,0.7164345383644104,-0.38898995518684387,0.5791445374488831
4,1650637585.9903169,-165.1864471435547,-212.93177795410156,1528.142333984375,-0.0676354318857193,0.9434720873832703,-0.32447776198387146,-0.6869227886199951,-0.27989882230758667,-0.6706666350364685,-0.7235762476921082,0.17753033339977264,0.6670235395431519
300,1650637586.018365,-53.691856384277344,-188.676025390625,1539.590087890625,-0.05899178236722946,0.7935432195663452,0.6056477427482605,-0.6949299573898315,-0.46820035576820374,0.5457662343978882,0.7166535258293152,-0.38868701457977295,0.5790769457817078
4,1650637586.0183911,-165.22438049316406,-213.3379669189453,1528.3353271484375,-0.06883268803358078,0.9432324767112732,-0.3249223232269287,-0.6890357136726379,-0.280480295419693,-0.6682518720626831,-0.7214511632919312,0.1778855174779892,0.669227123260498
300,1650637586.0531335,-53.700931549072266,-188.6754913330078,1539.5950927734375,-0.05896002799272537,0.7934597134590149,0.6057601571083069,-0.6949576735496521,-0.4682450294494629,0.5456926226615906,0.7166292667388916,-0.388803631067276,0.5790286660194397
4,1650637586.0531592,-165.32730102539062,-214.02064514160156,1528.6190185546875,-0.07024696469306946,0.9421824216842651,-0.32765477895736694,-0.6917638182640076,-0.2826646864414215,-0.6645024418830872,-0.7186989188194275,0.17998045682907104,0.6716240644454956
300,1650637586.0810902,-53.706695556640625,-188.66644287109375,1539.5782470703125,-0.05902513489127159,0.7937420606613159,0.6053838133811951,-0.6949256062507629,-0.46803975105285645,0.5459095239639282,0.7166550755500793,-0.38847431540489197,0.579217791557312
4,1650637586.0811157,-165.4123992919922,-214.5657958984375,1528.8143310546875,-0.07177756726741791,0.9411860704421997,-0.33017680048942566,-0.6944066286087036,-0.28478318452835083,-0.6608312726020813,-0.7159940004348755,0.181844100356102,0.6740068793296814
300,1650637586.1178231,-53.70957946777344,-188.66549682617188,1539.5748291015625,-0.05896741896867752,0.7937486171722412,0.6053808927536011,-0.6950082182884216,-0.4679608941078186,0.5458719730377197,0.7165796756744385,-0.38855600357055664,0.5792562365531921
4,1650637586.117869,-165.45423889160156,-215.27630615234375,1529.1270751953125,-0.07387249171733856,0.9397153854370117,-0.33388301730155945,-0.6977675557136536,-0.28790283203125,-0.6559210419654846,-0.7125049233436584,0.1845182180404663,0.6769710183143616
300,1650637586.1635935,-53.71556854248047,-188.6665496826172,1539.6038818359375,-0.05888009071350098,0.7935715913772583,0.6056213974952698,-0.6949748396873474,-0.4680958390235901,0.5457987189292908,0.7166191935539246,-0.3887549638748169,0.5790737867355347
4,1650637586.1636202,-165.6328582763672,-215.99822998046875,1529.39404296875,-0.07536507397890091,0.9391137361526489,-0.3352394700050354,-0.7014142274856567,-0.2888881266117096,-0.6515840291976929,-0.7087582349777222,0.18603505194187164,0.6804797649383545
300,1650637586.1930857,-53.71976852416992,-188.6493377685547,1539.624267578125,-0.05897689610719681,0.793444037437439,0.6057790517807007,-0.6952183246612549,-0.46812593936920166,0.5454627275466919,0.7163750529289246,-0.3889790177345276,0.579225480556488
4,1650637586.1931112,-165.69668579101562,-216.25827026367188,1529.508056640625,-0.07653059810400009,0.9389154314994812,-0.3355307877063751,-0.7032857537269592,-0.28937506675720215,-0.6493467688560486,-0.706775963306427,0.18627911806106567,0.6824718713760376
300,1650637586.219549,-53.71045684814453,-188.65493774414062,1539.570068359375,-0.05901627615094185,0.7932544946670532,0.606023371219635,-0.694832980632782,-0.4685249626636505,0.5456110835075378,0.7167455554008484,-0.38888511061668396,0.5788300037384033
4,1650637586.219576,-165.7662811279297,-216.37022399902344,1529.5771484375,-0.07663821429014206,0.9389407634735107,-0.3354353606700897,-0.7039281129837036,-0.28921157121658325,-0.648723304271698,-0.706124484539032,0.18640539050102234,0.6831114292144775
300,1650637586.2628236,-53.71847915649414,-188.64959716796875,1539.5841064453125,-0.05896071344614029,0.793552815914154,0.6056381464004517,-0.6951280236244202,-0.46806904673576355,0.5456265807151794,0.7164639830589294,-0.38882550597190857,0.5792185068130493
4,1650637586.2628496,-165.89096069335938,-216.30679321289062,1529.5399169921875,-0.07664769887924194,0.9391238689422607,-0.334920197725296,-0.7030068039894104,-0.28910428285598755,-0.6497693061828613,-0.7070407271385193,0.1856478601694107,0.6823696494102478
300,1650637586.292542,-53.72426223754883,-188.64590454101562,1539.5811767578125,-0.058922842144966125,0.7932905554771423,0.6059852838516235,-0.695000410079956,-0.4683559834957123,0.5455429553985596,0.7165908813476562,-0.3890150785446167,0.5789341330528259
4,1650637586.2925668,-166.1282196044922,-216.14117431640625,1529.4764404296875,-0.07782924920320511,0.9393700957298279,-0.3339557647705078,-0.7033601403236389,-0.2891342043876648,-0.649373471736908,-0.7065600752830505,0.18435092270374298,0.6832185387611389
300,1650637586.3304522,-53.72685623168945,-188.64498901367188,1539.6123046875,-0.059010013937950134,0.7933723330497742,0.605869710445404,-0.6951116323471069,-0.4682646095752716,0.5454797148704529,0.7164758443832397,-0.38895830512046814,0.5791146159172058
4,1650637586.3304782,-166.3280792236328,-216.0046844482422,1529.4224853515625,-0.07895087450742722,0.9391446113586426,-0.33432647585868835,-0.7015291452407837,-0.2906152904033661,-0.6506916284561157,-0.7082539200782776,0.18316709995269775,0.6817816495895386
300,1650637586.3586502,-53.71834945678711,-188.64840698242188,1539.5972900390625,-0.059139102697372437,0.793634831905365,0.6055132150650024,-0.6948959231376648,-0.4682082235813141,0.5458028316497803,0.7166744470596313,-0.38849037885665894,0.579183042049408
4,1650637586.3586757,-166.43841552734375,-215.92401123046875,1529.3936767578125,-0.07985790818929672,0.9387671947479248,-0.33516988158226013,-0.7013228535652161,-0.2918578088283539,-0.6503577828407288,-0.7083565592765808,0.18312609195709229,0.6816860437393188
300,1650637586.3968818,-53.70852279663086,-188.63319396972656,1539.58544921875,-0.05902549624443054,0.793337345123291,0.6059140563011169,-0.6950386166572571,-0.4683433175086975,0.5455051064491272,0.7165454030036926,-0.38893499970436096,0.5790442824363708
4,1650637586.3969078,-166.5152130126953,-215.92323303222656,1529.4197998046875,-0.08104634284973145,0.9381493330001831,-0.33661147952079773,-0.7012255191802979,-0.29367363452911377,-0.6496449708938599,-0.7083179354667664,0.18338920176029205,0.6816554069519043
300,1650637586.4231565,-53.719017028808594,-188.64892578125,1539.5833740234375,-0.05914219841361046,0.7938137650489807,0.6052783727645874,-0.6948172450065613,-0.4680910110473633,0.5460034608840942,0.71675044298172,-0.388265997171402,0.5792394280433655
4,1650637586.4231818,-166.50735473632812,-216.01275634765625,1529.477294921875,-0.08170504122972488,0.9378156661987305,-0.33738112449645996,-0.7013087868690491,-0.29462382197380066,-0.6491246223449707,-0.7081597447395325,0.18357159197330475,0.6817706227302551
300,1650637586.4861064,-53.72859191894531,-188.63430786132812,1539.6131591796875,-0.0589919276535511,0.7935512065887451,0.6056371927261353,-0.6950308084487915,-0.46813851594924927,0.5456908941268921,0.7165557742118835,-0.38874512910842896,0.5791589617729187
4,1650637586.4861305,-166.975341796875,-216.464599609375,1529.7520751953125,-0.08555936068296432,0.9354733824729919,-0.3428835868835449,-0.7022941708564758,-0.30073702335357666,-0.6452442407608032,-0.706726610660553,0.1855984628200531,0.6827083826065063
300,1650637586.5158541,-53.73257064819336,-188.6363067626953,1539.606201171875,-0.05896197631955147,0.7936646938323975,0.6054913997650146,-0.6949886679649353,-0.4680444598197937,0.545825183391571,0.7165991067886353,-0.38862672448158264,0.5791847705841064
4,1650637586.5158803,-167.31105041503906,-216.83241271972656,1529.8892822265625,-0.08884318917989731,0.9337391257286072,-0.34675365686416626,-0.703151285648346,-0.30536478757858276,-0.6421297788619995,-0.7054680585861206,0.186771422624588,0.6836894154548645
300,1650637586.5644956,-53.738746643066406,-188.63742065429688,1539.592529296875,-0.05897090211510658,0.7935964465141296,0.6055799722671509,-0.6948171257972717,-0.4682033658027649,0.5459073185920715,0.7167646884918213,-0.3885746896266937,0.579014778137207
4,1650637586.5645216,-167.46141052246094,-217.3083953857422,1530.079833984375,-0.0929860845208168,0.9320778846740723,-0.35012054443359375,-0.7046831846237183,-0.3100314438343048,-0.6382022500038147,-0.703402578830719,0.1873801052570343,0.6856482028961182
300,1650637586.590885,-53.73636245727539,-188.63571166992188,1539.620849609375,-0.05897269397974014,0.7934753894805908,0.6057384014129639,-0.6949505805969238,-0.4682409465312958,0.5457051396369934,0.7166351675987244,-0.3887765407562256,0.5790396332740784
4,1650637586.590911,-167.4044647216797,-217.2977752685547,1530.0887451171875,-0.09180667251348495,0.9323819279670715,-0.3496219217777252,-0.7047173976898193,-0.3088936507701874,-0.638715922832489,-0.7035232186317444,0.18774628639221191,0.685424268245697
300,1650637586.6255763,-53.744564056396484,-188.6400146484375,1539.6549072265625,-0.059056710451841354,0.7935760617256165,0.6055983304977417,-0.6948769092559814,-0.4682312309741974,0.5458072423934937,0.7166996002197266,-0.3885827362537384,0.579089879989624
4,1650637586.6256018,-167.2823028564453,-216.7881317138672,1529.90625,-0.08842354267835617,0.9346601366996765,-0.3443714678287506,-0.7041813731193542,-0.30317533016204834,-0.6420384049415588,-0.7044926285743713,0.18572865426540375,0.6849781274795532
300,1650637586.6518369,-53.7510986328125,-188.64129638671875,1539.6593017578125,-0.058997802436351776,0.7933540344238281,0.605894923210144,-0.6949139833450317,-0.46838241815567017,0.5456303358078003,0.7166685461997986,-0.38885387778282166,0.5789462924003601
4,1650637586.651874,-167.2205810546875,-216.17807006835938,1529.6942138671875,-0.08399339765310287,0.9375293850898743,-0.33761486411094666,-0.7015334367752075,-0.29625290632247925,-0.6481397151947021,-0.7076693773269653,0.1824086606502533,0.682591438293457
300,1650637586.6915636,-53.756019592285156,-188.63633728027344,1539.6639404296875,-0.059030842036008835,0.7935000061988831,0.6057004928588867,-0.695024847984314,-0.46820688247680664,0.5456397533416748,0.7165583372116089,-0.3887673318386078,0.5791409015655518
4,1650637586.6915922,-166.9724884033203,-215.07130432128906,1529.296142578125,-0.07830328494310379,0.9405065774917603,-0.3306296467781067,-0.6988229751586914,-0.28830868005752563,-0.6546179056167603,-0.7109957933425903,0.1797928512096405,0.679823100566864
300,1650637586.7186973,-53.75397872924805,-188.64768981933594,1539.6788330078125,-0.05896976962685585,0.7933483719825745,0.6059049963951111,-0.6950169205665588,-0.4683178961277008,0.5455545783042908,0.716571033000946,-0.38894301652908325,0.5790071487426758
4,1650637586.7187235,-166.83432006835938,-214.2774658203125,1528.992431640625,-0.07477611303329468,0.9426159262657166,-0.3253978192806244,-0.6951891779899597,-0.2832197844982147,-0.66068035364151,-0.7149268984794617,0.17680993676185608,0.6764745116233826
300,1650637586.7538173,-53.75370788574219,-188.63772583007812,1539.658935546875,-0.058985669165849686,0.7933874726295471,0.6058523058891296,-0.6950448751449585,-0.4682753384113312,0.5455555319786072,0.7165426015853882,-0.3889145851135254,0.5790613889694214
4,1650637586.753844,-166.5843963623047,-213.22659301757812,1528.5491943359375,-0.0708710327744484,0.9451477527618408,-0.31886202096939087,-0.6908397674560547,-0.2770962417125702,-0.6678009629249573,-0.7195260524749756,0.17295481264591217,0.6725837588310242
300,1650637586.7835402,-53.7512321472168,-188.62591552734375,1539.6324462890625,-0.058965228497982025,0.7934874892234802,0.6057232618331909,-0.6951178908348083,-0.4681355655193329,0.5455824136734009,0.7164734601974487,-0.3888787031173706,0.5791711211204529
4,1650637586.7835696,-166.54473876953125,-212.39659118652344,1528.2213134765625,-0.06714656203985214,0.9480365514755249,-0.31099531054496765,-0.6871655583381653,-0.26993146538734436,-0.6744927763938904,-0.7233912348747253,0.1684153974056244,0.6695830225944519
300,1650637586.8104503,-53.75284194946289,-188.63607788085938,1539.6192626953125,-0.058831587433815,0.7931583523750305,0.6061671376228333,-0.6949028372764587,-0.4684833586215973,0.5455578565597534,0.7166930437088013,-0.38913124799728394,0.5787296295166016
4,1650637586.8104756,-166.4413604736328,-211.80303955078125,1528.019287109375,-0.0632799044251442,0.9500250220298767,-0.3056929111480713,-0.6845343708992004,-0.264213502407074,-0.6794143915176392,-0.7262288928031921,0.16626402735710144,0.6670441627502441
300,1650637586.8447075,-53.74348068237305,-188.63758850097656,1539.584716796875,-0.05903449282050133,0.7935404181480408,0.6056472063064575,-0.6947043538093567,-0.46834608912467957,0.545928418636322,0.7168687582015991,-0.3885171711444855,0.5789245367050171
4,1650637586.8447337,-166.29608154296875,-211.2521514892578,1527.8023681640625,-0.05963675677776337,0.9517305493354797,-0.3010854423046112,-0.6822381615638733,-0.2590429186820984,-0.6837015748023987,-0.7286937236785889,0.1646382361650467,0.6647554039955139
300,1650637586.8744204,-53.744136810302734,-188.6328887939453,1539.6082763671875,-0.05907094106078148,0.7936357259750366,0.6055186986923218,-0.6948440670967102,-0.4682022035121918,0.5458739399909973,0.7167302966117859,-0.3884958326816559,0.5791102647781372
4,1650637586.874452,-166.1752471923828,-210.9738006591797,1527.6962890625,-0.05902552232146263,0.9520009160041809,-0.30035027861595154,-0.6811002492904663,-0.258370578289032,-0.685089111328125,-0.7298070788383484,0.16413092613220215,0.6636584997177124
300,1650637586.9007053,-53.74819564819336,-188.63046264648438,1539.622802734375,-0.05892050638794899,0.7933195233345032,0.6059476137161255,-0.6949899196624756,-0.46833446621894836,0.5455747842788696,0.7166012525558472,-0.3889819383621216,0.5789436101913452
4,1650637586.9007297,-166.0504150390625,-210.97735595703125,1527.6676025390625,-0.059260088950395584,0.9508258104324341,-0.30400416254997253,-0.6806300282478333,-0.2612602114677429,-0.6844602823257446,-0.7302266955375671,0.16635318100452423,0.6626428961753845
300,1650637586.9337053,-53.73329162597656,-188.62582397460938,1539.5777587890625,-0.05918813869357109,0.7934819459915161,0.6057087779045105,-0.6949082612991333,-0.4683632552623749,0.5456540584564209,0.7166584134101868,-0.38861581683158875,0.5791187286376953
4,1650637586.9337308,-165.9600067138672,-211.15216064453125,1527.6729736328125,-0.061061255633831024,0.94935142993927,-0.30822616815567017,-0.6813773512840271,-0.2653019428253174,-0.6821581721305847,-0.7293808460235596,0.16836489737033844,0.6630662083625793
300,1650637586.9621205,-53.73653793334961,-188.61883544921875,1539.5716552734375,-0.05901360884308815,0.7935165166854858,0.6056805849075317,-0.6951411962509155,-0.4681204855442047,0.545565664768219,0.7164468765258789,-0.3888377249240875,0.5792315006256104
4,1650637586.9621465,-165.87599182128906,-211.28512573242188,1527.7242431640625,-0.061776302754879,0.9481306076049805,-0.31182044744491577,-0.6817121505737305,-0.2682725489139557,-0.6806602478027344,-0.7290076613426208,0.17052312195301056,0.6629250645637512
300,1650637586.9995728,-53.734642028808594,-188.62403869628906,1539.583740234375,-0.05899974703788757,0.7934436798095703,0.6057773232460022,-0.694914698600769,-0.4683022201061249,0.5456982851028442,0.7166677117347717,-0.3887675106525421,0.5790053606033325
4,1650637586.9995997,-165.6991424560547,-211.46360778808594,1527.807861328125,-0.06294813752174377,0.9473567605018616,-0.3139309585094452,-0.6827593445777893,-0.27030569314956665,-0.6788037419319153,-0.7279266715049744,0.17160986363887787,0.6638319492340088
300,1650637587.0260158,-53.734153747558594,-188.6227569580078,1539.5855712890625,-0.05903541296720505,0.7934757471084595,0.6057318449020386,-0.6950603127479553,-0.46821174025535583,0.5455904006958008,0.7165235280990601,-0.38881099224090576,0.5791546106338501
4,1650637587.026055,-165.5848388671875,-211.56272888183594,1527.8916015625,-0.06205255165696144,0.9472922086715698,-0.314303994178772,-0.6818307638168335,-0.27020755410194397,-0.6797754764556885,-0.7288733124732971,0.17212031781673431,0.6626600027084351
300,1650637587.0656729,-53.72881317138672,-188.62911987304688,1539.587158203125,-0.05923375114798546,0.7938244342803955,0.6052554249763489,-0.69486004114151,-0.46810296177864075,0.5459387898445129,0.7167013883590698,-0.3882297873497009,0.5793243646621704
4,1650637587.0656998,-165.5181121826172,-211.33837890625,1527.8369140625,-0.06057114154100418,0.9488493204116821,-0.3098646402359009,-0.6822205781936646,-0.2659626007080078,-0.6810572147369385,-0.7286331057548523,0.17014361917972565,0.6634342074394226
300,1650637587.0958822,-53.74039077758789,-188.61749267578125,1539.625732421875,-0.05900096893310547,0.7931802272796631,0.6061220765113831,-0.6953099966049194,-0.46832528710365295,0.5451746582984924,0.7162840366363525,-0.3892769515514374,0.5791378021240234
4,1650637587.095908,-165.67161560058594,-210.95144653320312,1527.744140625,-0.05640088766813278,0.9524574875831604,-0.2994054853916168,-0.6812993884086609,-0.2559278905391693,-0.6858075857162476,-0.7298287749290466,0.16530463099479675,0.6633433103561401
300,1650637587.134816,-53.74456024169922,-188.63673400878906,1539.587890625,-0.059130921959877014,0.7937667965888977,0.6053410768508911,-0.694733202457428,-0.46817344427108765,0.5460397601127625,0.7168328762054443,-0.38826268911361694,0.5791396498680115
4,1650637587.1348426,-165.87632751464844,-210.33740234375,1527.5179443359375,-0.050264980643987656,0.9573349952697754,-0.2845754027366638,-0.6797406077384949,-0.24155153334140778,-0.6925355792045593,-0.731728196144104,0.15862716734409332,0.662881076335907
4,1650637587.163053,-166.8815155029297,-209.4544219970703,1527.128662109375,-0.04685424640774727,0.9640677571296692,-0.2614920139312744,-0.6789491772651672,-0.22274982929229736,-0.6995788216590881,-0.7326886653900146,0.14476154744625092,0.6649897694587708
300,1650637587.1630764,-53.73973083496094,-188.6060791015625,1539.596435546875,-0.059052880853414536,0.7931450605392456,0.6061630845069885,-0.6952049136161804,-0.4684394299983978,0.545210599899292,0.7163817882537842,-0.3892112970352173,0.5790610313415527
4,1650637587.1908565,-167.86517333984375,-208.7805938720703,1526.8077392578125,-0.04340694099664688,0.9694421887397766,-0.24144910275936127,-0.6769460439682007,-0.20628002285957336,-0.7065356373786926,-0.7347515821456909,0.13277946412563324,0.6652140617370605
300,1650637587.1908867,-53.743831634521484,-188.61004638671875,1539.601806640625,-0.05899108201265335,0.7932220101356506,0.6060684323310852,-0.6953220963478088,-0.46827635169029236,0.545201301574707,0.7162731289863586,-0.3892507553100586,0.5791689157485962
4,1650637587.2213326,-168.3735809326172,-208.1145782470703,1526.5206298828125,-0.04176495224237442,0.9720410108566284,-0.23106712102890015,-0.6754234433174133,-0.1978878527879715,-0.7103826999664307,-0.7362464666366577,0.12639905512332916,0.6648040413856506
300,1650637587.221358,-53.742366790771484,-188.6063232421875,1539.59130859375,-0.05903356522321701,0.7929111123085022,0.6064710021018982,-0.6953469514846802,-0.46856310963630676,0.5449231266975403,0.7162455320358276,-0.3895390033721924,0.5790092945098877
4,1650637587.2872531,-169.4778289794922,-206.58599853515625,1525.91796875,-0.04544271156191826,0.9742864966392517,-0.22068244218826294,-0.669146716594696,-0.19371488690376282,-0.7174379229545593,-0.7417395710945129,0.11506660282611847,0.6607435941696167
300,1650637587.2872784,-53.778133392333984,-188.61093139648438,1539.56884765625,-0.05915921926498413,0.7933807969093323,0.6058441400527954,-0.6952103972434998,-0.46827632188796997,0.5453437566757202,0.7163677215576172,-0.38892704248428345,0.5792694091796875
4,1650637587.3161342,-168.38636779785156,-206.4167938232422,1525.931884765625,-0.046770211309194565,0.969240665435791,-0.24163000285625458,-0.6658613085746765,-0.21056482195854187,-0.7157451510429382,-0.7446081042289734,0.12741652131080627,0.6552280187606812
300,1650637587.3161585,-53.770477294921875,-188.61264038085938,1539.493408203125,-0.059313006699085236,0.7940689325332642,0.6049268841743469,-0.6948392987251282,-0.4679323136806488,0.5461114645004272,0.7167149782180786,-0.38793545961380005,0.5795047283172607
4,1650637587.350515,-166.73484802246094,-206.71429443359375,1526.0986328125,-0.04742252081632614,0.9617960453033447,-0.2696283757686615,-0.6627387404441833,-0.2322564721107483,-0.7119229435920715,-0.7473475933074951,0.14493198692798615,0.6484336853027344
300,1650637587.3505387,-53.77539825439453,-188.61805725097656,1539.4805908203125,-0.05922975018620491,0.7938797473907471,0.6051833033561707,-0.6949616074562073,-0.46799612045288086,0.5459011197090149,0.7166032791137695,-0.388245552778244,0.5794352293014526
4,1650637587.3789613,-165.72418212890625,-206.5474090576172,1526.0897216796875,-0.04767574369907379,0.9573827981948853,-0.28485992550849915,-0.6597844958305359,-0.2442985624074936,-0.7106353640556335,-0.7499409914016724,0.1540660858154297,0.643313467502594
300,1650637587.378987,-53.78359603881836,-188.60043334960938,1539.5386962890625,-0.05915338918566704,0.7931034564971924,0.6062077283859253,-0.6953946948051453,-0.4684228301048279,0.5449828505516052,0.7161893248558044,-0.38931605219841003,0.5792286992073059
4,1650637587.4079282,-165.42672729492188,-205.62582397460938,1525.843994140625,-0.048340100795030594,0.9553451538085938,-0.2915113866329193,-0.653347373008728,-0.2509998083114624,-0.7142382860183716,-0.7555133700370789,0.15593183040618896,0.636305570602417
300,1650637587.4079542,-53.78854751586914,-188.6139678955078,1539.5233154296875,-0.059128571301698685,0.7931424975395203,0.6061590313911438,-0.6950216293334961,-0.4685782492160797,0.5453250408172607,0.7165533900260925,-0.38904935121536255,0.5789575576782227
4,1650637587.4534235,-165.6382293701172,-204.3050537109375,1525.1553955078125,-0.04530882090330124,0.9556888937950134,-0.2908707559108734,-0.6466813683509827,-0.2499881088733673,-0.7206310629844666,-0.7614133358001709,0.1554497629404068,0.6293529272079468
300,1650637587.453451,-53.80343246459961,-188.61087036132812,1539.5169677734375,-0.059178292751312256,0.7933308482170105,0.605907678604126,-0.6951298713684082,-0.4683743119239807,0.5453622341156006,0.7164442539215088,-0.3889109194278717,0.5791855454444885
4,1650637587.4836693,-166.1945343017578,-203.80828857421875,1524.971435546875,-0.04313647001981735,0.9591758847236633,-0.2795010209083557,-0.6454165577888489,-0.24030232429504395,-0.7250463962554932,-0.7626117467880249,0.14911864697933197,0.629433810710907
300,1650637587.4836996,-53.81713104248047,-188.59718322753906,1539.5205078125,-0.05914262682199478,0.7930021286010742,0.6063413023948669,-0.6955050826072693,-0.46844857931137085,0.5448197722434998,0.7160829901695251,-0.38949137926101685,0.5792422890663147
4,1650637587.5099695,-166.50978088378906,-203.6920623779297,1524.940673828125,-0.042109083384275436,0.9614490270614624,-0.2717399299144745,-0.645462155342102,-0.23378373682498932,-0.7271339297294617,-0.7626305818557739,0.14477890729904175,0.6304234266281128
300,1650637587.5099947,-53.819801330566406,-188.6083221435547,1539.505615234375,-0.05912717059254646,0.7933273315429688,0.6059172749519348,-0.6951841115951538,-0.4683230221271515,0.5453371405601501,0.7163958549499512,-0.38897979259490967,0.5791991353034973
4,1650637587.5412924,-166.5612030029297,-203.92556762695312,1525.0218505859375,-0.041099339723587036,0.9615511298179626,-0.2715332508087158,-0.6465495824813843,-0.2327885627746582,-0.72648686170578,-0.7617641091346741,0.1457015722990036,0.6312578916549683
300,1650637587.5413182,-53.80289840698242,-188.60153198242188,1539.48681640625,-0.059252530336380005,0.7931116223335266,0.6061873435974121,-0.6951344013214111,-0.46860530972480774,0.5451579689979553,0.7164337038993835,-0.3890796899795532,0.5790852308273315
4,1650637587.571387,-166.4077606201172,-204.8532257080078,1525.2677001953125,-0.04171222820878029,0.9597914814949036,-0.277597576379776,-0.6508121490478516,-0.23691201210021973,-0.7213295102119446,-0.7580921053886414,0.15057560801506042,0.6345260739326477
300,1650637587.5714126,-53.83274459838867,-188.59902954101562,1539.5186767578125,-0.059253618121147156,0.7934178709983826,0.6057863235473633,-0.6951146721839905,-0.46834099292755127,0.5454102158546448,0.7164527773857117,-0.38877344131469727,0.5792673230171204
4,1650637587.6078498,-165.9878692626953,-205.96449279785156,1525.649658203125,-0.04532106965780258,0.9563565254211426,-0.288666307926178,-0.6543065905570984,-0.24677211046218872,-0.7148330807685852,-0.7548701167106628,0.15647928416728973,0.6369343400001526
300,1650637587.6078744,-53.872352600097656,-188.61622619628906,1539.459228515625,-0.05924329161643982,0.7939990758895874,0.6050253510475159,-0.694808840751648,-0.46797773241996765,0.5461112260818481,0.7167502045631409,-0.3880235552787781,0.5794021487236023
4,1650637587.6345408,-165.60305786132812,-206.24746704101562,1525.76904296875,-0.04742791876196861,0.9526835083961487,-0.30024105310440063,-0.6545963883399963,-0.25668320059776306,-0.7110677361488342,-0.7544893622398376,0.1628122478723526,0.6357971429824829
300,1650637587.634566,-53.88214874267578,-188.59425354003906,1539.4471435546875,-0.059437096118927,0.7939087152481079,0.6051248908042908,-0.6950217485427856,-0.4680386781692505,0.5457879900932312,0.7165277004241943,-0.3881349563598633,0.5796027183532715
4,1650637587.676345,-165.13829040527344,-206.31240844726562,1525.8671875,-0.051362235099077225,0.9474130868911743,-0.3158644735813141,-0.6539191007614136,-0.2709558606147766,-0.7063800692558289,-0.7548190355300903,0.17026855051517487,0.6334483623504639
300,1650637587.6763694,-53.8930549621582,-188.58126831054688,1539.4720458984375,-0.059324607253074646,0.7932464480400085,0.6060038208961487,-0.6950234770774841,-0.4685794413089752,0.5453216433525085,0.7165353894233704,-0.3888358771800995,0.5791231989860535
4,1650637587.7043986,-165.5061492919922,-206.06146240234375,1525.7777099609375,-0.05337847024202347,0.9474014639854431,-0.3155648410320282,-0.6519153118133545,-0.2724407911300659,-0.7076598405838013,-0.7564107179641724,0.16794776916503906,0.6321679949760437
300,1650637587.7044232,-53.887115478515625,-188.58563232421875,1539.49267578125,-0.05926481634378433,0.7929142117500305,0.6064443588256836,-0.6953479647636414,-0.4686727225780487,0.5448275208473206,0.7162254452705383,-0.38940075039863586,0.5791271328926086
4,1650637587.7304606,-165.85598754882812,-206.683349609375,1526.009521484375,-0.056341517716646194,0.9476990699768066,-0.31415292620658875,-0.6559913158416748,-0.2723422050476074,-0.7039212584495544,-0.7526626586914062,0.16642159223556519,0.6370265483856201
300,1650637587.7304854,-53.8524284362793,-188.60812377929688,1539.51904296875,-0.05909645929932594,0.7925945520401001,0.6068785190582275,-0.6951204538345337,-0.46900132298469543,0.5448351502418518,0.7164601683616638,-0.38965582847595215,0.5786649584770203
4,1650637587.7669005,-163.55567932128906,-209.6406707763672,1527.39404296875,-0.05465301498770714,0.9365298748016357,-0.3463016152381897,-0.6652932167053223,-0.2927759289741516,-0.6867802739143372,-0.7445790767669678,0.1928575038909912,0.639068067073822
300,1650637587.7669399,-53.80513381958008,-188.6393280029297,1539.509521484375,-0.05922648683190346,0.7939568758010864,0.6050824522972107,-0.6944761276245117,-0.46818771958351135,0.5463544130325317,0.7170739769935608,-0.387856662273407,0.5791131854057312
300,1650637587.7954066,-53.85951232910156,-188.59034729003906,1539.5018310546875,-0.059235867112874985,0.7931448817253113,0.606145441532135,-0.6951330304145813,-0.46856799721717834,0.545191764831543,0.7164364457130432,-0.38905683159828186,0.5790972709655762
4,1650637587.7954316,-159.71249389648438,-212.31069946289062,1528.8758544921875,-0.051823005080223083,0.9163966178894043,-0.39690259099006653,-0.67256760597229,-0.3258165419101715,-0.6644518971443176,-0.7382189035415649,0.23250994086265564,0.6332234740257263
300,1650637587.8312852,-53.90166473388672,-188.55868530273438,1539.4505615234375,-0.059414371848106384,0.7934699654579163,0.6057023406028748,-0.6951061487197876,-0.4683772623538971,0.5453899502754211,0.7164477705955505,-0.3886234164237976,0.5793741941452026
4,1650637587.831311,-157.71133422851562,-214.1483917236328,1529.869140625,-0.051221560686826706,0.9010738134384155,-0.4306301772594452,-0.6774835586547852,-0.3481581509113312,-0.6479212045669556,-0.7337522506713867,0.2585573196411133,0.6282958984375
300,1650637587.8980622,-53.85871124267578,-188.6257781982422,1539.626953125,-0.059417493641376495,0.7938775420188904,0.6051677465438843,-0.6947889924049377,-0.4681832790374756,0.5459603071212769,0.7167550325393677,-0.38802430033683777,0.5793956518173218
4,1650637587.8980885,-158.76084899902344,-214.5645751953125,1530.2403564453125,-0.05748482793569565,0.900936484336853,-0.4301266670227051,-0.6774709820747375,-0.35166022181510925,-0.6460403800010681,-0.7332997918128967,0.2542608082294464,0.6305734515190125
300,1650637587.927964,-53.88566207885742,-188.616943359375,1539.712646484375,-0.05929756537079811,0.7936897277832031,0.6054257750511169,-0.6949664354324341,-0.46819794178009033,0.5457218289375305,0.7165929675102234,-0.3883906304836273,0.5793507099151611
4,1650637587.9279897,-158.38356018066406,-214.57180786132812,1530.47314453125,-0.058322034776210785,0.8950573205947876,-0.4421209692955017,-0.6754775643348694,-0.36148062348365784,-0.6426988840103149,-0.7350704669952393,0.2611592710018158,0.6256734132766724
300,1650637587.9612153,-53.886444091796875,-188.6211700439453,1539.71337890625,-0.05940518528223038,0.7932063937187195,0.6060483455657959,-0.695033848285675,-0.4686492085456848,0.5452484488487244,0.7165186405181885,-0.38883355259895325,0.5791454911231995
4,1650637587.9612396,-159.2144775390625,-214.42991638183594,1530.4580078125,-0.05871899053454399,0.8989014625549316,-0.43419840931892395,-0.6751677393913269,-0.3561413288116455,-0.6459968090057373,-0.735323429107666,0.2552244961261749,0.6278215646743774
300,1650637587.9895637,-53.912540435791016,-188.6177215576172,1539.67626953125,-0.059360090643167496,0.7936761975288391,0.6054374575614929,-0.694722056388855,-0.4683730900287628,0.5458826422691345,0.7168247103691101,-0.3882071077823639,0.5791870355606079
4,1650637587.9895887,-159.52621459960938,-214.45513916015625,1530.55908203125,-0.059123024344444275,0.9012477993965149,-0.4292515814304352,-0.6758543848991394,-0.35259905457496643,-0.6472207903862,-0.7346599698066711,0.25184592604637146,0.629958987236023
300,1650637588.019619,-53.913734436035156,-188.58950805664062,1539.72607421875,-0.059267472475767136,0.7935648560523987,0.6055924296379089,-0.6949977874755859,-0.46827882528305054,0.5456125736236572,0.7165650725364685,-0.3885483145713806,0.5792794823646545
4,1650637588.0196435,-159.32916259765625,-214.6732177734375,1530.8502197265625,-0.062448952347040176,0.8985154032707214,-0.43447694182395935,-0.6763790845870972,-0.35821282863616943,-0.6435797810554504,-0.7339015603065491,0.2536802291870117,0.6301069855690002
300,1650637588.052399,-53.8763313293457,-188.62176513671875,1539.79345703125,-0.05926337465643883,0.7941044569015503,0.6048851013183594,-0.6945990324020386,-0.4680059552192688,0.5463539361953735,0.7169519066810608,-0.3877738118171692,0.5793198347091675
4,1650637588.0524235,-159.4439239501953,-214.7333221435547,1531.0849609375,-0.06380022317171097,0.8955784440040588,-0.44030535221099854,-0.6756952404975891,-0.36345425248146057,-0.641355574131012,-0.7344150543212891,0.25659358501434326,0.6283265352249146
300,1650637588.0808966,-53.859405517578125,-188.65216064453125,1539.890625,-0.059169281274080276,0.7941831350326538,0.604790985584259,-0.6945265531539917,-0.46792811155319214,0.5465127229690552,0.7170299291610718,-0.38770660758018494,0.579268217086792
4,1650637588.0809214,-160.34689331054688,-214.87916564941406,1531.2215576171875,-0.06842971593141556,0.8956952691078186,-0.43937158584594727,-0.6766955256462097,-0.3652794063091278,-0.6392606496810913,-0.7330760955810547,0.2535763382911682,0.6311089396476746
300,1650637588.117157,-53.933021545410156,-188.63902282714844,1539.88134765625,-0.059087157249450684,0.7934790253639221,0.6057224869728088,-0.6948990225791931,-0.4683215916156769,0.5457016229629517,0.7166756987571716,-0.38867199420928955,0.5790596008300781
4,1650637588.1171858,-163.20567321777344,-214.23922729492188,1530.7803955078125,-0.07366754114627838,0.9034156203269958,-0.4223899841308594,-0.6750070452690125,-0.35694724321365356,-0.6457198858261108,-0.7341243624687195,0.2375476062297821,0.636107325553894
300,1650637588.1455503,-53.993106842041016,-188.61337280273438,1539.7291259765625,-0.059356000274419785,0.7935840487480164,0.6055586338043213,-0.6944533586502075,-0.46859967708587646,0.5460301637649536,0.7170853614807129,-0.388122022151947,0.5789213180541992
4,1650637588.1455748,-164.9967041015625,-213.42063903808594,1530.27880859375,-0.08300751447677612,0.9056252241134644,-0.41587579250335693,-0.6727179288864136,-0.3588065207004547,-0.6470768451690674,-0.7352280616760254,0.2260548621416092,0.6390140056610107
300,1650637588.1733956,-53.98459243774414,-188.5933074951172,1539.734619140625,-0.05917147174477577,0.7937206625938416,0.6053975820541382,-0.6947530508041382,-0.46822407841682434,0.5459710955619812,0.7168102860450745,-0.38829588890075684,0.5791453719139099
4,1650637588.1734214,-164.87841796875,-212.95077514648438,1530.2091064453125,-0.0879603773355484,0.8985753655433655,-0.42991310358047485,-0.6673833727836609,-0.37356096506118774,-0.6442450284957886,-0.7395014762878418,0.2302488088607788,0.6325528025627136
300,1650637588.2034469,-53.8988151550293,-188.60955810546875,1539.8558349609375,-0.0589643158018589,0.7932973504066467,0.605972409248352,-0.6949151158332825,-0.4684164822101593,0.5455996990203857,0.7166702151298523,-0.38892844319343567,0.5788941383361816
4,1650637588.2034729,-164.71966552734375,-212.07806396484375,1530.126953125,-0.0899694412946701,0.8943985104560852,-0.4381287097930908,-0.6616028547286987,-0.3824937343597412,-0.6449652910232544,-0.7444375157356262,0.23184002935886383,0.6261493563652039
300,1650637588.2322054,-53.86603927612305,-188.6599884033203,1539.9736328125,-0.05885133147239685,0.7935197353363037,0.6056920886039734,-0.6945242881774902,-0.46837279200553894,0.5461345314979553,0.7170582413673401,-0.38852715492248535,0.5786831378936768
4,1650637588.2322319,-164.70306396484375,-211.04490661621094,1529.88916015625,-0.08960918337106705,0.8939417600631714,-0.43913358449935913,-0.6558738946914673,-0.38477376103401184,-0.6494448184967041,-0.74953293800354,0.22982002794742584,0.6207923293113708
300,1650637588.272868,-53.903499603271484,-188.61082458496094,1539.967529296875,-0.05871899053454399,0.7930439114570618,0.6063278317451477,-0.6947044730186462,-0.4686390459537506,0.5456767082214355,0.7168945074081421,-0.3891770839691162,0.5784491896629333
4,1650637588.2728927,-162.715087890625,-211.2843017578125,1530.4271240234375,-0.09209130704402924,0.8764162063598633,-0.47266674041748047,-0.6508182287216187,-0.41223862767219543,-0.6375695466995239,-0.7536277770996094,0.2489055097103119,0.6083512306213379
300,1650637588.339743,-53.71885299682617,-188.66619873046875,1540.1175537109375,-0.05853375792503357,0.7933548092842102,0.6059388518333435,-0.694398045539856,-0.46843472123146057,0.5462419390678406,0.7172064781188965,-0.38878917694091797,0.5783233046531677
4,1650637588.3397698,-159.8361358642578,-211.67234802246094,1531.473388671875,-0.09046665579080582,0.8542232513427734,-0.5119749903678894,-0.6464511156082153,-0.4414280652999878,-0.6222878694534302,-0.7575729489326477,0.2746705114841461,0.5921481251716614
300,1650637588.3715022,-53.73121643066406,-188.720458984375,1540.2742919921875,-0.05824419483542442,0.7935413718223572,0.6057224869728088,-0.6941049695014954,-0.4682837426662445,0.546743631362915,0.7175136804580688,-0.38859033584594727,0.5780758261680603
4,1650637588.3715572,-157.7259521484375,-210.8316650390625,1531.6827392578125,-0.08769723773002625,0.8354843258857727,-0.5424713492393494,-0.6360204815864563,-0.4660835862159729,-0.6150155067443848,-0.7666727900505066,0.29108768701553345,0.5722593665122986
4,1650637588.4023447,-157.1014404296875,-209.0597686767578,1531.30810546875,-0.08725982904434204,0.8257506489753723,-0.5572446584701538,-0.6238678693771362,-0.48139846324920654,-0.615665853023529,-0.7766431570053101,0.29392412304878235,0.5571660399436951
300,1650637588.4023714,-53.780548095703125,-188.70486450195312,1540.3316650390625,-0.058152008801698685,0.7931670546531677,0.6062213778495789,-0.6938742399215698,-0.46870139241218567,0.5466786623001099,0.7177442908287048,-0.3888509273529053,0.5776140689849854
4,1650637588.4319718,-154.78663635253906,-208.6114044189453,1531.4984130859375,-0.08733593672513962,0.8002391457557678,-0.5932872295379639,-0.6130656599998474,-0.5125998854637146,-0.6011587977409363,-0.7851897478103638,0.31122127175331116,0.535367488861084
300,1650637588.4319966,-53.80160140991211,-188.68858337402344,1540.2969970703125,-0.05815891921520233,0.7932341694831848,0.6061329245567322,-0.694034218788147,-0.46855756640434265,0.5465988516807556,0.7175890803337097,-0.3888873755931854,0.5777824521064758
4,1650637588.468774,-151.9993133544922,-208.57920837402344,1532.079833984375,-0.08625758439302444,0.7685697078704834,-0.6339244842529297,-0.6023238897323608,-0.547069787979126,-0.5813093781471252,-0.7935777306556702,0.33168551325798035,0.5101168155670166
300,1650637588.4687986,-53.73609161376953,-188.7016143798828,1540.277099609375,-0.05804016441106796,0.7929753661155701,0.6064828038215637,-0.6940510869026184,-0.4687236249446869,0.5464350581169128,0.7175823450088501,-0.3892148733139038,0.5775701999664307
4,1650637588.4967844,-150.33868408203125,-208.14341735839844,1532.4093017578125,-0.08166255056858063,0.7556645274162292,-0.6498479247093201,-0.5970582962036133,-0.5591716170310974,-0.5751942992210388,-0.7980304956436157,0.3410252630710602,0.49683913588523865
300,1650637588.4968257,-53.74086380004883,-188.70675659179688,1540.37744140625,-0.057853952050209045,0.7925923466682434,0.6070010662078857,-0.6942154169082642,-0.4688882827758789,0.5460849404335022,0.7174384593963623,-0.38979631662368774,0.5773568749427795
4,1650637588.535661,-147.47027587890625,-208.92413330078125,1533.531005859375,-0.07780394703149796,0.7263348698616028,-0.6829233169555664,-0.5934697985649109,-0.5841550230979919,-0.5536754727363586,-0.8010868430137634,0.36221620440483093,0.47650736570358276
300,1650637588.535687,-53.82150650024414,-188.70333862304688,1540.47607421875,-0.05787115544080734,0.793220043182373,0.606178879737854,-0.6937888860702515,-0.4685625433921814,0.5469059348106384,0.7178494930267334,-0.38891011476516724,0.577443540096283
4,1650637588.563367,-146.70175170898438,-209.62960815429688,1533.98486328125,-0.07733571529388428,0.7150638699531555,-0.6947681903839111,-0.5938929319381714,-0.5927708148956299,-0.5439797639846802,-0.8008185625076294,0.3705488443374634,0.4705137312412262
300,1650637588.5633917,-53.81553268432617,-188.7135772705078,1540.5137939453125,-0.057863060384988785,0.7931280732154846,0.6063000559806824,-0.6940498352050781,-0.4685001075267792,0.5466282963752747,0.7175979018211365,-0.38917282223701477,0.5775792598724365
4,1650637588.5918467,-146.62088012695312,-210.55213928222656,1534.4791259765625,-0.07705284655094147,0.7103446125984192,-0.699623703956604,-0.5957515239715576,-0.5954673886299133,-0.5389793515205383,-0.799464225769043,0.3752720057964325,0.46907132863998413
300,1650637588.5918722,-53.787601470947266,-188.75538635253906,1540.472900390625,-0.05790095403790474,0.7930309176445007,0.6064234375953674,-0.6938872933387756,-0.4686943292617798,0.5466681122779846,0.7177519798278809,-0.38913694024086,0.577411949634552
