300,1650636757.5660012,-85.08425903320312,-100.78555297851562,1425.5601806640625,-0.4841468930244446,0.7727685570716858,0.41040289402008057,-0.6200553774833679,-0.6339454054832458,0.4622170329093933,0.6173598170280457,-0.03069157339632511,0.7860819697380066
300,1650636757.5957758,-85.08773040771484,-100.77738189697266,1425.5986328125,-0.48411503434181213,0.7725735902786255,0.410807341337204,-0.6203237175941467,-0.634149432182312,0.4615766406059265,0.6171151399612427,-0.03137735277414322,0.7862470149993896
300,1650636757.6305773,-85.07513427734375,-100.77706909179688,1425.544921875,-0.48409339785575867,0.7724233269691467,0.4111153483390808,-0.6201440691947937,-0.634326159954071,0.4615752398967743,0.6173126697540283,-0.03150520846247673,0.7860867977142334
300,1650636757.678361,-85.08464813232422,-100.77092742919922,1425.57275390625,-0.4840434193611145,0.7722281813621521,0.41154050827026367,-0.620363175868988,-0.634530782699585,0.46099919080734253,0.6171317100524902,-0.03216094151139259,0.7862023711204529
300,1650636757.7051415,-85.07477569580078,-100.76331329345703,1425.5936279296875,-0.484240859746933,0.7723292708396912,0.4111183285713196,-0.6205475926399231,-0.6344193816184998,0.46090424060821533,0.616791307926178,-0.03192981705069542,0.7864788770675659
300,1650636757.7388165,-85.0798568725586,-100.7660140991211,1425.6162109375,-0.4841732680797577,0.7718747854232788,0.41205042600631714,-0.6206300258636475,-0.6349195837974548,0.4601037800312042,0.6167613863945007,-0.0329609215259552,0.786459743976593
300,1650636757.7851841,-85.08744812011719,-100.77729034423828,1425.5697021484375,-0.4840713441371918,0.7723347544670105,0.41130760312080383,-0.6203448176383972,-0.6344138979911804,0.46118468046188354,0.6171281933784485,-0.031906262040138245,0.7862154841423035
300,1650636757.815721,-85.0962905883789,-100.77892303466797,1425.5897216796875,-0.48417431116104126,0.772636353969574,0.41061946749687195,-0.6203531622886658,-0.6340808272361755,0.46163129806518555,0.6170390248298645,-0.03121907263994217,0.7863130569458008
300,1650636757.8572168,-85.08781433105469,-100.770751953125,1425.56787109375,-0.4841020405292511,0.7723520398139954,0.4112390875816345,-0.6202884316444397,-0.6343992352485657,0.4612807035446167,0.6171608567237854,-0.03177991509437561,0.7861949801445007
300,1650636757.8844283,-85.09318542480469,-100.77142333984375,1425.58056640625,-0.4840514659881592,0.7722110152244568,0.41156327724456787,-0.620425820350647,-0.634547233581543,0.4608922302722931,0.6170623898506165,-0.03224891796708107,0.7862531542778015
300,1650636757.9195614,-85.09404754638672,-100.77384948730469,1425.5780029296875,-0.4841926693916321,0.7724366188049316,0.4109734296798706,-0.6204383373260498,-0.6343019008636475,0.4612129330635071,0.6169389486312866,-0.031667742878198624,0.7863736152648926
300,1650636757.9495692,-85.09497833251953,-100.77202606201172,1425.56884765625,-0.4840445816516876,0.7724599242210388,0.4111040532588959,-0.6203577518463135,-0.6342713236808777,0.4613633453845978,0.6171361804008484,-0.0317111611366272,0.7862170934677124
300,1650636757.995654,-85.09906005859375,-100.77857208251953,1425.6015625,-0.484152227640152,0.7725101113319397,0.4108829200267792,-0.6204764246940613,-0.6342150568962097,0.46128103137016296,0.6169323921203613,-0.03161292523145676,0.7863810062408447
300,1650636758.021469,-85.09627532958984,-100.7839584350586,1425.554443359375,-0.4840523600578308,0.7727177739143372,0.41061002016067505,-0.6201158165931702,-0.6339942812919617,0.4620688855648041,0.6173732280731201,-0.03096020221710205,0.7860609292984009
300,1650636758.0471206,-85.08987426757812,-100.77001190185547,1425.583984375,-0.4842641353607178,0.7725456953048706,0.41068410873413086,-0.6205335855484009,-0.634178638458252,0.4612542986869812,0.6167870759963989,-0.03147437423467636,0.7865005135536194
300,1650636758.0836852,-85.0954360961914,-100.77608489990234,1425.5609130859375,-0.48416396975517273,0.7726563811302185,0.4105938971042633,-0.6203771233558655,-0.6340564489364624,0.46163254976272583,0.6170230507850647,-0.03121723048388958,0.7863256335258484
300,1650636758.10944,-85.09620666503906,-100.78118896484375,1425.572998046875,-0.48405569791793823,0.7724354863166809,0.41113683581352234,-0.6202446818351746,-0.6343051195144653,0.4614688754081726,0.6172411441802979,-0.03162878751754761,0.7861379981040955
300,1650636758.1526916,-85.09268188476562,-100.77507781982422,1425.577880859375,-0.4841364622116089,0.7723351716995239,0.4112301468849182,-0.62044757604599,-0.6344118714332581,0.46104922890663147,0.6169738173484802,-0.03193600848317146,0.7863354086875916
300,1650636758.1839557,-85.09491729736328,-100.773681640625,1425.5589599609375,-0.4840952157974243,0.7724207639694214,0.4111180305480957,-0.620383083820343,-0.6343168616294861,0.4612666666507721,0.6170710325241089,-0.031753674149513245,0.7862665057182312
300,1650636758.2209144,-85.09671783447266,-100.7782974243164,1425.5570068359375,-0.484067440032959,0.7723367214202881,0.4113084673881531,-0.6202940344810486,-0.6344140768051147,0.46125271916389465,0.6171823143959045,-0.03185475617647171,0.7861750721931458
300,1650636758.2485967,-85.09248352050781,-100.78312683105469,1425.5419921875,-0.4839945435523987,0.7723759412765503,0.41132065653800964,-0.6201807260513306,-0.6343717575073242,0.4614632725715637,0.6173533201217651,-0.03174743801355362,0.7860451340675354
300,1650636758.2871594,-85.08702087402344,-100.76569366455078,1425.549072265625,-0.48396581411361694,0.7718885540962219,0.4122683107852936,-0.6204152703285217,-0.6349033117294312,0.4604157507419586,0.6171401739120483,-0.032952047884464264,0.7861629724502563
300,1650636758.3132439,-85.0975570678711,-100.772216796875,1425.5924072265625,-0.4841168224811554,0.7721536755561829,0.4115939736366272,-0.6204825043678284,-0.6346122622489929,0.4607262909412384,0.6169540882110596,-0.03234151750802994,0.7863343358039856
300,1650636758.3528104,-85.09117889404297,-100.75731658935547,1425.56103515625,-0.4840856194496155,0.7719824910163879,0.41195163130760193,-0.6207042932510376,-0.6347901225090027,0.460182249546051,0.616755485534668,-0.03293254226446152,0.786465585231781
300,1650636758.3820798,-85.09101867675781,-100.76924133300781,1425.526123046875,-0.4840916395187378,0.772490382194519,0.4109913110733032,-0.6203981041908264,-0.6342377066612244,0.4613552987575531,0.6170587539672852,-0.03163997828960419,0.7862807512283325
300,1650636758.4189026,-85.08402252197266,-100.76570892333984,1425.529541015625,-0.4842210114002228,0.7724717855453491,0.4108739197254181,-0.6204854846000671,-0.6342616081237793,0.4612048864364624,0.616869330406189,-0.0316162072122097,0.7864303588867188
300,1650636758.4451625,-85.0898666381836,-100.76105499267578,1425.5404052734375,-0.48410728573799133,0.7721298933029175,0.41164982318878174,-0.6205509901046753,-0.6346347332000732,0.46060311794281006,0.6168926954269409,-0.03246838226914406,0.7863772511482239
300,1650636758.4739914,-85.09203338623047,-100.75823974609375,1425.5673828125,-0.48419761657714844,0.7720469832420349,0.4116990566253662,-0.6207759976387024,-0.6347208619117737,0.46018102765083313,0.6165953874588013,-0.0327543206512928,0.7865985631942749
300,1650636758.5055926,-85.09174346923828,-100.76937103271484,1425.5482177734375,-0.48410308361053467,0.7723526358604431,0.4112366735935211,-0.6204428672790527,-0.6343905925750732,0.46108478307724,0.6170047521591187,-0.03193629905581474,0.786311149597168
300,1650636758.5311918,-85.0901870727539,-100.75952911376953,1425.5736083984375,-0.4840865731239319,0.7718992829322815,0.412106454372406,-0.6207764744758606,-0.6348792314529419,0.459961861371994,0.6166820526123047,-0.03316463530063629,0.7865133881568909
300,1650636758.559091,-85.09120178222656,-100.77519226074219,1425.529052734375,-0.484101265668869,0.7725302577018738,0.410905122756958,-0.6203269958496094,-0.6341971755027771,0.46150657534599304,0.6171226501464844,-0.031479619443416595,0.7862370014190674
300,1650636758.5959477,-85.09068298339844,-100.76432037353516,1425.5618896484375,-0.4842207133769989,0.7724881172180176,0.41084349155426025,-0.6205149292945862,-0.6342417001724243,0.46119266748428345,0.6168399453163147,-0.0316154845058918,0.786453366279602
300,1650636758.6213348,-85.08201599121094,-100.7720718383789,1425.5430908203125,-0.48416876792907715,0.7723425626754761,0.41117826104164124,-0.6203681826591492,-0.6344096064567566,0.46115919947624207,0.6170282959938049,-0.03180302307009697,0.7862980365753174
300,1650636758.6638305,-85.0871810913086,-100.77094268798828,1425.578857421875,-0.4842129945755005,0.7723429203033447,0.4111254811286926,-0.620604395866394,-0.6343995332717896,0.460855096578598,0.6167559623718262,-0.031994257122278214,0.7865039110183716
300,1650636758.691107,-85.08991241455078,-100.77635192871094,1425.554443359375,-0.4840656518936157,0.772336483001709,0.4113110899925232,-0.6204534769058228,-0.6344060301780701,0.46104928851127625,0.6170234084129333,-0.032021280378103256,0.7862930297851562
300,1650636758.7289362,-85.0929183959961,-100.77806091308594,1425.5947265625,-0.48401501774787903,0.7722465991973877,0.41153931617736816,-0.6204222440719604,-0.6345053911209106,0.4609546363353729,0.6170945763587952,-0.032219160348176956,0.786229133605957
300,1650636758.7546782,-85.09184265136719,-100.7723617553711,1425.587890625,-0.4840834438800812,0.7724446058273315,0.4110870063304901,-0.6204167604446411,-0.6342876553535461,0.4612615406513214,0.6170464158058167,-0.03175617381930351,0.7862857580184937
300,1650636758.7956913,-85.0871353149414,-100.77688598632812,1425.5740966796875,-0.48416250944137573,0.7725867629051208,0.4107265770435333,-0.6204354763031006,-0.634131669998169,0.46145081520080566,0.6169655323028564,-0.03141215816140175,0.7863630056381226
300,1650636758.8274736,-85.0849380493164,-100.7707748413086,1425.576171875,-0.4841984808444977,0.7723420858383179,0.4111441373825073,-0.6204853653907776,-0.634405791759491,0.461006760597229,0.6168871521949768,-0.0318901464343071,0.7864052653312683
300,1650636758.8848464,-85.09652709960938,-100.76885223388672,1425.5872802734375,-0.48411086201667786,0.7722246050834656,0.41146785020828247,-0.6205947399139404,-0.6345266103744507,0.4606930911540985,0.6168458461761475,-0.032328248023986816,0.7864198088645935
300,1650636758.9104168,-85.10084533691406,-100.7752685546875,1425.589599609375,-0.4841538071632385,0.7725862860679626,0.4107377827167511,-0.6205335259437561,-0.6341266632080078,0.4613257646560669,0.6168737411499023,-0.031523942947387695,0.7864305377006531
300,1650636758.946803,-85.10548400878906,-100.77603912353516,1425.55517578125,-0.48404765129089355,0.7724592685699463,0.41110163927078247,-0.620423436164856,-0.6342688202857971,0.46127840876579285,0.6170677542686462,-0.031776368618011475,0.7862681746482849
300,1650636758.9758525,-85.09272766113281,-100.75968170166016,1425.5750732421875,-0.4843009412288666,0.772337794303894,0.4110315144062042,-0.6206835508346558,-0.6344062685966492,0.4607391953468323,0.6166073083877563,-0.03198407217860222,0.7866209149360657
300,1650636759.0137198,-85.09410095214844,-100.76432037353516,1425.5582275390625,-0.4841057360172272,0.772258996963501,0.4114094078540802,-0.6205058097839355,-0.6344925165176392,0.46085989475250244,0.6169393658638,-0.032176993787288666,0.7863526344299316
300,1650636759.0798707,-85.09477996826172,-100.753662109375,1425.5653076171875,-0.4840192496776581,0.7717572450637817,0.4124513864517212,-0.620712161064148,-0.6350370645523071,0.45983073115348816,0.6167995929718018,-0.03344666212797165,0.7864092588424683
300,1650636759.1093411,-85.1031265258789,-100.77622985839844,1425.5201416015625,-0.48405298590660095,0.7727091908454895,0.4106254577636719,-0.6201995611190796,-0.633999764919281,0.4619489312171936,0.6172885894775391,-0.031061964109539986,0.7861233353614807
300,1650636759.1442423,-85.0948486328125,-100.7664794921875,1425.548095703125,-0.48407596349716187,0.7722564935684204,0.4114491045475006,-0.6204111576080322,-0.6344984769821167,0.46097901463508606,0.6170578598976135,-0.03211876377463341,0.786262035369873
300,1650636759.181293,-85.09772491455078,-100.77285766601562,1425.536376953125,-0.4841439723968506,0.7724586129188538,0.4109894633293152,-0.6202970147132874,-0.6342816352844238,0.4614308178424835,0.6171192526817322,-0.03153659403324127,0.7862374186515808
300,1650636759.206497,-85.10794067382812,-100.77024841308594,1425.5458984375,-0.48401179909706116,0.7725575566291809,0.4109591841697693,-0.6203539967536926,-0.634160041809082,0.4615213871002197,0.6171656847000122,-0.03155837580561638,0.7862001061439514
300,1650636759.2320466,-85.09630584716797,-100.76256561279297,1425.5726318359375,-0.48422130942344666,0.7722150087356567,0.4113559126853943,-0.6206813454627991,-0.6345393061637878,0.4605589210987091,0.6166719794273376,-0.032308515161275864,0.7865568995475769
300,1650636759.289677,-85.0983657836914,-100.76234436035156,1425.5533447265625,-0.48421376943588257,0.7725346088409424,0.41076427698135376,-0.6206074953079224,-0.6341843605041504,0.4611469805240631,0.6167522668838501,-0.03162967413663864,0.7865215539932251
300,1650636759.3153505,-85.10149383544922,-100.7606201171875,1425.554931640625,-0.484035462141037,0.7722319960594177,0.41154277324676514,-0.6206392049789429,-0.6345115900039673,0.4606538712978363,0.6168602705001831,-0.03244676813483238,0.7864035964012146
300,1650636759.3517575,-85.0992202758789,-100.75778198242188,1425.5391845703125,-0.48424044251441956,0.7723600268363953,0.41106104850769043,-0.6206784844398499,-0.6343781352043152,0.46078476309776306,0.6166598796844482,-0.03200613334774971,0.7865788340568542
300,1650636759.3799474,-85.10338592529297,-100.75621032714844,1425.546142578125,-0.484138160943985,0.7723658680915833,0.41117048263549805,-0.6206247806549072,-0.634368360042572,0.46087053418159485,0.616794228553772,-0.032057568430900574,0.7864713668823242
300,1650636759.4203477,-85.10606384277344,-100.76018524169922,1425.5301513671875,-0.4840439260005951,0.7723742127418518,0.41126585006713867,-0.6204379796981812,-0.6343632936477661,0.46112900972366333,0.6170560717582703,-0.03195825591683388,0.7862699627876282
300,1650636759.4833398,-85.10700988769531,-100.76724243164062,1425.5308837890625,-0.4839959442615509,0.7724924087524414,0.41110023856163025,-0.6203646063804626,-0.634231686592102,0.4614086449146271,0.6171674728393555,-0.031712133437395096,0.7861924767494202
300,1650636759.5162218,-85.1032943725586,-100.76496887207031,1425.51123046875,-0.4841228723526001,0.7728136777877808,0.41034621000289917,-0.6203710436820984,-0.6338774561882019,0.4618864953517914,0.6170614361763,-0.030957095324993134,0.786305844783783
300,1650636759.5625336,-85.1114273071289,-100.7645034790039,1425.57568359375,-0.4840961992740631,0.7724516987800598,0.4110587537288666,-0.6205101609230042,-0.6342756748199463,0.4611523449420929,0.6169424653053284,-0.03182404488325119,0.7863645553588867
300,1650636759.5879915,-85.11248016357422,-100.75836944580078,1425.5867919921875,-0.48393717408180237,0.7721152901649475,0.4118771553039551,-0.6206558346748352,-0.6346354484558105,0.4604608118534088,0.6169206500053406,-0.0327998623251915,0.7863415479660034
300,1650636759.6289654,-85.10748291015625,-100.7730484008789,1425.5810546875,-0.4840986728668213,0.7726019620895386,0.41077330708503723,-0.6203681230545044,-0.6341143846511841,0.4615651071071625,0.6170833706855774,-0.031387604773044586,0.7862715721130371
300,1650636759.6543376,-85.10623168945312,-100.7613525390625,1425.5997314453125,-0.48406580090522766,0.7721112966537476,0.4117335081100464,-0.6206396818161011,-0.6346484422683716,0.4604647159576416,0.6168360114097595,-0.03264292702078819,0.7864145040512085
300,1650636759.6822617,-85.10762786865234,-100.77233123779297,1425.584716796875,-0.48405250906944275,0.7724246978759766,0.4111608564853668,-0.6203994750976562,-0.6343091130256653,0.4612552225589752,0.6170880198478699,-0.03181223198771477,0.7862508296966553
300,1650636759.718632,-85.10536193847656,-100.77838897705078,1425.5330810546875,-0.4840252697467804,0.7725986242294312,0.4108661115169525,-0.6203300356864929,-0.6341158747673035,0.4616142213344574,0.6171792149543762,-0.031439654529094696,0.7861942052841187
300,1650636759.743953,-85.10733032226562,-100.77420043945312,1425.5450439453125,-0.48400723934173584,0.7723890542984009,0.41128113865852356,-0.6203866600990295,-0.6343472003936768,0.4612201750278473,0.6171364188194275,-0.03191940486431122,0.78620845079422
300,1650636759.7852795,-85.1115951538086,-100.77677154541016,1425.5511474609375,-0.4839029014110565,0.7724751830101013,0.4112420976161957,-0.6203022003173828,-0.6342488527297974,0.461468905210495,0.6173031330108643,-0.03178824111819267,0.786082923412323
300,1650636759.810304,-85.10472869873047,-100.76718139648438,1425.57275390625,-0.4840400516986847,0.7723014950752258,0.41140684485435486,-0.6205670833587646,-0.6344377994537354,0.4608526825904846,0.616929292678833,-0.03223439306020737,0.7863581776618958
300,1650636759.8356564,-85.10716247558594,-100.77014923095703,1425.572998046875,-0.48405584692955017,0.7723755240440369,0.4112493097782135,-0.6205453872680664,-0.6343569159507751,0.4609932005405426,0.6169387102127075,-0.032052405178546906,0.7863582372665405
300,1650636759.874717,-85.10424041748047,-100.76595306396484,1425.5570068359375,-0.4840276837348938,0.7725115418434143,0.41102686524391174,-0.6204438805580139,-0.6342079043388367,0.4613346457481384,0.6170628666877747,-0.03172038123011589,0.786274254322052
300,1650636759.9012272,-85.09893035888672,-100.76815795898438,1425.537841796875,-0.4839741885662079,0.7723758220672607,0.41134482622146606,-0.6204608082771301,-0.6343562006950378,0.4611080288887024,0.6170878410339355,-0.0320589616894722,0.7862409353256226
300,1650636759.9398785,-85.11292266845703,-100.77706146240234,1425.551025390625,-0.48389148712158203,0.772693932056427,0.4108443856239319,-0.6202352046966553,-0.6340059041976929,0.46189263463020325,0.6173794269561768,-0.031314246356487274,0.7860420346260071
300,1650636759.9722042,-85.10848236083984,-100.76837921142578,1425.551513671875,-0.4838869571685791,0.7725532650947571,0.4111141860485077,-0.6203521490097046,-0.6341577172279358,0.461527019739151,0.6172654628753662,-0.03170865401625633,0.7861157059669495
300,1650636760.0064085,-85.1144027709961,-100.77659606933594,1425.5823974609375,-0.48401832580566406,0.7726390361785889,0.41079822182655334,-0.6203651428222656,-0.6340682506561279,0.46163246035575867,0.6171493530273438,-0.03140633553266525,0.7862190008163452
300,1650636760.031389,-85.10326385498047,-100.77532958984375,1425.5704345703125,-0.48404252529144287,0.7725715041160583,0.41089677810668945,-0.6204056739807129,-0.6341434717178345,0.46147459745407104,0.6170896291732788,-0.031549375504255295,0.7862601280212402
300,1650636760.0914018,-85.10612487792969,-100.77120971679688,1425.55810546875,-0.4840308129787445,0.7725769877433777,0.41090020537376404,-0.6203039884567261,-0.6341418027877808,0.46161359548568726,0.617201030254364,-0.03144783899188042,0.7861767411231995
300,1650636760.1241562,-85.10414123535156,-100.77091979980469,1425.566650390625,-0.48395684361457825,0.7724348306655884,0.4112544655799866,-0.6204078793525696,-0.6342918276786804,0.46126776933670044,0.617154598236084,-0.031911831349134445,0.7861945033073425
300,1650636760.1654596,-85.09900665283203,-100.77584838867188,1425.56396484375,-0.4840210974216461,0.7724892497062683,0.4110765755176544,-0.6203894019126892,-0.6342353820800781,0.4613701403141022,0.6171227693557739,-0.03171468526124954,0.7862274646759033
300,1650636760.1926904,-85.0954818725586,-100.76864624023438,1425.57861328125,-0.4841611087322235,0.7724894881248474,0.4109111726284027,-0.6204943060874939,-0.6342378258705139,0.46122580766677856,0.6169074773788452,-0.03166043758392334,0.7863985896110535
300,1650636760.2190714,-85.10079956054688,-100.7708969116211,1425.5863037109375,-0.48404619097709656,0.7724772095680237,0.41106969118118286,-0.6205401420593262,-0.6342426538467407,0.4611574709415436,0.6169515252113342,-0.031863708049058914,0.7863558530807495
300,1650636760.283651,-85.10972595214844,-100.78987121582031,1425.615478515625,-0.48392531275749207,0.7725450396537781,0.41108450293540955,-0.6203442811965942,-0.6341695785522461,0.46152132749557495,0.6172432899475098,-0.03167206794023514,0.7861346006393433
300,1650636760.3158958,-85.10739135742188,-100.7826919555664,1425.6182861328125,-0.4840046465396881,0.7723844647407532,0.41129282116889954,-0.6204257607460022,-0.6343501210212708,0.4611634910106659,0.6170991659164429,-0.03197139874100685,0.7862356305122375
300,1650636760.347414,-85.11258697509766,-100.78022766113281,1425.6090087890625,-0.48409414291381836,0.7727457880973816,0.4105079770088196,-0.6204857230186462,-0.6339464783668518,0.4616376757621765,0.6169686317443848,-0.031238235533237457,0.7863675355911255
300,1650636760.3760343,-85.10477447509766,-100.77786254882812,1425.5806884765625,-0.48404744267463684,0.7725064754486084,0.411013126373291,-0.6204027533531189,-0.6342169046401978,0.46137765049934387,0.6170886754989624,-0.031665023416280746,0.7862562537193298
300,1650636760.4116838,-85.1025619506836,-100.77217864990234,1425.5843505859375,-0.4841039776802063,0.772518515586853,0.41092395782470703,-0.6205697059631348,-0.6341980695724487,0.4611790180206299,0.616876482963562,-0.03174835070967674,0.7864193916320801
300,1650636760.445857,-85.11678314208984,-100.77590942382812,1425.56298828125,-0.48391103744506836,0.7724884748458862,0.41120755672454834,-0.6203625202178955,-0.6342312693595886,0.4614120125770569,0.6172361373901367,-0.03181537613272667,0.7861344218254089
300,1650636760.486436,-85.12110900878906,-100.77587127685547,1425.5225830078125,-0.48384079337120056,0.7725750207901001,0.41112762689590454,-0.6202845573425293,-0.6341341137886047,0.4616502821445465,0.617369532585144,-0.031650882214307785,0.7860363125801086
300,1650636760.5127704,-85.1058120727539,-100.75738525390625,1425.541259765625,-0.48401644825935364,0.771754801273346,0.41245925426483154,-0.6207284927368164,-0.6350387930870056,0.4598064124584198,0.6167854070663452,-0.03347133472561836,0.7864193916320801
300,1650636760.5573182,-85.11605072021484,-100.76699829101562,1425.4854736328125,-0.48378852009773254,0.7719939351081848,0.41227906942367554,-0.6204845905303955,-0.6347712874412537,0.4605043828487396,0.6172094941139221,-0.033026061952114105,0.7861053943634033
300,1650636760.5959928,-85.1246109008789,-100.75983428955078,1425.5516357421875,-0.4840443432331085,0.7720933556556702,0.4117922782897949,-0.6207222938537598,-0.6346627473831177,0.46033355593681335,0.6167697310447693,-0.03278680145740509,0.7864605188369751
300,1650636760.622824,-85.12935638427734,-100.76483917236328,1425.569580078125,-0.4839678406715393,0.7723226547241211,0.411452054977417,-0.6205763220787048,-0.6344093680381775,0.460879385471344,0.6169766187667847,-0.032286591827869415,0.7863188982009888
300,1650636760.6514072,-85.12029266357422,-100.75994110107422,1425.5802001953125,-0.48404061794281006,0.7725543975830078,0.4109310805797577,-0.620607852935791,-0.6341521739959717,0.4611908197402954,0.6168878078460693,-0.03179194778203964,0.7864087224006653
300,1650636760.6956482,-85.11482238769531,-100.769287109375,1425.5650634765625,-0.48389512300491333,0.7724434733390808,0.4113108217716217,-0.6204196214675903,-0.634277880191803,0.46127113699913025,0.6171912550926208,-0.03197842463850975,0.7861630320549011
300,1650636760.7221973,-85.11632537841797,-100.76602172851562,1425.6383056640625,-0.4839060306549072,0.7719683051109314,0.4121891260147095,-0.6206685304641724,-0.6347970962524414,0.4602208137512207,0.6169323325157166,-0.03312920033931732,0.7863186001777649
300,1650636760.7502139,-85.10833740234375,-100.77696228027344,1425.6011962890625,-0.48383525013923645,0.7723456025123596,0.41156500577926636,-0.6204314231872559,-0.634383499622345,0.4611099362373352,0.6172263026237488,-0.03224662318825722,0.786124587059021
300,1650636760.7816253,-85.11709594726562,-100.77619934082031,1425.609375,-0.4838375151157379,0.7721412777900696,0.4119454622268677,-0.6207446455955505,-0.6345956921577454,0.46039584279060364,0.6169095039367676,-0.03295616805553436,0.7863438129425049
300,1650636760.8082879,-85.10845947265625,-100.77146911621094,1425.6248779296875,-0.4839614927768707,0.7720562219619751,0.41195929050445557,-0.620792031288147,-0.6346956491470337,0.4601941704750061,0.6167645454406738,-0.03302479535341263,0.7864546179771423
300,1650636760.8351853,-85.11113739013672,-100.7705078125,1425.6513671875,-0.4838603138923645,0.7722198963165283,0.4117712676525116,-0.6206948757171631,-0.6345118284225464,0.4605786204338074,0.6169416904449463,-0.03272859379649162,0.7863280177116394
300,1650636760.8740852,-85.11601257324219,-100.76872253417969,1425.6219482421875,-0.48395267128944397,0.7720738649368286,0.41193658113479614,-0.6208391785621643,-0.6346728801727295,0.46016204357147217,0.6167240738868713,-0.033049702644348145,0.7864853143692017
300,1650636760.9026022,-85.1219711303711,-100.76289367675781,1425.63037109375,-0.4839939773082733,0.7722007632255554,0.4116501212120056,-0.6208474040031433,-0.6345330476760864,0.4603436589241028,0.6166833639144897,-0.032768357545137405,0.786529004573822
300,1650636760.9355462,-85.1214828491211,-100.76934051513672,1425.5556640625,-0.4839214086532593,0.7723719477653503,0.41141414642333984,-0.6206048727035522,-0.6343499422073364,0.4609227180480957,0.6169843077659607,-0.0322752520442009,0.7863132953643799
300,1650636760.9636207,-85.11862182617188,-100.76335144042969,1425.562255859375,-0.48406854271888733,0.7724955081939697,0.41100889444351196,-0.6207069158554077,-0.6342147588729858,0.4609713852405548,0.6167662143707275,-0.031974319368600845,0.7864966988563538
300,1650636761.0055013,-85.12471771240234,-100.77435302734375,1425.5802001953125,-0.4839055836200714,0.7723135948181152,0.4115423858165741,-0.6206645369529724,-0.6344112753868103,0.46075791120529175,0.6169367432594299,-0.032466448843479156,0.7863427996635437
300,1650636761.0319545,-85.13692474365234,-100.77464294433594,1425.5863037109375,-0.4839988946914673,0.7724364995956421,0.4112017750740051,-0.6206966042518616,-0.63427734375,0.46089908480644226,0.6168312430381775,-0.03215688094496727,0.7864382266998291
300,1650636761.0674424,-85.12960052490234,-100.77201080322266,1425.5780029296875,-0.48395150899887085,0.7724127769470215,0.4113020896911621,-0.6206598281860352,-0.634303092956543,0.46091318130493164,0.6169053912162781,-0.03221908211708069,0.7863775491714478
300,1650636761.1011674,-85.12299346923828,-100.76815795898438,1425.592529296875,-0.4839193820953369,0.7723739743232727,0.41141271591186523,-0.6206842660903931,-0.6343433856964111,0.46082475781440735,0.6169059872627258,-0.03235537186264992,0.7863714694976807
300,1650636761.138923,-85.11437225341797,-100.76232147216797,1425.560546875,-0.4839310646057129,0.7720539569854736,0.41199928522109985,-0.6206978559494019,-0.6347013711929321,0.4603132903575897,0.6168832182884216,-0.032967157661914825,0.786363959312439
300,1650636761.184706,-85.1224594116211,-100.76177215576172,1425.563232421875,-0.48407652974128723,0.7724083662033081,0.4111633002758026,-0.6208102703094482,-0.6343075633049011,0.46070441603660583,0.6166558861732483,-0.03223820775747299,0.7865724563598633
300,1650636761.2120929,-85.12944030761719,-100.76513671875,1425.576416015625,-0.48396924138069153,0.7722716927528381,0.41154608130455017,-0.6207504868507385,-0.6344573497772217,0.46057868003845215,0.6168003082275391,-0.03256149962544441,0.7864458560943604
300,1650636761.238913,-85.11709594726562,-100.76372528076172,1425.5537109375,-0.4839770197868347,0.7721378207206726,0.41178807616233826,-0.6206830739974976,-0.634611189365387,0.46045762300491333,0.6168620586395264,-0.03273897245526314,0.7863900661468506
300,1650636761.2714257,-85.11774444580078,-100.75846862792969,1425.5487060546875,-0.48408159613609314,0.7723256945610046,0.4113125205039978,-0.6207809448242188,-0.6344019174575806,0.46061399579048157,0.6166814565658569,-0.03236021474003792,0.7865473628044128
300,1650636761.2991674,-85.12014770507812,-100.75392150878906,1425.5765380859375,-0.48411086201667786,0.7721235752105713,0.4116574823856354,-0.6209165453910828,-0.6346226930618286,0.4601268768310547,0.616521954536438,-0.03285251930356026,0.7866519689559937
300,1650636761.3270106,-85.12638854980469,-100.76893615722656,1425.5582275390625,-0.4839531183242798,0.7723406553268433,0.41143569350242615,-0.620551586151123,-0.6343896985054016,0.46093976497650146,0.6170130968093872,-0.032243821769952774,0.7862920761108398
300,1650636761.3663986,-85.13004302978516,-100.7639389038086,1425.5784912109375,-0.48383381962776184,0.7720670700073242,0.41208887100219727,-0.6207149028778076,-0.6346799731254578,0.460319846868515,0.6169423460960388,-0.033071376383304596,0.7863131761550903
300,1650636761.3962963,-85.1259994506836,-100.77474212646484,1425.5433349609375,-0.48391130566596985,0.7724612355232239,0.41125839948654175,-0.6204405426979065,-0.6342577934265137,0.4612705707550049,0.617157518863678,-0.03194734454154968,0.7861908078193665
300,1650636761.4310708,-85.12090301513672,-100.76221466064453,1425.5621337890625,-0.4839421510696411,0.7722744345664978,0.4115728437900543,-0.6206183433532715,-0.6344596743583679,0.46075350046157837,0.616954505443573,-0.03245162591338158,0.786329448223114
300,1650636761.4601233,-85.12183380126953,-100.7650375366211,1425.5777587890625,-0.48399922251701355,0.7723748087882996,0.41131725907325745,-0.6206759810447693,-0.6343475580215454,0.4608302116394043,0.6168517470359802,-0.03225326910614967,0.7864181995391846
300,1650636761.4996667,-85.11886596679688,-100.77342987060547,1425.58056640625,-0.4839940369129181,0.7721806168556213,0.41168785095214844,-0.6208420395851135,-0.6345559358596802,0.4603193998336792,0.6166886687278748,-0.032801274210214615,0.7865234613418579
300,1650636761.5261548,-85.12104797363281,-100.77159118652344,1425.5709228515625,-0.48386305570602417,0.7721787691116333,0.41184523701667786,-0.6207403540611267,-0.6345555782318115,0.4604569673538208,0.6168937683105469,-0.03285086154937744,0.7863605618476868
300,1650636761.5631433,-85.11851501464844,-100.76838684082031,1425.5150146484375,-0.48395705223083496,0.7723311185836792,0.4114488959312439,-0.6204804182052612,-0.6344043016433716,0.4610154926776886,0.6170815825462341,-0.032184284180402756,0.7862407565116882
300,1650636761.594073,-85.1275863647461,-100.76116180419922,1425.5355224609375,-0.48399296402931213,0.7722115516662598,0.4116310477256775,-0.620673656463623,-0.6345301270484924,0.4605819284915924,0.6168590188026428,-0.032570116221904755,0.7863994836807251
300,1650636761.6234694,-85.12358856201172,-100.75792694091797,1425.533447265625,-0.4840836822986603,0.7723588347434998,0.4112479090690613,-0.6207270622253418,-0.6343677639961243,0.4607335925102234,0.6167340874671936,-0.03223907947540283,0.7865111231803894
300,1650636761.6710732,-85.13407897949219,-100.7579116821289,1425.5550537109375,-0.484042227268219,0.7721539735794067,0.4116811454296112,-0.6207651495933533,-0.634592592716217,0.4603724777698517,0.6167282462120056,-0.03271759673953056,0.7864959239959717
300,1650636761.6980338,-85.13589477539062,-100.7618408203125,1425.520751953125,-0.4840502440929413,0.7724080681800842,0.41119474172592163,-0.6205882430076599,-0.6343178749084473,0.46098923683166504,0.6168999671936035,-0.03204066678881645,0.7863891124725342
300,1650636761.7286527,-85.13488006591797,-100.75212097167969,1425.5318603515625,-0.48409923911094666,0.7721487879753113,0.41162383556365967,-0.6207640171051025,-0.634601891040802,0.4603612422943115,0.61668461561203,-0.032660748809576035,0.786532461643219
4,1650636761.7571013,-82.02106475830078,-38.20124053955078,1311.33740234375,-0.14269264042377472,0.03517972677946091,-0.9891416430473328,-0.23191453516483307,-0.9727355241775513,-0.001140454551205039,-0.9622133374214172,0.22923359274864197,0.14696089923381805
300,1650636761.757126,-85.13899230957031,-100.75496673583984,1425.5406494140625,-0.4840652048587799,0.7723771333694458,0.4112352132797241,-0.6207976341247559,-0.6343424916267395,0.46067336201667786,0.6166775226593018,-0.03229789808392525,0.7865530252456665
300,1650636761.8011172,-85.12671661376953,-100.74507904052734,1425.5601806640625,-0.484075665473938,0.7719561457633972,0.41201263666152954,-0.6209943294525146,-0.634803295135498,0.4597725570201874,0.6164712309837341,-0.03329278156161308,0.7866732478141785
300,1650636761.8281717,-85.13546752929688,-100.75101470947266,1425.560546875,-0.4839668869972229,0.7720707654953003,0.41192570328712463,-0.6208540797233582,-0.6346763968467712,0.4601370394229889,0.6166978478431702,-0.0330546498298645,0.7865056395530701
300,1650636761.854551,-85.13153076171875,-100.75438690185547,1425.55224609375,-0.48405271768569946,0.7722604274749756,0.411469042301178,-0.6207389235496521,-0.6344755291938782,0.46056923270225525,0.6167464256286621,-0.03247504308819771,0.7864916920661926
300,1650636761.8869328,-85.1259536743164,-100.74678802490234,1425.574462890625,-0.4841013252735138,0.7721695899963379,0.411582350730896,-0.6208716630935669,-0.6345730423927307,0.460255891084671,0.6165746450424194,-0.032729342579841614,0.7866158485412598
300,1650636761.9138563,-85.11809539794922,-100.75727081298828,1425.58056640625,-0.48403313755989075,0.7719160318374634,0.4121377766132355,-0.6207848787307739,-0.6348568201065063,0.4599814713001251,0.6167155504226685,-0.03320262208580971,0.7864855527877808
300,1650636761.953539,-85.1165771484375,-100.75784301757812,1425.5638427734375,-0.48412954807281494,0.77228844165802,0.4113260805606842,-0.6207805871963501,-0.6344465017318726,0.46055305004119873,0.6166442036628723,-0.03237589821219444,0.786575973033905
300,1650636761.982284,-85.12195587158203,-100.76412963867188,1425.58056640625,-0.48411962389945984,0.7721582651138306,0.4115820527076721,-0.6208636164665222,-0.6345871686935425,0.4602472186088562,0.616568386554718,-0.03272160515189171,0.78662109375
300,1650636762.021763,-85.1109619140625,-100.76348876953125,1425.5908203125,-0.4839906096458435,0.7720754742622375,0.411888986825943,-0.6208965182304382,-0.6346702575683594,0.46008825302124023,0.6166365742683411,-0.033062029629945755,0.7865533828735352
300,1650636762.0866888,-85.12520599365234,-100.76162719726562,1425.56689453125,-0.48385512828826904,0.7722609639167786,0.41170036792755127,-0.6205682754516602,-0.6344722509384155,0.4608035683631897,0.617073118686676,-0.032526031136512756,0.7862333059310913
300,1650636762.115906,-85.11773681640625,-100.77315521240234,1425.5799560546875,-0.48404234647750854,0.7724111080169678,0.4111984074115753,-0.6206657290458679,-0.6343100070953369,0.46089574694633484,0.6168282628059387,-0.032123688608407974,0.78644198179245
300,1650636762.1524417,-85.1117935180664,-100.78923034667969,1425.6068115234375,-0.48393943905830383,0.7725018262863159,0.4111490845680237,-0.6204051375389099,-0.634215772151947,0.46137601137161255,0.617171049118042,-0.03180095553398132,0.7861860990524292
300,1650636762.1822717,-85.10752868652344,-100.76255798339844,1425.582275390625,-0.48395219445228577,0.7723489999771118,0.4114210307598114,-0.6206064820289612,-0.6343773603439331,0.4608827829360962,0.6169585585594177,-0.032285306602716446,0.7863331437110901
300,1650636762.217276,-85.11640930175781,-100.75837707519531,1425.5601806640625,-0.48401185870170593,0.7722689509391785,0.4115011394023895,-0.6206337213516235,-0.6344690918922424,0.4607197940349579,0.6168843507766724,-0.03239766135811806,0.7863867282867432
300,1650636762.2459242,-85.11595153808594,-100.76335144042969,1425.5858154296875,-0.4839959740638733,0.7721000909805298,0.41183656454086304,-0.6206643581390381,-0.6346554756164551,0.46042174100875854,0.6168659925460815,-0.03276999667286873,0.786385715007782
300,1650636762.2833414,-85.10317993164062,-100.75456237792969,1425.5927734375,-0.48404690623283386,0.7720833420753479,0.4118081033229828,-0.620826780796051,-0.6346685886383057,0.46018463373184204,0.6166625618934631,-0.032910533249378204,0.7865393757820129
300,1650636762.3112688,-85.10637664794922,-100.75770568847656,1425.4921875,-0.4838758707046509,0.7723947763442993,0.4114248752593994,-0.6204885840415955,-0.63432776927948,0.4611096978187561,0.6171369552612305,-0.032164592295885086,0.786198079586029
300,1650636762.3500388,-85.11424255371094,-100.7554931640625,1425.494384765625,-0.4838997721672058,0.7722691893577576,0.4116324782371521,-0.6206175088882446,-0.6344630718231201,0.46074992418289185,0.6169885993003845,-0.03250953182578087,0.7863003015518188
300,1650636762.3833554,-85.11357879638672,-100.75874328613281,1425.518310546875,-0.48394060134887695,0.7721827626228333,0.41174665093421936,-0.6205881834030151,-0.6345638036727905,0.4606506824493408,0.6169860363006592,-0.032597556710243225,0.7862986922264099
300,1650636762.4189281,-85.1158676147461,-100.75785827636719,1425.5499267578125,-0.4841064512729645,0.7722739577293396,0.41138046979904175,-0.6207040548324585,-0.6344653964042664,0.4606301188468933,0.6167393326759338,-0.0323515310883522,0.7865023612976074
4,1650636762.5034044,-73.02510833740234,-23.225927352905273,1311.2984619140625,-0.03159952536225319,0.32457295060157776,-0.9453327059745789,-0.27622461318969727,-0.9118050336837769,-0.3038281500339508,-0.9605734944343567,0.25152334570884705,0.11846765130758286
300,1650636762.503432,-85.10433197021484,-100.74384307861328,1425.5611572265625,-0.48399072885513306,0.7719823122024536,0.41206344962120056,-0.6209009885787964,-0.6347740888595581,0.45993897318840027,0.6166319251060486,-0.033244404941797256,0.7865493297576904
300,1650636762.5318842,-85.11091613769531,-100.7577896118164,1425.5675048828125,-0.48396894335746765,0.772463321685791,0.41118669509887695,-0.6206197738647461,-0.6342495679855347,0.461040735244751,0.6169320344924927,-0.032061196863651276,0.7863631248474121
300,1650636762.5681715,-85.10816955566406,-100.75843048095703,1425.5565185546875,-0.4838494062423706,0.7720496654510498,0.41210323572158813,-0.6206095814704895,-0.6347060203552246,0.46042588353157043,0.6170360445976257,-0.032978419214487076,0.7862435579299927
300,1650636762.597968,-85.103759765625,-100.76464080810547,1425.533447265625,-0.4839206337928772,0.7724128365516663,0.4113383889198303,-0.6205131411552429,-0.634308934211731,0.4611026644706726,0.6170772314071655,-0.032103776931762695,0.7862474322319031
300,1650636762.6318567,-85.10009765625,-100.75719451904297,1425.5687255859375,-0.4839164614677429,0.7721602916717529,0.41181713342666626,-0.6205615401268005,-0.634588897228241,0.46065205335617065,0.6170318126678467,-0.03264075145125389,0.7862609624862671
300,1650636762.664277,-85.1012954711914,-100.76226806640625,1425.5433349609375,-0.48383447527885437,0.7724913358688354,0.4112922251224518,-0.6204298138618469,-0.6342201232910156,0.4613368511199951,0.6172285676002502,-0.03196728974580765,0.7861342430114746
300,1650636762.6921334,-85.10546875,-100.76610565185547,1425.5616455078125,-0.4838975965976715,0.772325873374939,0.41152873635292053,-0.6204981207847595,-0.634405791759491,0.4609895348548889,0.6171103715896606,-0.032281097024679184,0.7862141728401184
300,1650636762.7195635,-85.10762023925781,-100.76380157470703,1425.59130859375,-0.48388999700546265,0.772189199924469,0.4117940366268158,-0.6206092238426208,-0.6345524787902832,0.46063798666000366,0.6170046329498291,-0.032665055245161057,0.7862812876701355
300,1650636762.7488568,-85.09983825683594,-100.75740051269531,1425.5992431640625,-0.4839470386505127,0.7720445394515991,0.4119981527328491,-0.6207435727119446,-0.634710431098938,0.4602391719818115,0.6168246865272522,-0.03301382064819336,0.7864079475402832
300,1650636762.7772632,-85.09087371826172,-100.7644271850586,1425.5711669921875,-0.48399773240089417,0.77234947681427,0.41136667132377625,-0.6205817461013794,-0.6343808770179749,0.4609113335609436,0.6169477701187134,-0.03220658376812935,0.7863448262214661
300,1650636762.8068964,-85.09859466552734,-100.77454376220703,1425.5797119140625,-0.48404330015182495,0.7723805904388428,0.41125449538230896,-0.6205353140830994,-0.6343510150909424,0.46101489663124084,0.6169586777687073,-0.032046761363744736,0.7863427996635437
