300,1650635523.4892976,-87.69999694824219,-98.64380645751953,1429.7796630859375,-0.4791594445705414,0.7753215432167053,0.41143983602523804,-0.6284902691841125,-0.630286455154419,0.455783873796463,0.6127040386199951,-0.04019279405474663,0.7892897725105286
4,1650635523.4893253,-129.86952209472656,-193.21487426757812,1512.1796875,-0.0475602000951767,0.9697115421295166,0.23957785964012146,-0.9549568295478821,-0.11447567492723465,0.2737750709056854,0.2929086983203888,-0.21576569974422455,0.9314771294593811
300,1650635523.5305033,-87.72980499267578,-98.61914825439453,1429.674072265625,-0.479137659072876,0.7752358913421631,0.41162657737731934,-0.6284117102622986,-0.6303849220275879,0.4557560086250305,0.6128016114234924,-0.04030109569430351,0.7892084717750549
4,1650635523.5305316,-129.82989501953125,-192.91860961914062,1509.7205810546875,-0.04859797656536102,0.9706519842147827,0.23552708327770233,-0.9589093923568726,-0.11133070290088654,0.26095646619796753,0.27951928973197937,-0.21316717565059662,0.9361777305603027
300,1650635523.577643,-87.71927642822266,-98.63169860839844,1429.6878662109375,-0.47908633947372437,0.7751452326774597,0.41185688972473145,-0.6283574104309082,-0.6304850578308105,0.4556923806667328,0.6128973960876465,-0.04047735035419464,0.7891250848770142
4,1650635523.5776687,-129.9365692138672,-192.39503479003906,1506.0230712890625,-0.049133092164993286,0.970582127571106,0.2357037514448166,-0.9648808240890503,-0.10709536820650101,0.23986582458019257,0.258052259683609,-0.21564067900180817,0.9417579770088196
300,1650635523.6066508,-87.71243286132812,-98.63763427734375,1429.72607421875,-0.4790581166744232,0.7750350832939148,0.41209694743156433,-0.6283780932426453,-0.6306034326553345,0.455500066280365,0.6128982901573181,-0.0407416895031929,0.7891107797622681
4,1650635523.6066778,-129.7377166748047,-191.9632568359375,1503.2017822265625,-0.05028952285647392,0.9721893668174744,0.22873295843601227,-0.9689755439758301,-0.10298479348421097,0.224678635597229,0.2419862002134323,-0.21033765375614166,0.9472067952156067
300,1650635523.6407492,-87.71844482421875,-98.62446594238281,1429.685546875,-0.47914785146713257,0.7750619649887085,0.41194212436676025,-0.6283589601516724,-0.6305816173553467,0.4555566608905792,0.6128477454185486,-0.0405685156583786,0.7891589403152466
4,1650635523.6407795,-130.1079559326172,-191.29989624023438,1499.935546875,-0.053153492510318756,0.9726009964942932,0.22632277011871338,-0.9733129739761353,-0.1011277586221695,0.20599773526191711,0.22324112057685852,-0.2093333899974823,0.9520204663276672
300,1650635523.6864204,-87.72816467285156,-98.60164642333984,1429.61865234375,-0.47931811213493347,0.775078535079956,0.41171276569366455,-0.6285825371742249,-0.6305609345436096,0.455276757478714,0.6124852299690247,-0.04057304933667183,0.7894400954246521
4,1650635523.6864464,-130.4793701171875,-190.2943115234375,1495.458984375,-0.059285204857587814,0.9744937419891357,0.21644210815429688,-0.9784094095230103,-0.09972971677780151,0.18102197349071503,0.19799049198627472,-0.20103707909584045,0.9593663811683655
300,1650635523.7143586,-87.7154769897461,-98.61141204833984,1429.59716796875,-0.47931283712387085,0.7754131555557251,0.41108831763267517,-0.628256618976593,-0.6302111744880676,0.4562099277973175,0.6128236055374146,-0.039601702243089676,0.789226770401001
4,1650635523.714384,-131.1732940673828,-189.56307983398438,1492.8392333984375,-0.06461190432310104,0.9746800065040588,0.21406593918800354,-0.9812731742858887,-0.10106321424245834,0.1639792025089264,0.18146143853664398,-0.1994621604681015,0.9629572033882141
300,1650635523.7492144,-87.70577239990234,-98.61186981201172,1429.6070556640625,-0.479282408952713,0.7752909064292908,0.41135427355766296,-0.6284141540527344,-0.6303343176841736,0.4558227062225342,0.6126859188079834,-0.040033020079135895,0.789311945438385
4,1650635523.749242,-132.14279174804688,-188.78221130371094,1490.3255615234375,-0.07072887569665909,0.9743574261665344,0.2136000394821167,-0.9835053086280823,-0.10385763645172119,0.14809100329875946,0.16647757589817047,-0.19960245490074158,0.9656314253807068
300,1650635523.793821,-87.73406219482422,-98.6026611328125,1429.5714111328125,-0.4792654812335968,0.7753146290779114,0.4113292992115021,-0.6284014582633972,-0.6303076148033142,0.4558770954608917,0.6127122044563293,-0.0399937629699707,0.7892935276031494
4,1650635523.79385,-132.9845733642578,-187.8875274658203,1487.5562744140625,-0.07925557345151901,0.9753585457801819,0.20589862763881683,-0.9855583310127258,-0.10767409950494766,0.13069473206996918,0.1496441811323166,-0.19256681203842163,0.9698064923286438
300,1650635523.8238966,-87.75342559814453,-98.5885238647461,1429.552001953125,-0.47922223806381226,0.7748920917510986,0.41217508912086487,-0.6283928155899048,-0.6307725310325623,0.4552454650402069,0.6127548217773438,-0.04084412381052971,0.7892168760299683
4,1650635523.8239222,-133.84254455566406,-187.35162353515625,1486.181640625,-0.08409842848777771,0.9745997786521912,0.20756375789642334,-0.9865034222602844,-0.11080113053321838,0.12055747956037521,0.14049360156059265,-0.194623664021492,0.9707642197608948
300,1650635523.8606517,-87.73826599121094,-98.58377075195312,1429.52392578125,-0.47934120893478394,0.7752212882041931,0.41141703724861145,-0.628403902053833,-0.6304163932800293,0.45572328567504883,0.612650454044342,-0.04008910059928894,0.789336621761322
4,1650635523.8606758,-134.6376190185547,-186.81951904296875,1484.8209228515625,-0.08913368731737137,0.9740692377090454,0.20795276761054993,-0.9871165156364441,-0.11424347758293152,0.11202407628297806,0.1328764408826828,-0.1952884942293167,0.9717027544975281
300,1650635523.9041278,-87.73026275634766,-98.58592987060547,1429.5084228515625,-0.47925588488578796,0.7751986384391785,0.4115591049194336,-0.628219485282898,-0.6304473876953125,0.4559346139431,0.6129062175750732,-0.040040116757154465,0.789140522480011
4,1650635523.9041555,-135.00418090820312,-186.52883911132812,1484.1322021484375,-0.09132850170135498,0.9736337065696716,0.2090371698141098,-0.9876103401184082,-0.11545752733945847,0.10627949982881546,0.12761221826076508,-0.19674092531204224,0.9721152782440186
300,1650635523.9318025,-87.7473373413086,-98.5654067993164,1429.516845703125,-0.47931650280952454,0.775038480758667,0.41179001331329346,-0.6284065842628479,-0.6306167244911194,0.45544230937957764,0.6126670241355896,-0.04047054424881935,0.7893043160438538
4,1650635523.9318275,-134.8291473388672,-186.51522827148438,1483.9783935546875,-0.09076176583766937,0.9740092754364014,0.20752893388271332,-0.987716555595398,-0.11465789377689362,0.10615845769643784,0.12719415128231049,-0.19534462690353394,0.9724516272544861
300,1650635523.9680758,-87.77078247070312,-98.55747985839844,1429.5091552734375,-0.4794810116291046,0.7749601006507874,0.4117460548877716,-0.6285848617553711,-0.6307036876678467,0.45507577061653137,0.6123552918434143,-0.04061715304851532,0.7895386219024658
4,1650635523.9681008,-134.44256591796875,-186.64488220214844,1484.110595703125,-0.08866032212972641,0.9746230840682983,0.20554594695568085,-0.9877181649208069,-0.11267943680286407,0.10824134945869446,0.1286553144454956,-0.1934247463941574,0.9726431369781494
300,1650635523.9960134,-87.76924896240234,-98.56453704833984,1429.4908447265625,-0.47949326038360596,0.7751488089561462,0.41137635707855225,-0.6284493207931519,-0.6305046677589417,0.45553848147392273,0.6124848127365112,-0.04010157659649849,0.7894644737243652
4,1650635523.9960394,-134.15509033203125,-186.7626190185547,1484.2769775390625,-0.0872715413570404,0.975123405456543,0.20375967025756836,-0.9876536130905151,-0.11140592396259308,0.11013203114271164,0.13009235262870789,-0.19163258373737335,0.9728067517280579
300,1650635524.0307214,-87.75298309326172,-98.56299591064453,1429.4788818359375,-0.479377806186676,0.7752417325973511,0.411335825920105,-0.6284000873565674,-0.6303966045379639,0.45575588941574097,0.6126257181167603,-0.040004193782806396,0.7893601059913635
4,1650635524.0307484,-133.8820037841797,-186.87112426757812,1484.4906005859375,-0.08564965426921844,0.9752594232559204,0.20379701256752014,-0.98764568567276,-0.11004931479692459,0.11155764013528824,0.1312253624200821,-0.19172435998916626,0.9726364612579346
300,1650635524.0761206,-87.74932098388672,-98.56022644042969,1429.4698486328125,-0.4794939458370209,0.7753034830093384,0.41108396649360657,-0.6283408403396606,-0.6303403973579407,0.45591530203819275,0.6125955581665039,-0.039692241698503494,0.789399266242981
4,1650635524.0761466,-133.62664794921875,-186.9936981201172,1484.7398681640625,-0.08393502980470657,0.9752485752105713,0.20456092059612274,-0.9875496029853821,-0.1088205873966217,0.11359508335590363,0.13304388523101807,-0.1924794465303421,0.9722402095794678
300,1650635524.1071687,-87.76337432861328,-98.5596923828125,1429.48779296875,-0.47938206791877747,0.7751310467720032,0.41153937578201294,-0.6284220814704895,-0.6305180788040161,0.45555755496025085,0.6125998497009277,-0.04023429751396179,0.7893685102462769
4,1650635524.1071951,-133.51828002929688,-187.05487060546875,1484.8729248046875,-0.0831027403473854,0.9755574464797974,0.2034248262643814,-0.9874675869941711,-0.10809554159641266,0.11499160528182983,0.13417023420333862,-0.1913193017244339,0.9723144173622131
300,1650635524.1376193,-87.77433776855469,-98.56792449951172,1429.546630859375,-0.4794701635837555,0.7752647995948792,0.411184698343277,-0.6284345984458923,-0.6303755044937134,0.45573750138282776,0.6125180125236511,-0.03989015892148018,0.7894494533538818
4,1650635524.1376467,-133.40191650390625,-187.09109497070312,1484.9493408203125,-0.08239386230707169,0.9757130146026611,0.20296645164489746,-0.9874616265296936,-0.10744369775056839,0.11565180122852325,0.13465043902397156,-0.19089257717132568,0.9723318815231323
300,1650635524.183754,-87.76717376708984,-98.57128143310547,1429.594482421875,-0.4794174134731293,0.7749554514884949,0.4118289053440094,-0.628531813621521,-0.6307076811790466,0.4551435112953186,0.6124595999717712,-0.04064382240176201,0.7894563674926758
4,1650635524.183781,-133.1262969970703,-187.12881469726562,1485.0615234375,-0.08079597353935242,0.9758008122444153,0.20318648219108582,-0.9877467155456543,-0.10569482296705246,0.11482622474431992,0.13352328538894653,-0.19141927361488342,0.9723837971687317
300,1650635524.2289162,-87.75811767578125,-98.56707763671875,1429.56201171875,-0.4792770743370056,0.7748785614967346,0.4121367037296295,-0.6284366250038147,-0.6307885646820068,0.45516279339790344,0.6126670241355896,-0.040852706879377365,0.7892845869064331
4,1650635524.2289429,-132.6407470703125,-187.20269775390625,1485.0391845703125,-0.07795923203229904,0.9760431051254272,0.20313109457492828,-0.9879287481307983,-0.10299059003591537,0.11571387946605682,0.13386233150959015,-0.19165809452533722,0.9722900986671448
300,1650635524.2763164,-87.75328063964844,-98.57064056396484,1429.53173828125,-0.47928765416145325,0.7751547694206238,0.41160470247268677,-0.628292977809906,-0.6304934024810791,0.4557696580886841,0.6128060817718506,-0.04016357287764549,0.7892119884490967
4,1650635524.2763402,-131.55503845214844,-187.33839416503906,1484.9755859375,-0.07144761085510254,0.9768645763397217,0.2015710473060608,-0.9883813858032227,-0.0965181365609169,0.11741596460342407,0.13415475189685822,-0.1908399760723114,0.9724107384681702
300,1650635524.3050883,-87.75533294677734,-98.56455993652344,1429.568603515625,-0.4792388677597046,0.7749282121658325,0.41208773851394653,-0.6285117864608765,-0.6307259202003479,0.45514583587646484,0.6126197576522827,-0.04087844491004944,0.7893199324607849
4,1650635524.3051136,-130.2732696533203,-187.4809112548828,1484.7999267578125,-0.06428985297679901,0.9782745242118835,0.19709329307079315,-0.9887863993644714,-0.08912237733602524,0.11982762813568115,0.13478973507881165,-0.18717946112155914,0.9730342030525208
300,1650635524.3394017,-87.76174926757812,-98.58698272705078,1429.569091796875,-0.47923406958580017,0.7751277089118958,0.41171807050704956,-0.6283318400382996,-0.6305169463157654,0.45568352937698364,0.612808108329773,-0.040316496044397354,0.7892026305198669
4,1650635524.3394291,-128.55824279785156,-187.65585327148438,1484.57275390625,-0.054805297404527664,0.9797040224075317,0.1928117871284485,-0.9895374774932861,-0.07910174876451492,0.12065863609313965,0.13346150517463684,-0.18418176472187042,0.9737890362739563
300,1650635524.3847566,-87.7632064819336,-98.59253692626953,1429.564208984375,-0.47922396659851074,0.7751740217208862,0.41164258122444153,-0.6283999085426331,-0.6304605007171631,0.4556678235530853,0.6127462387084961,-0.04030922055244446,0.7892510294914246
4,1650635524.3847828,-126.1688461303711,-187.75035095214844,1483.8585205078125,-0.04247915744781494,0.9822807312011719,0.18253777921199799,-0.9904773831367493,-0.06535188108682632,0.12117629498243332,0.13095833361148834,-0.17565207183361053,0.9757029414176941
300,1650635524.4160361,-87.75312042236328,-98.58525848388672,1429.5809326171875,-0.4792909026145935,0.7751849293708801,0.41154414415359497,-0.6283824443817139,-0.630454421043396,0.45570024847984314,0.6127117872238159,-0.04019412770867348,0.7892836332321167
4,1650635524.4160614,-124.55200958251953,-187.7484130859375,1483.340087890625,-0.03431006893515587,0.9839814305305481,0.17493808269500732,-0.9913715720176697,-0.05566639080643654,0.1186743751168251,0.1265115588903427,-0.16935692727565765,0.9774011969566345
300,1650635524.44932,-87.73855590820312,-98.58674621582031,1429.602783203125,-0.47936534881591797,0.7751004099845886,0.41161659359931946,-0.628441572189331,-0.6305494904518127,0.45548713207244873,0.612592875957489,-0.04033222049474716,0.7893688678741455
4,1650635524.4493597,-123.12479400634766,-187.73324584960938,1482.8348388671875,-0.027369366958737373,0.9854187369346619,0.16793100535869598,-0.9917913675308228,-0.04775981232523918,0.11861247569322586,0.12490330636501312,-0.16330616176128387,0.9786369204521179
300,1650635524.4920373,-87.74449920654297,-98.59728240966797,1429.634765625,-0.4792756736278534,0.7751299738883972,0.41166532039642334,-0.628542959690094,-0.6305035352706909,0.45541077852249146,0.6125590205192566,-0.0404820442199707,0.7893875241279602
4,1650635524.492065,-122.00992584228516,-187.66522216796875,1482.3837890625,-0.021099066361784935,0.9860534071922302,0.16508637368679047,-0.9924362897872925,-0.04063010215759277,0.11584223061800003,0.12093409895896912,-0.16139355301856995,0.9794524312019348
300,1650635524.5195506,-87.75122833251953,-98.58160400390625,1429.6646728515625,-0.47935378551483154,0.7752277851104736,0.4113900661468506,-0.6285967826843262,-0.6303974390029907,0.45548346638679504,0.612442672252655,-0.04026075080037117,0.7894890904426575
4,1650635524.5195773,-121.57823944091797,-187.6378631591797,1482.19140625,-0.018544994294643402,0.9864323139190674,0.16311781108379364,-0.9924157857894897,-0.03798973560333252,0.11690909415483475,0.12151970714330673,-0.15971261262893677,0.9796554446220398
300,1650635524.5570846,-87.7498550415039,-98.59195709228516,1429.630126953125,-0.47930386662483215,0.7751750349998474,0.41154760122299194,-0.6284894347190857,-0.6304592490196228,0.45554599165916443,0.6125918626785278,-0.04030836001038551,0.7893708944320679
4,1650635524.5571148,-121.08517456054688,-187.67027282714844,1482.1483154296875,-0.016553111374378204,0.9868584871292114,0.16073685884475708,-0.9926629066467285,-0.03547787293791771,0.11559253185987473,0.11977607011795044,-0.1576440930366516,0.9802051186561584
300,1650635524.6023917,-87.73763275146484,-98.59803009033203,1429.5906982421875,-0.4792766869068146,0.7755008935928345,0.4109649956226349,-0.6282943487167358,-0.6301087737083435,0.456299364566803,0.6128132343292236,-0.039513327181339264,0.7892392873764038
4,1650635524.602418,-120.83036804199219,-187.75546264648438,1482.319580078125,-0.014981276355683804,0.9869595766067505,0.16026964783668518,-0.9925186634063721,-0.03410288318991661,0.11723348498344421,0.12117036432027817,-0.15731431543827057,0.9800866842269897
300,1650635524.6317248,-87.74015045166016,-98.59915161132812,1429.596435546875,-0.4792402386665344,0.7753252983093262,0.4113386273384094,-0.6282733082771301,-0.6303023099899292,0.4560610353946686,0.6128633618354797,-0.039870284497737885,0.7891824245452881
4,1650635524.6317508,-120.81729888916016,-187.81802368164062,1482.503662109375,-0.014916341751813889,0.9869948029518127,0.16005852818489075,-0.9924156069755554,-0.03414857015013695,0.11808961629867554,0.12201961129903793,-0.15708310902118683,0.9800184369087219
300,1650635524.6672723,-87.74140167236328,-98.59667205810547,1429.602294921875,-0.4793490469455719,0.7756046652793884,0.410684734582901,-0.6283971071243286,-0.6299920678138733,0.45631900429725647,0.6126512885093689,-0.03933700919151306,0.7893738150596619
4,1650635524.6672988,-121.03838348388672,-187.87664794921875,1482.7138671875,-0.01593826524913311,0.9867832660675049,0.161259725689888,-0.9921228289604187,-0.03564944118261337,0.12008923292160034,0.1242508664727211,-0.15807543694972992,0.97957843542099
300,1650635524.709934,-87.75662231445312,-98.59967041015625,1429.630126953125,-0.4793628752231598,0.7754006385803223,0.4110535979270935,-0.6284508109092712,-0.6302160620689392,0.45593559741973877,0.6125853657722473,-0.039768390357494354,0.7894033789634705
4,1650635524.7099607,-121.66739654541016,-187.93679809570312,1483.016357421875,-0.019162727519869804,0.9864777326583862,0.1627710461616516,-0.9916568398475647,-0.03950938582420349,0.12270167469978333,0.12747345864772797,-0.1590617299079895,0.9790045619010925
300,1650635524.7374785,-87.75237274169922,-98.58779907226562,1429.63623046875,-0.47937604784965515,0.7751693725585938,0.4114742875099182,-0.6285861730575562,-0.630464494228363,0.4554052948951721,0.6124361753463745,-0.04033663868904114,0.789490282535553
4,1650635524.7375042,-122.42184448242188,-187.953369140625,1483.3226318359375,-0.022768836468458176,0.9858883619308472,0.16584846377372742,-0.9914001822471619,-0.04364989697933197,0.12337104976177216,0.12886935472488403,-0.16161316633224487,0.9784037470817566
300,1650635524.7749372,-87.75444030761719,-98.59856414794922,1429.623779296875,-0.47920575737953186,0.7750970125198364,0.4118088185787201,-0.6285112500190735,-0.6305370330810547,0.4554082751274109,0.6126462817192078,-0.04059222340583801,0.7893141508102417
4,1650635524.7749639,-123.7449722290039,-188.00595092773438,1483.839599609375,-0.02893368899822235,0.9845623970031738,0.17262594401836395,-0.9908766150474548,-0.05099248141050339,0.12475276738405228,0.13162951171398163,-0.1674414575099945,0.9770553112030029
300,1650635524.8011906,-87.75312805175781,-98.60132598876953,1429.6396484375,-0.4792441129684448,0.7752608060836792,0.4114556610584259,-0.6284151077270508,-0.6303648352622986,0.45577913522720337,0.6127148866653442,-0.04013548046350479,0.7892842292785645
4,1650635524.8012183,-124.68550109863281,-188.05007934570312,1484.3275146484375,-0.03334423899650574,0.98348468542099,0.17789326608181,-0.9906938672065735,-0.05602573975920677,0.12404362112283707,0.13196159899234772,-0.17210163176059723,0.9762003421783447
300,1650635524.8362594,-87.75302124023438,-98.60064697265625,1429.5999755859375,-0.47924676537513733,0.775471568107605,0.4110552668571472,-0.6283337473869324,-0.6301366686820984,0.45620664954185486,0.6127962470054626,-0.03964434191584587,0.7892459034919739
4,1650635524.836286,-125.85977935791016,-188.09371948242188,1484.8719482421875,-0.038984257727861404,0.9820224046707153,0.18469494581222534,-0.9902986288070679,-0.06264086812734604,0.12403521686792374,0.13337481021881104,-0.17806772887706757,0.9749374389648438
300,1650635524.8640952,-87.75428009033203,-98.59201049804688,1429.608154296875,-0.4793761968612671,0.7753100991249084,0.4112088978290558,-0.6284492015838623,-0.6303175687789917,0.4557974934577942,0.6125766038894653,-0.03992544487118721,0.7894022464752197
4,1650635524.8641195,-126.69880676269531,-188.13743591308594,1485.2430419921875,-0.0427146814763546,0.9811870455741882,0.18827499449253082,-0.9895530343055725,-0.06752119958400726,0.12738005816936493,0.13769620656967163,-0.18086709082126617,0.9738207459449768
300,1650635524.8976204,-87.7647705078125,-98.5907974243164,1429.629150390625,-0.4793325960636139,0.7751867175102234,0.41149216890335083,-0.6285083889961243,-0.6304472088813782,0.45553654432296753,0.6125499606132507,-0.040272776037454605,0.7894052267074585
4,1650635524.8976471,-127.64606475830078,-188.18453979492188,1485.66064453125,-0.047296781092882156,0.9801419377326965,0.19257405400276184,-0.9888271689414978,-0.07322648912668228,0.12984104454517365,0.1413641721010208,-0.1842813938856125,0.972654402256012
300,1650635524.9431045,-87.75846099853516,-98.59812927246094,1429.5950927734375,-0.47933244705200195,0.775362491607666,0.41116106510162354,-0.62836754322052,-0.6302616596221924,0.45598742365837097,0.6126945614814758,-0.03979068994522095,0.7893174886703491
4,1650635524.9431314,-129.0264129638672,-188.25108337402344,1486.455078125,-0.05388164520263672,0.9786462187767029,0.19836415350437164,-0.9879077076911926,-0.08116713911294937,0.13209959864616394,0.1453794240951538,-0.18884772062301636,0.971185564994812
300,1650635524.9725165,-87.7533187866211,-98.59125518798828,1429.600830078125,-0.4793103039264679,0.7752646207809448,0.4113714098930359,-0.6283887624740601,-0.6303671598434448,0.4558122456073761,0.6126901507377625,-0.04002566263079643,0.789309024810791
4,1650635524.972542,-130.0403289794922,-188.28163146972656,1487.0623779296875,-0.05824851989746094,0.9772456288337708,0.20395617187023163,-0.9871528148651123,-0.08683169633150101,0.13412541151046753,0.14878332614898682,-0.19352330267429352,0.9697485566139221
300,1650635525.0081675,-87.7419204711914,-98.5907974243164,1429.5780029296875,-0.47954368591308594,0.7753803133964539,0.41088104248046875,-0.6284000873565674,-0.6302549242973328,0.45595183968544006,0.6124958992004395,-0.039548832923173904,0.7894837856292725
4,1650635525.0081959,-131.0800018310547,-188.29391479492188,1487.6337890625,-0.06358285993337631,0.975990355014801,0.20832671225070953,-0.9863876700401306,-0.09318022429943085,0.13548746705055237,0.15164639055728912,-0.19687621295452118,0.9686294794082642
300,1650635525.0340812,-87.75077819824219,-98.5942611694336,1429.5892333984375,-0.47944915294647217,0.7753695249557495,0.411011666059494,-0.628470778465271,-0.6302555203437805,0.45585355162620544,0.6124973297119141,-0.03975023329257965,0.7894725799560547
4,1650635525.0341074,-131.8248748779297,-188.3106689453125,1488.096435546875,-0.06691982597112656,0.9748563766479492,0.21254827082157135,-0.9859057068824768,-0.09734483063220978,0.13606597483158112,0.15333525836467743,-0.20044703781604767,0.9676307439804077
300,1650635525.0711966,-87.75631713867188,-98.59355163574219,1429.6026611328125,-0.47932711243629456,0.7750968933105469,0.4116677939891815,-0.6283319592475891,-0.6305578351020813,0.45562678575515747,0.6127352714538574,-0.04026976227760315,0.7892615795135498
4,1650635525.071224,-132.55738830566406,-188.33163452148438,1488.5416259765625,-0.07085032016038895,0.9741247892379761,0.2146184891462326,-0.9851502776145935,-0.10206965357065201,0.13806064426898956,0.1563943326473236,-0.20164982974529266,0.9668909907341003
300,1650635525.1150897,-87.75586700439453,-98.591552734375,1429.612060546875,-0.47938916087150574,0.7749764323234558,0.41182228922843933,-0.6286060810089111,-0.6306774616241455,0.4550827145576477,0.6124054193496704,-0.04071229696273804,0.7894948720932007
4,1650635525.1151166,-133.32931518554688,-188.37939453125,1489.16650390625,-0.07424484938383102,0.9728022813796997,0.219416081905365,-0.984499454498291,-0.10655815154314041,0.13930608332157135,0.15889784693717957,-0.2056722640991211,0.9656347036361694
300,1650635525.1412737,-87.75200653076172,-98.58624267578125,1429.5948486328125,-0.47938522696495056,0.7750269770622253,0.41173163056373596,-0.6284950375556946,-0.6306286454200745,0.45530375838279724,0.6125224828720093,-0.04050539806485176,0.7894147038459778
4,1650635525.1413,-133.61013793945312,-188.41331481933594,1489.4427490234375,-0.07536196708679199,0.9721227288246155,0.2220315933227539,-0.9841957092285156,-0.1082983911037445,0.14010797441005707,0.160247802734375,-0.2079637348651886,0.9649205803871155
300,1650635525.1765096,-87.75379943847656,-98.60150909423828,1429.53466796875,-0.47925782203674316,0.7753109931945801,0.41134509444236755,-0.6282808184623718,-0.6303189992904663,0.4560275971889496,0.6128418445587158,-0.03988543525338173,0.7891983389854431
4,1650635525.176536,-133.7515411376953,-188.47360229492188,1489.6397705078125,-0.07591903209686279,0.9719653129577637,0.22253037989139557,-0.9837678670883179,-0.10940577834844589,0.1422363668680191,0.16259491443634033,-0.20811979472637177,0.9644941687583923
300,1650635525.2024543,-87.74825286865234,-98.59400177001953,1429.5623779296875,-0.47926193475723267,0.7750797867774963,0.41177576780319214,-0.6283336281776428,-0.6305718421936035,0.45560503005981445,0.6127845048904419,-0.040378425270318985,0.7892178297042847
4,1650635525.2024806,-133.77374267578125,-188.5149688720703,1489.78955078125,-0.0754108801484108,0.9713557958602905,0.22534653544425964,-0.9838736057281494,-0.10923995077610016,0.14163118600845337,0.16219112277030945,-0.211031973361969,0.9639292359352112
300,1650635525.2381344,-87.75181579589844,-98.58658599853516,1429.59375,-0.47916164994239807,0.7746541500091553,0.41269251704216003,-0.6286135315895081,-0.6310156583786011,0.4546034038066864,0.6125758290290833,-0.04159558191895485,0.7893165349960327
4,1650635525.2381608,-133.7772979736328,-188.53280639648438,1489.793212890625,-0.07457124441862106,0.9711465239524841,0.2265249341726303,-0.9838694930076599,-0.10868964344263077,0.14208237826824188,0.1626037210226059,-0.2122756987810135,0.9635865688323975
300,1650635525.2835507,-87.75727081298828,-98.591064453125,1429.595458984375,-0.47925660014152527,0.7750027775764465,0.4119269847869873,-0.6284950971603394,-0.6306459903717041,0.4552796185016632,0.6126230955123901,-0.040698327124118805,0.7893266677856445
4,1650635525.283583,-133.67575073242188,-188.5120391845703,1489.6693115234375,-0.0736892819404602,0.9711411595344543,0.22683630883693695,-0.9841454029083252,-0.10760816186666489,0.14099043607711792,0.16133105754852295,-0.2128504365682602,0.9636737108230591
300,1650635525.3159516,-87.75804138183594,-98.58636474609375,1429.5906982421875,-0.47928062081336975,0.7750278115272522,0.4118518829345703,-0.6285711526870728,-0.6306150555610657,0.45521754026412964,0.6125262379646301,-0.04070126637816429,0.789401650428772
4,1650635525.3159778,-133.5495147705078,-188.49195861816406,1489.5313720703125,-0.07267294079065323,0.9711487293243408,0.22713176906108856,-0.9842798113822937,-0.10659149289131165,0.1408243477344513,0.16097168624401093,-0.213327094912529,0.9636284112930298
300,1650635525.3903892,-87.7465591430664,-98.58602142333984,1429.6011962890625,-0.47931575775146484,0.7749744653701782,0.41191139817237854,-0.6285446286201477,-0.6306782960891724,0.4551664888858795,0.612525999546051,-0.040736205875873566,0.789400041103363
4,1650635525.3904145,-133.16822814941406,-188.51638793945312,1489.433349609375,-0.07132897526025772,0.9719834923744202,0.22396492958068848,-0.9845448136329651,-0.1046142578125,0.14045396447181702,0.15994885563850403,-0.2104850858449936,0.9644233584403992
300,1650635525.4198856,-87.7489013671875,-98.58149719238281,1429.5966796875,-0.4792676866054535,0.7748103737831116,0.41227588057518005,-0.6285781264305115,-0.6308537721633911,0.45487695932388306,0.6125291585922241,-0.04113977774977684,0.7893766760826111
4,1650635525.4199133,-133.16256713867188,-188.5198974609375,1489.4541015625,-0.07180853933095932,0.9723484516143799,0.22222064435482025,-0.9844690561294556,-0.10487915575504303,0.14078707993030548,0.16020040214061737,-0.20865963399410248,0.9647781848907471
300,1650635525.4527063,-87.74385833740234,-98.59593200683594,1429.5582275390625,-0.47935453057289124,0.7752402424812317,0.4113657474517822,-0.6284283995628357,-0.6303947567939758,0.4557195007801056,0.6126148700714111,-0.040062714368104935,0.7893655300140381
4,1650635525.45273,-133.3026885986328,-188.50411987304688,1489.4976806640625,-0.07240665704011917,0.9720059633255005,0.22352111339569092,-0.9843601584434509,-0.105730801820755,0.14091169834136963,0.16060008108615875,-0.20982232689857483,0.9644595384597778
300,1650635525.4965408,-87.75711059570312,-98.58917999267578,1429.6005859375,-0.4792240262031555,0.7750380039215088,0.4118986129760742,-0.6285010576248169,-0.6306042671203613,0.45532914996147156,0.6126424074172974,-0.04067405313253403,0.7893128991127014
4,1650635525.4965668,-133.6537628173828,-188.48336791992188,1489.64111328125,-0.07393847405910492,0.9715591669082642,0.22495761513710022,-0.9841861128807068,-0.10749829560518265,0.14078979194164276,0.16096816956996918,-0.21099038422107697,0.9641432762145996
300,1650635525.522764,-87.74568176269531,-98.58152770996094,1429.615478515625,-0.4792928397655487,0.7745847105979919,0.41267043352127075,-0.6288684010505676,-0.6310845613479614,0.4541550278663635,0.6122114658355713,-0.04184214770793915,0.7895861864089966
4,1650635525.52279,-133.84963989257812,-188.4833526611328,1489.7078857421875,-0.0745164006948471,0.9713210463523865,0.22579364478588104,-0.9839401245117188,-0.10844303667545319,0.14178131520748138,0.1622009128332138,-0.21160240471363068,0.9638025164604187
300,1650635525.563318,-87.75279235839844,-98.59860229492188,1429.567626953125,-0.4793175160884857,0.7753180265426636,0.41126230359077454,-0.6285297870635986,-0.6302992701530457,0.4557117223739624,0.6125398278236389,-0.04005999490618706,0.789423942565918
4,1650635525.5633419,-134.16513061523438,-188.49810791015625,1489.9342041015625,-0.0750737190246582,0.9706289172172546,0.22856836020946503,-0.9837489128112793,-0.10958193987607956,0.14223189651966095,0.16310134530067444,-0.2141759991645813,0.9630818367004395
300,1650635525.6068242,-87.74610137939453,-98.5882797241211,1429.60107421875,-0.4793129563331604,0.774919867515564,0.4120173156261444,-0.6287645697593689,-0.6307237148284912,0.454799622297287,0.6123023629188538,-0.041070546954870224,0.7895562052726746
4,1650635525.6068506,-134.81703186035156,-188.5007781982422,1490.326904296875,-0.07609152793884277,0.968726396560669,0.23617638647556305,-0.9836950898170471,-0.11164232343435287,0.1409963220357895,0.16295413672924042,-0.22159692645072937,0.9614264369010925
300,1650635525.6363869,-87.74923706054688,-98.60407257080078,1429.603515625,-0.4792625904083252,0.7750850915908813,0.41176512837409973,-0.6286098957061768,-0.630547821521759,0.4552570879459381,0.6125005483627319,-0.04065195843577385,0.7894241213798523
4,1650635525.6364126,-135.33811950683594,-188.48883056640625,1490.440673828125,-0.07767035067081451,0.967919647693634,0.23895372450351715,-0.9834461212158203,-0.11373946070671082,0.1410568207502365,0.16371013224124908,-0.22404217720031738,0.960731029510498
300,1650635525.6699307,-87.75587463378906,-98.60623168945312,1429.57470703125,-0.47912317514419556,0.7753074169158936,0.4115086495876312,-0.6282739043235779,-0.6303136348724365,0.4560445547103882,0.6129542589187622,-0.04003861919045448,0.7891033291816711
4,1650635525.6699545,-135.991943359375,-188.54190063476562,1490.7586669921875,-0.07864261418581009,0.9659302234649658,0.24656474590301514,-0.9833763837814331,-0.11577049642801285,0.13988590240478516,0.16366495192050934,-0.2314649522304535,0.958977460861206
300,1650635525.714061,-87.74503326416016,-98.59850311279297,1429.615234375,-0.4791754186153412,0.7747228145599365,0.4125474989414215,-0.6287091374397278,-0.6309345364570618,0.4545837938785553,0.6124669313430786,-0.04154699668288231,0.7894036769866943
4,1650635525.7140875,-136.82229614257812,-189.02247619628906,1491.1676025390625,-0.07758276164531708,0.9633199572563171,0.256896048784256,-0.9837329387664795,-0.11584075540304184,0.13729675114154816,0.1620197296142578,-0.24206523597240448,0.9566368460655212
300,1650635525.7401054,-87.75067901611328,-98.61094665527344,1429.5902099609375,-0.4791533946990967,0.7752241492271423,0.4116303622722626,-0.6283187866210938,-0.6304051876068115,0.4558561146259308,0.6128845810890198,-0.040210094302892685,0.7891486883163452
4,1650635525.7401316,-137.00010681152344,-189.50015258789062,1491.3192138671875,-0.07576878368854523,0.9637089371681213,0.2559768259525299,-0.9836264252662659,-0.11433665454387665,0.13930587470531464,0.16351786255836487,-0.2412305325269699,0.9565927982330322
300,1650635525.7789752,-87.74754333496094,-98.60092163085938,1429.629638671875,-0.4792434871196747,0.774713397026062,0.41248616576194763,-0.6287151575088501,-0.6309496164321899,0.4545545279979706,0.6124075055122375,-0.041494011878967285,0.7894525527954102
4,1650635525.779004,-136.9538116455078,-190.05386352539062,1491.6766357421875,-0.07132000476121902,0.963979184627533,0.256237268447876,-0.9841104745864868,-0.10988269746303558,0.13947178423404694,0.1626039445400238,-0.24221864342689514,0.9564988613128662
300,1650635525.8240964,-87.75199890136719,-98.60933685302734,1429.5748291015625,-0.4792519807815552,0.775287389755249,0.41139641404151917,-0.6283705830574036,-0.6303388476371765,0.4558764696121216,0.6127544045448303,-0.040029700845479965,0.7892588973045349
4,1650635525.824123,-136.862060546875,-190.0559844970703,1491.9666748046875,-0.06872758269309998,0.964286208152771,0.25579026341438293,-0.983793318271637,-0.10807127505540848,0.1430777758359909,0.16561150550842285,-0.2418113648891449,0.9560858011245728
300,1650635525.8854997,-87.75322723388672,-98.61194610595703,1429.6524658203125,-0.47916004061698914,0.7748897671699524,0.41225171089172363,-0.6286925673484802,-0.6307504177093506,0.454862117767334,0.6124959588050842,-0.04122782126069069,0.7893978357315063
4,1650635525.885526,-136.96603393554688,-190.1812744140625,1492.31982421875,-0.06760099530220032,0.9635910391807556,0.2586935758590698,-0.9839113354682922,-0.10736358910799026,0.14279910922050476,0.16537420451641083,-0.24487817287445068,0.9553460478782654
300,1650635525.9268012,-87.7410659790039,-98.60914611816406,1429.6220703125,-0.479167640209198,0.7749661207199097,0.41209933161735535,-0.6285890340805054,-0.6306736469268799,0.45511162281036377,0.6125962734222412,-0.04096636548638344,0.7893335819244385
4,1650635525.9268289,-137.1494903564453,-190.0448760986328,1492.44482421875,-0.06799572706222534,0.9638990759849548,0.25743958353996277,-0.983760416507721,-0.10773766785860062,0.14355497062206268,0.16610844433307648,-0.24349774420261383,0.9555714726448059
300,1650635525.9545991,-87.75558471679688,-98.6189956665039,1429.650146484375,-0.4791935682296753,0.7749148607254028,0.4121655821800232,-0.6284915804862976,-0.6307386755943298,0.4551560878753662,0.6126759648323059,-0.040934737771749496,0.7892733812332153
4,1650635525.9546232,-137.41119384765625,-189.94078063964844,1492.7225341796875,-0.066715307533741,0.9635328054428101,0.25914013385772705,-0.9838591814041138,-0.1067482978105545,0.14361736178398132,0.16604281961917877,-0.24537590146064758,0.9551023244857788
300,1650635525.9883907,-87.7523422241211,-98.6184310913086,1429.64013671875,-0.479165643453598,0.774950385093689,0.41213127970695496,-0.6284145712852478,-0.630702555179596,0.45531243085861206,0.6127767562866211,-0.040819235146045685,0.7892011404037476
4,1650635525.9884176,-137.5640411376953,-189.98193359375,1492.8544921875,-0.06637442111968994,0.9630358815193176,0.2610677480697632,-0.983842134475708,-0.106768898665905,0.14371874928474426,0.16628022491931915,-0.24731022119522095,0.9545619487762451
300,1650635526.014318,-87.75288391113281,-98.61601257324219,1429.649169921875,-0.479183554649353,0.7749385833740234,0.41213259100914,-0.6285120248794556,-0.6307103633880615,0.45516708493232727,0.6126628518104553,-0.04092170670628548,0.7892842888832092
4,1650635526.0143452,-137.76072692871094,-189.79588317871094,1492.865234375,-0.06662077456712723,0.9629379510879517,0.2613658607006073,-0.9837738275527954,-0.10712599009275436,0.14392052590847015,0.16658562421798706,-0.2475367933511734,0.9544499516487122
300,1650635526.0499182,-87.75082397460938,-98.61583709716797,1429.6260986328125,-0.4793972671031952,0.7752665877342224,0.41126635670661926,-0.6284303665161133,-0.6303685307502747,0.455752968788147,0.6125794053077698,-0.03996555879712105,0.7893980145454407
4,1650635526.0499449,-137.98651123046875,-189.26364135742188,1492.9285888671875,-0.06542900204658508,0.9636860489845276,0.2588980793952942,-0.9836827516555786,-0.10586681962013245,0.14546649158000946,0.16759274899959564,-0.24515585601329803,0.954888105392456
300,1650635526.0954885,-87.75445556640625,-98.59693145751953,1429.6143798828125,-0.47923949360847473,0.7748479843139648,0.41223788261413574,-0.6286303400993347,-0.6308066248893738,0.45487019419670105,0.6124976277351379,-0.04115349426865578,0.7894003987312317
4,1650635526.095546,-138.15187072753906,-188.5174560546875,1493.065673828125,-0.06247410923242569,0.9637742042541504,0.259299635887146,-0.9838660955429077,-0.10311197489500046,0.14620345830917358,0.16764400899410248,-0.24598218500614166,0.9546665549278259
300,1650635526.121246,-87.75804901123047,-98.60496520996094,1429.6175537109375,-0.47933995723724365,0.7752026319503784,0.4114536643028259,-0.6285699009895325,-0.6304261088371277,0.4554809033870697,0.6124811172485352,-0.04029717296361923,0.7894574403762817
4,1650635526.121273,-138.04849243164062,-188.1366424560547,1493.124267578125,-0.06101979687809944,0.963990330696106,0.2588421106338501,-0.9842551350593567,-0.10121168196201324,0.14490696787834167,0.1658867597579956,-0.24592448770999908,0.9549883604049683
300,1650635526.160558,-87.7605972290039,-98.6047134399414,1429.66845703125,-0.4793030023574829,0.7748939394950867,0.41207772493362427,-0.6285443902015686,-0.6307663917541504,0.45504477620124817,0.6125361919403076,-0.04090481251478195,0.7893834710121155
4,1650635526.1605847,-137.5907440185547,-188.269287109375,1492.977294921875,-0.059654634445905685,0.9641559720039368,0.2585431933403015,-0.9845466613769531,-0.09955059736967087,0.1440747082233429,0.1646486222743988,-0.24595311284065247,0.9551951885223389
300,1650635526.205821,-87.74372863769531,-98.6070785522461,1429.60546875,-0.47940537333488464,0.7752036452293396,0.4113754630088806,-0.6286782026290894,-0.6304225325584412,0.4553362727165222,0.6123186945915222,-0.0403321236371994,0.7895815968513489
4,1650635526.2058494,-137.23060607910156,-189.1409149169922,1492.65185546875,-0.061415597796440125,0.9642862677574158,0.2576434910297394,-0.9841155409812927,-0.10157965123653412,0.14559581875801086,0.1665673851966858,-0.24460910260677338,0.9552076458930969
300,1650635526.2320435,-87.76246643066406,-98.61065673828125,1429.6302490234375,-0.4791037440299988,0.7749130725860596,0.4122733771800995,-0.6283543109893799,-0.6307432055473328,0.45533931255340576,0.6128870248794556,-0.040898971259593964,0.7891113758087158
4,1650635526.2320685,-137.45513916015625,-189.61671447753906,1492.7056884765625,-0.06492214649915695,0.9627583026885986,0.26245296001434326,-0.9839050769805908,-0.10563704371452332,0.14412380754947662,0.166481152176857,-0.24887195229530334,0.954120934009552
300,1650635526.269119,-87.75116729736328,-98.60578155517578,1429.6484375,-0.4792785048484802,0.7750247716903687,0.41186007857322693,-0.6286587119102478,-0.6306124329566956,0.45510023832321167,0.6124380230903625,-0.04079963639378548,0.7894650101661682
4,1650635526.2691429,-137.93142700195312,-190.09422302246094,1492.83837890625,-0.07038714736700058,0.9607841968536377,0.268215149641037,-0.983331561088562,-0.11201942712068558,0.143215611577034,0.16764460504055023,-0.2536638677120209,0.9526541233062744
300,1650635526.312913,-87.75191497802734,-98.62135314941406,1429.6263427734375,-0.4791567325592041,0.7752534747123718,0.411571204662323,-0.6281901001930237,-0.6303813457489014,0.45606645941734314,0.6130139231681824,-0.040017642080783844,0.7890580296516418
4,1650635526.31294,-138.50790405273438,-190.00494384765625,1493.2596435546875,-0.07317882031202316,0.9600375890731812,0.27013465762138367,-0.9826124906539917,-0.1157480999827385,0.14517240226268768,0.1706385314464569,-0.25481414794921875,0.9518152475357056
