4,1650637007.7500148,-105.31417846679688,-102.36773681640625,1418.86181640625,-0.3388184607028961,0.5976817607879639,-0.7266213297843933,-0.30381840467453003,-0.8004307746887207,-0.5167252421379089,-0.8904473185539246,0.04568489268422127,0.4527874290943146
300,1650637007.7500405,-55.29234313964844,-188.03944396972656,1537.5516357421875,-0.060206495225429535,0.794061541557312,0.6048482656478882,-0.6968786120414734,-0.46726927161216736,0.5440768599510193,0.7146575450897217,-0.3887488543987274,0.5814971327781677
4,1650637007.7806702,-104.93512725830078,-102.48455810546875,1418.904541015625,-0.3367367386817932,0.5973176956176758,-0.7278873324394226,-0.3052954375743866,-0.8005328178405762,-0.5156955122947693,-0.8907317519187927,0.0485670305788517,0.45192718505859375
300,1650637007.7806952,-55.28962707519531,-188.02793884277344,1537.525146484375,-0.060174454003572464,0.7940506339073181,0.6048657298088074,-0.6971168518066406,-0.4671337306499481,0.5438880324363708,0.7144278287887573,-0.3889339566230774,0.5816556215286255
4,1650637007.8269064,-104.50458526611328,-102.73582458496094,1418.8798828125,-0.33523374795913696,0.593420147895813,-0.731758713722229,-0.3054454028606415,-0.803207278251648,-0.511430561542511,-0.8912471532821655,0.052063580602407455,0.4505196511745453
300,1650637007.8269336,-55.296875,-188.04397583007812,1537.486572265625,-0.06040048226714134,0.7946344614028931,0.6040760278701782,-0.6965674161911011,-0.467017263174057,0.5446913838386536,0.7149444818496704,-0.3878800570964813,0.5817245244979858
4,1650637007.8727849,-104.1926040649414,-102.53059387207031,1418.92578125,-0.33325281739234924,0.5901097059249878,-0.7353319525718689,-0.30143406987190247,-0.8056650161743164,-0.5099424719810486,-0.893353283405304,0.05171435698866844,0.44636932015419006
300,1650637007.872819,-55.30236053466797,-188.06402587890625,1537.59326171875,-0.06032687798142433,0.7948896884918213,0.6037474870681763,-0.6964423656463623,-0.46681880950927734,0.5450212955474854,0.715072512626648,-0.38759592175483704,0.581756591796875
4,1650637007.9021354,-104.05545043945312,-102.24446868896484,1418.8802490234375,-0.3334549069404602,0.5898017883300781,-0.7354873418807983,-0.29990118741989136,-0.8059742450714111,-0.5103575587272644,-0.8937936425209045,0.05039229243993759,0.4456383287906647
300,1650637007.902161,-55.28083038330078,-188.03480529785156,1537.5162353515625,-0.06036483868956566,0.7943339943885803,0.604474663734436,-0.6969146132469177,-0.4670819938182831,0.5441914796829224,0.7146090269088745,-0.38841718435287476,0.581778347492218
4,1650637007.9400291,-103.5722427368164,-102.4993667602539,1418.8690185546875,-0.3301762640476227,0.5880156755447388,-0.7383909821510315,-0.3006545901298523,-0.80703204870224,-0.5082381963729858,-0.8947572112083435,0.0541924387216568,0.44325244426727295
300,1650637007.9400542,-55.29673385620117,-188.04696655273438,1537.5185546875,-0.060362931340932846,0.794317364692688,0.6044967174530029,-0.6966780424118042,-0.4672246277332306,0.544372022151947,0.7148398756980896,-0.38827967643737793,0.581586480140686
4,1650637007.9838424,-103.12080383300781,-103.11161804199219,1418.8995361328125,-0.3297419250011444,0.5839325785636902,-0.7418173551559448,-0.3027695417404175,-0.8096685409545898,-0.5027598738670349,-0.8942040205001831,0.05881870537996292,0.4437786638736725
300,1650637007.983869,-55.281410217285156,-188.04849243164062,1537.467529296875,-0.060332849621772766,0.7946968674659729,0.6040006875991821,-0.6968884468078613,-0.46675366163253784,0.5445066690444946,0.714637279510498,-0.3880694806575775,0.5819756388664246
4,1650637008.010117,-102.68169403076172,-103.3525390625,1418.9261474609375,-0.32859310507774353,0.5774492621421814,-0.7473813891410828,-0.301308274269104,-0.8140654563903809,-0.4964984655380249,-0.8951200246810913,0.062046218663454056,0.44148653745651245
300,1650637008.0101428,-55.267127990722656,-188.06661987304688,1537.5018310546875,-0.06044958904385567,0.7947583794593811,0.6039080619812012,-0.6966812610626221,-0.4668677747249603,0.5446739196777344,0.7148293852806091,-0.38780614733695984,0.5819152593612671
4,1650637008.048078,-102.57777404785156,-102.9790267944336,1418.8460693359375,-0.3278791010379791,0.577465832233429,-0.7476820945739746,-0.2979981005191803,-0.8142467141151428,-0.4981961250305176,-0.8964889645576477,0.05945974960923195,0.43905821442604065
300,1650637008.0481052,-55.26112365722656,-188.05221557617188,1537.4703369140625,-0.06027177721261978,0.7941811084747314,0.6046847701072693,-0.6969023942947388,-0.46718069911003113,0.5441224575042725,0.7146288156509399,-0.3886110484600067,0.5816245675086975
4,1650637008.0938816,-102.85159301757812,-101.71805572509766,1418.7391357421875,-0.329008013010025,0.5830667614936829,-0.742823600769043,-0.29103824496269226,-0.8109344840049744,-0.5076239109039307,-0.8983598947525024,0.04917772486805916,0.4364986717700958
300,1650637008.0939074,-55.2879638671875,-188.08389282226562,1537.508544921875,-0.06049079820513725,0.7948710918426514,0.6037555932998657,-0.6965380907058716,-0.4668639004230499,0.544860303401947,0.7149654030799866,-0.3875797688961029,0.5818989872932434
4,1650637008.1397545,-102.36502838134766,-101.15719604492188,1418.7100830078125,-0.32766658067703247,0.5810512900352478,-0.7449926137924194,-0.2858547270298004,-0.8125373125076294,-0.5080061554908752,-0.9005119204521179,0.04650301858782768,0.43233755230903625
300,1650637008.1397812,-55.268795013427734,-188.05751037597656,1537.547607421875,-0.060340676456689835,0.793985903263092,0.6049341559410095,-0.6972416639328003,-0.46720531582832336,0.5436664819717407,0.7142919898033142,-0.38898012042045593,0.5817915797233582
4,1650637008.169329,-102.13294982910156,-101.50028991699219,1418.765869140625,-0.3282426595687866,0.577619194984436,-0.7474040389060974,-0.2837986648082733,-0.8149934411048889,-0.5052167773246765,-0.9009523391723633,0.04627857357263565,0.4314431846141815
300,1650637008.169354,-55.24815368652344,-188.06944274902344,1537.4617919921875,-0.06029690057039261,0.7943702340126038,0.6044338345527649,-0.696815550327301,-0.46706998348236084,0.5443286895751953,0.7147113680839539,-0.38835757970809937,0.5816923975944519
4,1650637008.2071927,-101.90959167480469,-102.01465606689453,1418.7989501953125,-0.32767269015312195,0.5731759071350098,-0.7510659098625183,-0.2829296290874481,-0.8180021643638611,-0.5008226037025452,-0.901432991027832,0.04839291051030159,0.43020540475845337
300,1650637008.2072184,-55.24796676635742,-188.09982299804688,1537.5333251953125,-0.06038607656955719,0.7944995760917664,0.6042548418045044,-0.6965377330780029,-0.46714791655540466,0.5446172952651978,0.7149746417999268,-0.3879989981651306,0.5816081762313843
4,1650637008.2528107,-102.07939910888672,-101.83897399902344,1418.626953125,-0.3268701732158661,0.5763774514198303,-0.7489625811576843,-0.2801680862903595,-0.8159685134887695,-0.505669116973877,-0.9025861024856567,0.044547244906425476,0.42819833755493164
300,1650637008.2528372,-55.26657485961914,-188.0884246826172,1537.4954833984375,-0.06045568361878395,0.794682502746582,0.6040073037147522,-0.696630597114563,-0.4669666886329651,0.5446539521217346,0.7148782014846802,-0.3878425657749176,0.5818309783935547
4,1650637008.2834992,-101.92261505126953,-101.86067199707031,1418.6258544921875,-0.3275837302207947,0.5749973058700562,-0.749711275100708,-0.2764289379119873,-0.8171011805534363,-0.5058979392051697,-0.9034799337387085,0.0415179468691349,0.4266149401664734
300,1650637008.283555,-55.255340576171875,-188.0859375,1537.541748046875,-0.06027176231145859,0.7944715023040771,0.6043031811714172,-0.6970071792602539,-0.4668623208999634,0.5442615151405334,0.7145266532897949,-0.38840004801750183,0.5818909406661987
4,1650637008.3603852,-102.22218322753906,-100.76976013183594,1418.667236328125,-0.3287830650806427,0.582660436630249,-0.7432419061660767,-0.26975125074386597,-0.8121471405029297,-0.5173502564430237,-0.9050613045692444,0.03039443865418434,0.4241935908794403
300,1650637008.3604112,-55.23841857910156,-188.09915161132812,1537.5360107421875,-0.06026583909988403,0.7943877577781677,0.6044138669967651,-0.6967979073524475,-0.4670485556125641,0.544369637966156,0.7147312164306641,-0.3883473873138428,0.5816748142242432
4,1650637008.3902714,-102.24694061279297,-100.55917358398438,1418.8526611328125,-0.32960018515586853,0.5832813382148743,-0.7423924803733826,-0.2674424350261688,-0.8118059635162354,-0.5190814733505249,-0.9054492115974426,0.027457913383841515,0.4235655963420868
300,1650637008.3902965,-55.25162124633789,-188.10870361328125,1537.58203125,-0.060089923441410065,0.7942971587181091,0.6045504212379456,-0.6966926455497742,-0.46710124611854553,0.5444591641426086,0.7148486375808716,-0.38846930861473083,0.5814490914344788
4,1650637008.423215,-102.01526641845703,-100.68793487548828,1419.2144775390625,-0.3317892253398895,0.5814136862754822,-0.742882251739502,-0.2659241259098053,-0.8131992220878601,-0.5176788568496704,-0.9050968289375305,0.02579004131257534,0.42442265152931213
300,1650637008.423242,-55.22341537475586,-188.11224365234375,1537.562744140625,-0.060198500752449036,0.794516921043396,0.6042507290840149,-0.6964903473854065,-0.4670662581920624,0.5447479486465454,0.7150366306304932,-0.3880617916584015,0.5814900398254395
4,1650637008.470541,-101.66463470458984,-100.99205017089844,1419.8804931640625,-0.33274173736572266,0.5804701447486877,-0.7431939840316772,-0.26658958196640015,-0.8138556480407715,-0.5163031816482544,-0.9045512080192566,0.026332169771194458,0.42555105686187744
300,1650637008.4705656,-55.203121185302734,-188.12440490722656,1537.5718994140625,-0.05993359163403511,0.7946590185165405,0.6040902733802795,-0.6964708566665649,-0.46681901812553406,0.5449846982955933,0.715077817440033,-0.38806837797164917,0.581434965133667
4,1650637008.4984477,-101.19788360595703,-101.58494567871094,1420.2994384765625,-0.3334735333919525,0.5758587121963501,-0.7464463710784912,-0.2688041925430298,-0.8169795870780945,-0.5101849436759949,-0.9036258459091187,0.030514726415276527,0.4272342920303345
300,1650637008.4984734,-55.21762466430664,-188.12168884277344,1537.564208984375,-0.05985574796795845,0.794740617275238,0.6039906144142151,-0.6965380907058716,-0.46667078137397766,0.5450257658958435,0.7150188684463501,-0.38807952404022217,0.5815000534057617
4,1650637008.5308714,-100.68192291259766,-102.13963317871094,1421.126708984375,-0.3336840271949768,0.570204496383667,-0.7506808638572693,-0.2706545293331146,-0.8207442760467529,-0.5031152367591858,-0.9029956459999084,0.035293661057949066,0.4281976819038391
300,1650637008.5308976,-55.25666427612305,-188.12557983398438,1537.6319580078125,-0.059798795729875565,0.7944790720939636,0.6043401956558228,-0.6966046690940857,-0.4668426215648651,0.544793426990509,0.7149587273597717,-0.38840824365615845,0.5813544988632202
4,1650637008.5804563,-100.5352783203125,-102.40863800048828,1422.066650390625,-0.335866779088974,0.5678986310958862,-0.7514550089836121,-0.27213340997695923,-0.8222829103469849,-0.4997941255569458,-0.9017410278320312,0.0366317555308342,0.4307217299938202
300,1650637008.5804808,-55.25075912475586,-188.12945556640625,1537.63720703125,-0.05986986681818962,0.7945918440818787,0.6041849255561829,-0.6964083909988403,-0.4668823480606079,0.5450103282928467,0.7151440382003784,-0.3881297707557678,0.5813125967979431
4,1650637008.6245043,-100.48967742919922,-102.9130630493164,1422.119873046875,-0.33818358182907104,0.5629926323890686,-0.754102885723114,-0.2728724181652069,-0.8255542516708374,-0.49396440386772156,-0.9006511569023132,0.03872322663664818,0.4328140318393707
300,1650637008.6245308,-55.24976348876953,-188.12594604492188,1537.6287841796875,-0.05994570627808571,0.7945116758346558,0.604282796382904,-0.6964425444602966,-0.4669731855392456,0.5448887944221497,0.7151044011116028,-0.38818448781967163,0.5813248157501221
4,1650637008.6523886,-100.79258728027344,-103.39430236816406,1422.1810302734375,-0.34401851892471313,0.5563620924949646,-0.7563811540603638,-0.2723042964935303,-0.8300460577011108,-0.4866969883441925,-0.8986109495162964,0.03853306174278259,0.437050998210907
300,1650637008.652415,-55.23708724975586,-188.11309814453125,1537.6458740234375,-0.05976181477308273,0.794276237487793,0.6046104431152344,-0.6965785622596741,-0.46702149510383606,0.544673502445221,0.7149872779846191,-0.3886079788208008,0.5811858773231506
4,1650637008.6899924,-101.3857192993164,-104.10791778564453,1422.2008056640625,-0.35085031390190125,0.5463772416114807,-0.7605103254318237,-0.269979327917099,-0.8366709351539612,-0.4765426516532898,-0.8966689705848694,0.03812691941857338,0.4410568177700043
300,1650637008.6900191,-55.208866119384766,-188.1195068359375,1537.68896484375,-0.05982371047139168,0.7941969037055969,0.6047085523605347,-0.6967729926109314,-0.4670175313949585,0.5444281101226807,0.7147926092147827,-0.3887748718261719,0.5813136696815491
4,1650637008.7357733,-101.98124694824219,-103.5672378540039,1422.0982666015625,-0.3552491068840027,0.5455339550971985,-0.7590723633766174,-0.2651488482952118,-0.8374955058097839,-0.47780469059944153,-0.8963783383369446,0.03152747079730034,0.4421672224998474
300,1650637008.7358003,-55.21005630493164,-188.109375,1537.674072265625,-0.059832099825143814,0.7946702241897583,0.6040855050086975,-0.6966278553009033,-0.46667397022247314,0.5449082851409912,0.7149333953857422,-0.38821980357170105,0.5815114974975586
4,1650637008.7977052,-102.18063354492188,-103.10118865966797,1421.9510498046875,-0.3616894781589508,0.5442365407943726,-0.7569592595100403,-0.2600271701812744,-0.8385971784591675,-0.4786863923072815,-0.8953025341033936,0.023694133386015892,0.444828063249588
300,1650637008.797732,-55.166873931884766,-188.12448120117188,1537.6817626953125,-0.059958405792713165,0.7948571443557739,0.6038270592689514,-0.6964594125747681,-0.4666585922241211,0.5451367497444153,0.7150868773460388,-0.38785549998283386,0.5815658569335938
4,1650637008.8280144,-102.10289764404297,-102.75635528564453,1421.9107666015625,-0.36242538690567017,0.5453919172286987,-0.7557747960090637,-0.25751280784606934,-0.8379371166229248,-0.4811948835849762,-0.8957315683364868,0.020224442705512047,0.4441350996494293
300,1650637008.8280404,-55.125972747802734,-188.1274871826172,1537.6761474609375,-0.05981232970952988,0.7947412729263306,0.6039940118789673,-0.6964237093925476,-0.46671101450920105,0.5451374650001526,0.7151339054107666,-0.3880298137664795,0.5813917517662048
4,1650637008.867143,-101.87994384765625,-102.16143035888672,1421.89013671875,-0.3586949408054352,0.5512057542800903,-0.7533326745033264,-0.25493717193603516,-0.8342031240463257,-0.48899099230766296,-0.8979671597480774,0.016653914004564285,0.43974727392196655
300,1650637008.8671672,-55.11326217651367,-188.12167358398438,1537.699951171875,-0.059660404920578,0.7942048907279968,0.6047141551971436,-0.6968634128570557,-0.4668811857700348,0.5444294214248657,0.7147181630134583,-0.3889223039150238,0.5813066363334656
4,1650637008.9064586,-101.29256439208984,-102.39892578125,1421.8975830078125,-0.35574206709861755,0.5508981347084045,-0.7549561858177185,-0.25546830892562866,-0.8343538045883179,-0.4884563684463501,-0.898990273475647,0.019102899357676506,0.4375517666339874
300,1650637008.9064872,-55.10325622558594,-188.14344787597656,1537.677001953125,-0.05990041047334671,0.7946525812149048,0.6041019558906555,-0.6963064670562744,-0.46689775586128235,0.5451273322105408,0.7152406573295593,-0.3879867494106293,0.5812891125679016
4,1650637008.932389,-101.0259017944336,-102.73037719726562,1421.8603515625,-0.3537406921386719,0.5512866973876953,-0.7556126713752747,-0.25661736726760864,-0.8340479135513306,-0.48837652802467346,-0.8994526267051697,0.021144689992070198,0.4365064203739166
300,1650637008.932415,-55.10459518432617,-188.1331024169922,1537.705322265625,-0.05982792004942894,0.7942543625831604,0.6046326756477356,-0.6966493129730225,-0.4670351445674896,0.5445713400840759,0.7149128317832947,-0.38863635063171387,0.5812584757804871
4,1650637008.970082,-100.76680755615234,-103.30484771728516,1421.888671875,-0.3558986186981201,0.5485666394233704,-0.7565783262252808,-0.25916755199432373,-0.8357679843902588,-0.4840702712535858,-0.897868812084198,0.023800615221261978,0.43961936235427856
300,1650637008.9701066,-55.08538055419922,-188.14138793945312,1537.6898193359375,-0.05966031923890114,0.7942942380905151,0.6045967936515808,-0.6964744329452515,-0.4670121669769287,0.5448146462440491,0.715097188949585,-0.38858240842819214,0.5810677409172058
4,1650637009.013965,-99.95877838134766,-104.56576538085938,1422.0079345703125,-0.35272958874702454,0.5382768511772156,-0.7654017806053162,-0.26093846559524536,-0.8421121835708618,-0.4719727039337158,-0.8986061215400696,0.033244043588638306,0.43749499320983887
300,1650637009.013991,-55.04291534423828,-188.13719177246094,1537.734130859375,-0.059708356857299805,0.7940658330917358,0.6048920154571533,-0.6965765357017517,-0.46718594431877136,0.5445351004600525,0.7149937748908997,-0.38884028792381287,0.5810225009918213
4,1650637009.0778785,-98.60485076904297,-105.28278350830078,1422.1827392578125,-0.3478468358516693,0.534652054309845,-0.7701621651649475,-0.2630133330821991,-0.8441228866577148,-0.4672050476074219,-0.8999036550521851,0.04004712402820587,0.43424609303474426
300,1650637009.077906,-55.013736724853516,-188.1466522216797,1537.7664794921875,-0.059608083218336105,0.7944997549057007,0.6043318510055542,-0.6965690851211548,-0.4667498767375946,0.5449183583259583,0.715009331703186,-0.3884773552417755,0.5812460780143738
4,1650637009.1079934,-98.49444580078125,-105.61894226074219,1422.2784423828125,-0.3489380180835724,0.5337540507316589,-0.7702913880348206,-0.26551228761672974,-0.8445820808410645,-0.46495622396469116,-0.8987466096878052,0.042280931025743484,0.4364250898361206
300,1650637009.1080186,-54.96994400024414,-188.13815307617188,1537.79443359375,-0.05960990861058235,0.7942984700202942,0.6045962572097778,-0.6967310905456543,-0.4668441414833069,0.5446304082870483,0.7148513197898865,-0.38877564668655396,0.5812409520149231
4,1650637009.140533,-98.50458526611328,-106.00401306152344,1422.58349609375,-0.35089969635009766,0.5284098386764526,-0.7730798721313477,-0.2651064693927765,-0.8478578329086304,-0.45919016003608704,-0.8981024026870728,0.04381879046559334,0.43759793043136597
300,1650637009.140558,-54.94478225708008,-188.15713500976562,1537.793212890625,-0.05967022478580475,0.7944895029067993,0.6043391823768616,-0.6963064670562744,-0.4669322073459625,0.545097827911377,0.7152599692344666,-0.38827916979789734,0.5810701251029968
4,1650637009.1843286,-98.98540496826172,-104.6421127319336,1423.1300048828125,-0.35548967123031616,0.5324643850326538,-0.7681853771209717,-0.25889214873313904,-0.8458067178726196,-0.4664609730243683,-0.8981102108955383,0.03305509686470032,0.4385263919830322
300,1650637009.184358,-54.943843841552734,-188.15480041503906,1537.8673095703125,-0.05947785824537277,0.7940835356712341,0.6048915386199951,-0.6963951587677002,-0.467155784368515,0.544792890548706,0.7151896357536316,-0.3888404071331024,0.5807813405990601
4,1650637009.229878,-99.14740753173828,-102.94151306152344,1423.6724853515625,-0.35786348581314087,0.5318518280982971,-0.7675071954727173,-0.24934743344783783,-0.8465234637260437,-0.4703444242477417,-0.8998664021492004,0.02305685356259346,0.43555572628974915
300,1650637009.2299051,-54.93374252319336,-188.13229370117188,1537.8350830078125,-0.059431273490190506,0.7943128943443298,0.604594886302948,-0.6964766979217529,-0.46688196063041687,0.5449233055114746,0.7151140570640564,-0.3887007534503937,0.5809677839279175
4,1650637009.2940435,-99.82862091064453,-100.84479522705078,1424.2406005859375,-0.36492136120796204,0.5345439314842224,-0.7622960209846497,-0.23788303136825562,-0.8451146483421326,-0.478740930557251,-0.9001355767250061,0.006634504534304142,0.43555930256843567
300,1650637009.2940707,-54.8907470703125,-188.1492919921875,1537.8927001953125,-0.05938246101140976,0.7941836714744568,0.6047694087028503,-0.6964585185050964,-0.466984361410141,0.5448588132858276,0.7151358127593994,-0.3888417184352875,0.5808466672897339
4,1650637009.3243597,-99.89987182617188,-100.6810073852539,1424.4189453125,-0.3657526671886444,0.5328108668327332,-0.7631104588508606,-0.23564669489860535,-0.8462194204330444,-0.47789472341537476,-0.900386393070221,0.0050331889651715755,0.43506211042404175
300,1650637009.324386,-54.90372848510742,-188.14305114746094,1537.89111328125,-0.05932728201150894,0.7942624688148499,0.6046713590621948,-0.6965125203132629,-0.466856986284256,0.5448989272117615,0.7150878310203552,-0.38883379101753235,0.5809110999107361
4,1650637009.356948,-100.60368347167969,-99.00997161865234,1424.6190185546875,-0.3643714487552643,0.5524807572364807,-0.7496655583381653,-0.23360884189605713,-0.8334935307502747,-0.5007149577140808,-0.9014767408370972,-0.0073177395388484,0.4327656328678131
300,1650637009.356985,-54.90297317504883,-188.14962768554688,1537.86474609375,-0.059530388563871384,0.7945694923400879,0.6042478680610657,-0.696352481842041,-0.4667665958404541,0.5451808571815491,0.7152267694473267,-0.3883146643638611,0.5810872316360474
4,1650637009.402738,-101.12254333496094,-97.68712615966797,1424.6268310546875,-0.36472567915916443,0.5656479001045227,-0.7396063804626465,-0.23117884993553162,-0.8244629502296448,-0.5165435075759888,-0.9019598364830017,-0.017415344715118408,0.4314686357975006
300,1650637009.4027648,-54.87797927856445,-188.1324920654297,1537.8536376953125,-0.05944500491023064,0.7940359115600586,0.6049572229385376,-0.6965615749359131,-0.46709203720092773,0.5446347594261169,0.7150302529335022,-0.3890141546726227,0.5808611512184143
4,1650637009.4289215,-101.13028717041016,-97.96039581298828,1424.67822265625,-0.36666572093963623,0.5624545812606812,-0.7410810589790344,-0.23217646777629852,-0.8266758322715759,-0.5125437378883362,-0.9009163975715637,-0.01587063819169998,0.43370240926742554
300,1650637009.4289465,-54.872802734375,-188.14915466308594,1537.869873046875,-0.05931827053427696,0.7943695187568665,0.6045315265655518,-0.6963443756103516,-0.4668474495410919,0.5451220273971558,0.7152523398399353,-0.38862642645835876,0.5808473229408264
4,1650637009.4666286,-101.21348571777344,-98.16177368164062,1424.9149169921875,-0.3654843866825104,0.5668690204620361,-0.7382957935333252,-0.2357586920261383,-0.8236815929412842,-0.5157194137573242,-0.9004659652709961,-0.014427738264203072,0.4346870481967926
300,1650637009.4666533,-54.87566375732422,-188.15536499023438,1537.8817138671875,-0.059377629309892654,0.7943242192268372,0.6045852303504944,-0.6962252259254456,-0.4669820964336395,0.545158863067627,0.7153633832931519,-0.3885572552680969,0.5807568430900574
4,1650637009.5107267,-100.94780731201172,-98.46784210205078,1425.0784912109375,-0.3628542125225067,0.5710394382476807,-0.7363768219947815,-0.23923753201961517,-0.8208345770835876,-0.5186482667922974,-0.9006121158599854,-0.012024732306599617,0.43445733189582825
300,1650637009.5107577,-54.86277770996094,-188.17076110839844,1537.880126953125,-0.05940442532300949,0.7944091558456421,0.6044710278511047,-0.6959442496299744,-0.46707114577293396,0.545441210269928,0.7156344652175903,-0.38827651739120483,0.5806105732917786
4,1650637009.5583599,-101.2556381225586,-97.64535522460938,1425.1845703125,-0.36286309361457825,0.5773978233337402,-0.7313973307609558,-0.23734928667545319,-0.8162752389907837,-0.5266498327255249,-0.9011080265045166,-0.017505140975117683,0.4332411289215088
300,1650637009.5583837,-54.84415054321289,-188.16079711914062,1537.9066162109375,-0.05933917686343193,0.7940497994422913,0.604949414730072,-0.6961947083473206,-0.46722719073295593,0.5449877977371216,0.7153962254524231,-0.3888234496116638,0.5805381536483765
4,1650637009.5862722,-101.43917083740234,-96.92939758300781,1425.2509765625,-0.36446958780288696,0.5789600014686584,-0.729360818862915,-0.23316414654254913,-0.8150238394737244,-0.5304438471794128,-0.9015522003173828,-0.02326984889805317,0.432044118642807
300,1650637009.586299,-54.85625457763672,-188.16941833496094,1537.8759765625,-0.05935296416282654,0.7949448227882385,0.603771448135376,-0.6960437893867493,-0.4665081799030304,0.5457959175109863,0.7155419588088989,-0.38785675168037415,0.5810050368309021
4,1650637009.624002,-101.4769058227539,-96.41429138183594,1425.396484375,-0.36592721939086914,0.5783661007881165,-0.7291021347045898,-0.22883190214633942,-0.8153036832809448,-0.5318983197212219,-0.9020716547966003,-0.027794258669018745,0.4306904375553131
300,1650637009.6240294,-54.83662796020508,-188.1727752685547,1537.930419921875,-0.05936067923903465,0.7945473790168762,0.6042935848236084,-0.6960002183914185,-0.46689459681510925,0.5455209612846375,0.7155836820602417,-0.38820600509643555,0.5807203650474548
4,1650637009.6695492,-101.57879638671875,-95.3907241821289,1425.6585693359375,-0.36594757437705994,0.5830227732658386,-0.7253735661506653,-0.2250821441411972,-0.8117467164993286,-0.5388926863670349,-0.9030063152313232,-0.033937837928533554,0.42828476428985596
300,1650637009.669576,-54.814762115478516,-188.17657470703125,1537.973876953125,-0.059196144342422485,0.7944771647453308,0.6044020652770996,-0.6959685683250427,-0.46689459681510925,0.5455613732337952,0.7156281471252441,-0.3883496820926666,0.5805694460868835
4,1650637009.700223,-102.0526351928711,-93.76387786865234,1425.903564453125,-0.36345240473747253,0.5975042581558228,-0.7147663831710815,-0.22116364538669586,-0.8006410002708435,-0.556830883026123,-0.9049801230430603,-0.04430117458105087,0.42314112186431885
300,1650637009.700248,-54.798927307128906,-188.17391967773438,1537.9639892578125,-0.059254538267850876,0.794491708278656,0.6043772101402283,-0.6961959600448608,-0.46678659319877625,0.5453636050224304,0.7154020667076111,-0.38844969868659973,0.5807811617851257
4,1650637009.7316105,-102.20507049560547,-93.13275146484375,1426.0172119140625,-0.36371397972106934,0.6015477180480957,-0.7112330794334412,-0.2201366424560547,-0.7974063158035278,-0.5618568062782288,-0.9051253795623779,-0.04778670519590378,0.4224505126476288
300,1650637009.7316372,-54.80434799194336,-188.1729736328125,1538.0130615234375,-0.05913813039660454,0.7938823103904724,0.6051888465881348,-0.6964321136474609,-0.46715039014816284,0.5447502136230469,0.7151817679405212,-0.38925743103027344,0.5805115699768066
4,1650637009.7789948,-102.3593978881836,-93.39232635498047,1426.221923828125,-0.36630484461784363,0.5991641879081726,-0.7119150757789612,-0.221048966050148,-0.7992240190505981,-0.5589081048965454,-0.9038573503494263,-0.04736267030239105,0.4252042770385742
300,1650637009.7790196,-54.78814697265625,-188.1914520263672,1538.010986328125,-0.05894414335489273,0.7940124273300171,0.6050370335578918,-0.6959641575813293,-0.46719270944595337,0.5453117489814758,0.7156531810760498,-0.3889411389827728,0.5801424384117126
4,1650637009.8230536,-102.58197021484375,-93.21853637695312,1426.6517333984375,-0.36701372265815735,0.6023799180984497,-0.7088295817375183,-0.2221173793077469,-0.7967138886451721,-0.5620594620704651,-0.9033076763153076,-0.048840172588825226,0.42620399594306946
300,1650637009.8230824,-54.74958419799805,-188.19781494140625,1538.071533203125,-0.05891628563404083,0.7937859892845154,0.6053368449211121,-0.6961204409599304,-0.46729806065559387,0.5450218915939331,0.715503454208374,-0.3892766833305359,0.5801021456718445
4,1650637009.8903794,-103.05683135986328,-92.3918685913086,1427.0516357421875,-0.36945027112960815,0.6064814925193787,-0.7040502429008484,-0.21868747472763062,-0.7931197285652161,-0.5684512853622437,-0.9031513333320618,-0.056047532707452774,0.42564821243286133
300,1650637009.8904185,-54.73946762084961,-188.19552612304688,1538.0859375,-0.05888960137963295,0.7940486073493958,0.6049948930740356,-0.6961362361907959,-0.4670398235321045,0.5452229976654053,0.7154902815818787,-0.3890509009361267,0.5802698135375977
4,1650637009.9197404,-103.29847717285156,-91.62753295898438,1427.2967529296875,-0.3700912892818451,0.6115295886993408,-0.6993311047554016,-0.21661445498466492,-0.7888373136520386,-0.5751641988754272,-0.9033883810043335,-0.06137804314494133,0.424407958984375
300,1650637009.9197664,-54.73794174194336,-188.20314025878906,1538.1019287109375,-0.05894290283322334,0.7941245436668396,0.604889988899231,-0.6958645582199097,-0.4671451151371002,0.5454795360565186,0.7157500982284546,-0.38876935839653015,0.5801380276679993
4,1650637009.995442,-103.28567504882812,-91.39855194091797,1427.66796875,-0.36678141355514526,0.6200433969497681,-0.6935543417930603,-0.22123441100120544,-0.7822579145431519,-0.5823468565940857,-0.9036186933517456,-0.06015590578317642,0.4240925908088684
300,1650637009.9954674,-54.75430679321289,-188.20179748535156,1538.0706787109375,-0.059035494923591614,0.7945866584777832,0.6042738556861877,-0.6957671046257019,-0.46682628989219666,0.5458766222000122,0.7158372402191162,-0.3882077634334564,0.5804066061973572
4,1650637010.027863,-103.24275970458984,-91.43993377685547,1427.8568115234375,-0.3638646602630615,0.6273210048675537,-0.6885280609130859,-0.22489769756793976,-0.776497483253479,-0.5886192917823792,-0.9038935303688049,-0.059329383075237274,0.42362305521965027
300,1650637010.0278883,-54.75335693359375,-188.19271850585938,1538.10595703125,-0.05885953828692436,0.7939945459365845,0.6050687432289124,-0.6959425806999207,-0.4671790897846222,0.5453509092330933,0.7156811356544495,-0.3889940083026886,0.5800725817680359
4,1650637010.101873,-101.62431335449219,-92.13626098632812,1428.2470703125,-0.3504202365875244,0.6323010325431824,-0.6909421682357788,-0.2327575981616974,-0.7733669281005859,-0.589684247970581,-0.9072097539901733,-0.04581525921821594,0.4181762635707855
300,1650637010.1018999,-54.727806091308594,-188.2178497314453,1538.1055908203125,-0.058999333530664444,0.7945543527603149,0.6043198108673096,-0.6954865455627441,-0.4669898748397827,0.5460942387580872,0.7161128520965576,-0.38807711005210876,0.5801539421081543
4,1650637010.14311,-100.61563110351562,-93.22527313232422,1428.4454345703125,-0.3441605269908905,0.6309614181518555,-0.6952993273735046,-0.23931051790714264,-0.7750291228294373,-0.5848592519760132,-0.907900869846344,-0.03489302098751068,0.4177301526069641
300,1650637010.143137,-54.701515197753906,-188.20565795898438,1538.18896484375,-0.05901603400707245,0.7940038442611694,0.6050413250923157,-0.6959884762763977,-0.4672224521636963,0.545255184173584,0.7156236171722412,-0.3889229893684387,0.5801911354064941
4,1650637010.1731005,-99.83253479003906,-94.39292907714844,1428.5345458984375,-0.34043556451797485,0.6250704526901245,-0.7024176716804504,-0.24472667276859283,-0.7801968455314636,-0.5756750702857971,-0.9078614711761475,-0.024079937487840652,0.418578177690506
300,1650637010.1731267,-54.7016487121582,-188.2147216796875,1538.1473388671875,-0.059063155204057693,0.7945603728294373,0.6043056845664978,-0.6956198215484619,-0.4669434428215027,0.5459641814231873,0.7159780859947205,-0.3881206214427948,0.5802910923957825
4,1650637010.2106197,-99.06377410888672,-94.82110595703125,1428.7244873046875,-0.333714097738266,0.6252356171607971,-0.7054893970489502,-0.24844332039356232,-0.7802663445472717,-0.5739863514900208,-0.909346342086792,-0.016273200511932373,0.41572150588035583
300,1650637010.2106466,-54.696929931640625,-188.21395874023438,1538.189208984375,-0.059036895632743835,0.7942438721656799,0.6047241687774658,-0.6958149671554565,-0.4671104848384857,0.5455725193023682,0.7157906293869019,-0.3885672092437744,0.5802235007286072
4,1650637010.236777,-98.66395568847656,-94.701416015625,1428.806640625,-0.33179956674575806,0.625537097454071,-0.7061249017715454,-0.24924884736537933,-0.7800610661506653,-0.5739161372184753,-0.909826397895813,-0.014424298889935017,0.41473832726478577
300,1650637010.2368035,-54.68669891357422,-188.205078125,1538.19580078125,-0.059014905244112015,0.7940210700035095,0.6050188541412354,-0.6958402395248413,-0.4672869145870209,0.5453891158103943,0.7157678604125977,-0.3888103663921356,0.5800886750221252
4,1650637010.2740312,-98.03134155273438,-94.92948150634766,1428.836181640625,-0.32776111364364624,0.6215385794639587,-0.7115212082862854,-0.24983957409858704,-0.7833342552185059,-0.5691815614700317,-0.9111272096633911,-0.008789418265223503,0.4120314419269562
300,1650637010.2740555,-54.69841003417969,-188.20574951171875,1538.1689453125,-0.05901583656668663,0.7944816946983337,0.6044137477874756,-0.6955806016921997,-0.4670126140117645,0.5459550023078918,0.7160201072692871,-0.38819849491119385,0.580187201499939
4,1650637010.3180726,-97.96926879882812,-94.88148498535156,1428.851806640625,-0.32436656951904297,0.6282377243041992,-0.7071800827980042,-0.2528063654899597,-0.7779824137687683,-0.5751802325248718,-0.9115235805511475,-0.007789601106196642,0.4111739695072174
300,1650637010.3181133,-54.70864486694336,-188.19931030273438,1538.150390625,-0.05924321338534355,0.7944016456604004,0.6044966578483582,-0.6958141326904297,-0.4670695662498474,0.5456085801124573,0.7157743573188782,-0.38829371333122253,0.5804265737533569
4,1650637010.3801358,-96.25501251220703,-96.42156219482422,1429.0191650390625,-0.30965396761894226,0.6256805062294006,-0.7159876227378845,-0.26313677430152893,-0.7799779176712036,-0.5677970051765442,-0.9137141108512878,0.012582073919475079,0.4061627984046936
300,1650637010.3801627,-54.713584899902344,-188.21688842773438,1538.1221923828125,-0.0594850517809391,0.7951093316078186,0.6035417914390564,-0.6952489018440247,-0.4668542146682739,0.5465126633644104,0.7163033485412598,-0.3871024549007416,0.5805697441101074
4,1650637010.410349,-95.43821716308594,-96.63740539550781,1429.099365234375,-0.2993870675563812,0.6369383335113525,-0.7104061841964722,-0.2706488072872162,-0.770666778087616,-0.576907217502594,-0.9149407744407654,0.01955202966928482,0.4031142592430115
300,1650637010.4103756,-54.70923614501953,-188.2084503173828,1538.1220703125,-0.05951184406876564,0.7943637371063232,0.6045200824737549,-0.695711612701416,-0.46729087829589844,0.5455498695373535,0.7158517241477966,-0.38810497522354126,0.5804573893547058
4,1650637010.4452057,-94.90193939208984,-97.01889038085938,1429.14453125,-0.2894212603569031,0.6506514549255371,-0.7020598649978638,-0.2806095480918884,-0.7588989734649658,-0.5876483917236328,-0.9151467680931091,0.026926742866635323,0.4022204875946045
300,1650637010.44523,-54.7056999206543,-188.20266723632812,1538.1400146484375,-0.05969822779297829,0.794480562210083,0.6043482422828674,-0.6958615183830261,-0.46719539165496826,0.5454403758049011,0.7156904935836792,-0.3879808485507965,0.5807391405105591
4,1650637010.4889717,-93.04580688476562,-99.43932342529297,1429.22119140625,-0.2788998484611511,0.6414342522621155,-0.7146866321563721,-0.29345741868019104,-0.7655441164970398,-0.5725600123405457,-0.9143837094306946,0.050043195486068726,0.4017437994480133
300,1650637010.4889987,-54.71147537231445,-188.1884765625,1538.0731201171875,-0.05969012901186943,0.7942928075790405,0.6045957207679749,-0.6957248449325562,-0.4674348831176758,0.5454095005989075,0.7158240079879761,-0.3880767226219177,0.5805104970932007
4,1650637010.5154297,-92.42078399658203,-99.9856185913086,1429.2872314453125,-0.2741418778896332,0.6431804895401001,-0.7149580717086792,-0.29798051714897156,-0.7636617422103882,-0.5727376341819763,-0.9143598079681396,0.0560322031378746,0.40100690722465515
300,1650637010.5154574,-54.71597671508789,-188.18637084960938,1538.1094970703125,-0.059628237038850784,0.7943111658096313,0.6045777201652527,-0.6962296366691589,-0.4671141803264618,0.5450400710105896,0.7153382301330566,-0.38842514157295227,0.5808761715888977
4,1650637010.5511084,-91.9491195678711,-99.99964141845703,1429.37744140625,-0.26874229311943054,0.6480579376220703,-0.7125998139381409,-0.3011023998260498,-0.7592618465423584,-0.5769391655921936,-0.914939820766449,0.05951754376292229,0.39917758107185364
300,1650637010.551135,-54.686641693115234,-188.19493103027344,1538.0838623046875,-0.05978728085756302,0.7945194244384766,0.6042883396148682,-0.6959795355796814,-0.4671398997306824,0.5453373193740845,0.7155682444572449,-0.3879680931568146,0.5808982849121094
4,1650637010.5987875,-91.48351287841797,-100.07687377929688,1429.4288330078125,-0.2631646990776062,0.6511114239692688,-0.7118976712226868,-0.303009957075119,-0.7563512325286865,-0.5797566771507263,-0.9159308671951294,0.06314058601856232,0.39633816480636597
300,1650637010.5988138,-54.67498779296875,-188.19961547851562,1538.0679931640625,-0.05989919230341911,0.7946248650550842,0.6041386127471924,-0.6956614255905151,-0.4672718048095703,0.545630156993866,0.7158682346343994,-0.3875930905342102,0.5807790160179138
4,1650637010.644541,-91.48738098144531,-99.93899536132812,1429.35693359375,-0.2609836161136627,0.65851229429245,-0.7058676481246948,-0.3057282567024231,-0.7499526739120483,-0.5866014361381531,-0.9156515598297119,0.06271033734083176,0.3970511555671692
300,1650637010.6445675,-54.69397735595703,-188.1942596435547,1538.009033203125,-0.059906620532274246,0.794691801071167,0.6040497422218323,-0.6958346962928772,-0.4671211242675781,0.5455382466316223,0.7156991362571716,-0.3876374065876007,0.5809577703475952
4,1650637010.6904273,-91.53433227539062,-100.1667251586914,1429.2747802734375,-0.2603171169757843,0.6618887782096863,-0.7029496431350708,-0.30961892008781433,-0.746827244758606,-0.5885449647903442,-0.914533257484436,0.06443817913532257,0.3993452191352844
300,1650637010.690454,-54.69405746459961,-188.19288635253906,1538.0,-0.05996016412973404,0.7945136427879333,0.6042788028717041,-0.6958862543106079,-0.46728020906448364,0.545336127281189,0.7156444787979126,-0.3878108859062195,0.5809093713760376
4,1650637010.719562,-91.67828369140625,-99.9606704711914,1429.2794189453125,-0.2577938735485077,0.6677306890487671,-0.6983395218849182,-0.3110007643699646,-0.7416493892669678,-0.5943354964256287,-0.9147791266441345,0.06396805495023727,0.398857444524765
300,1650637010.7195895,-54.69963455200195,-188.19790649414062,1538.0123291015625,-0.05996463820338249,0.7945449948310852,0.6042370796203613,-0.695809543132782,-0.46729567646980286,0.54542076587677,0.7157187461853027,-0.3877280056476593,0.5808732509613037
4,1650637010.7577116,-91.67344665527344,-99.91358947753906,1429.22802734375,-0.25607287883758545,0.6730104684829712,-0.6938902139663696,-0.3140223026275635,-0.7368088364601135,-0.5987510085105896,-0.9142301082611084,0.06457310169935226,0.40001705288887024
300,1650637010.7577474,-54.706974029541016,-188.2013702392578,1538.0159912109375,-0.05998772382736206,0.7943432927131653,0.6044999361038208,-0.696040689945221,-0.4673636257648468,0.5450674891471863,0.7154920101165771,-0.38805919885635376,0.5809313654899597
4,1650637010.8017976,-91.12001037597656,-100.61031341552734,1429.189697265625,-0.2517945468425751,0.670722484588623,-0.6976609826087952,-0.3172982931137085,-0.7382550239562988,-0.5952321887016296,-0.9142873287200928,0.07149042934179306,0.39870768785476685
300,1650637010.8018239,-54.746337890625,-188.180419921875,1537.9403076171875,-0.060245972126722336,0.7945940494537354,0.6041446328163147,-0.6961102485656738,-0.4672260284423828,0.5450966358184814,0.7154026627540588,-0.38771137595176697,0.5812735557556152
4,1650637010.8281777,-91.40330505371094,-100.37801361083984,1429.1900634765625,-0.251322478055954,0.6768031716346741,-0.6919353604316711,-0.31927287578582764,-0.7328369617462158,-0.6008450388908386,-0.9137296080589294,0.06991030275821686,0.40026330947875977
300,1650637010.828203,-54.7634391784668,-188.16360473632812,1537.8189697265625,-0.0602743998169899,0.7945966124534607,0.6041384339332581,-0.6962755918502808,-0.4671480357646942,0.5449523329734802,0.7152393460273743,-0.3878001868724823,0.5814152956008911
4,1650637010.8678756,-91.96711730957031,-100.67172241210938,1429.1278076171875,-0.25323569774627686,0.6781449317932129,-0.6899210810661316,-0.32285386323928833,-0.731522798538208,-0.6005329489707947,-0.9119413495063782,0.07066729664802551,0.40418940782546997
300,1650637010.8678992,-54.80214309692383,-188.18959045410156,1537.9039306640625,-0.06024985760450363,0.7945330739021301,0.6042243838310242,-0.6963887810707092,-0.46713191270828247,0.5448215007781982,0.7151312232017517,-0.3879496455192566,0.5814485549926758
