4,1648558975.9492338,-121.90633392333984,-20.268211364746094,1600.0816650390625,0.19621263444423676,-0.8386775255203247,0.5080556869506836,-0.7987180948257446,0.1638617217540741,0.5789635181427002,-0.5688145756721497,-0.5193932056427002,-0.6377151608467102
300,1648558975.9492645,78.10566711425781,-55.13032531738281,1838.6907958984375,0.875527024269104,-0.011221460998058319,-0.48303884267807007,-0.06271786242723465,0.9886326193809509,-0.13664551079273224,0.47908130288124084,0.14993199706077576,0.8648707866668701
410,1648558975.9492857,-103.02366638183594,-134.59027099609375,1490.8568115234375,0.16832056641578674,0.9705352187156677,-0.1724225878715515,-0.8316668272018433,0.04592590406537056,-0.5533725023269653,-0.5291488170623779,0.23654212057590485,0.8148922324180603
4,1648558975.9833753,-121.9296875,-20.316240310668945,1600.1500244140625,0.19763845205307007,-0.8369832038879395,0.5102922916412354,-0.797879695892334,0.16507261991500854,0.5797749757766724,-0.5694972276687622,-0.5217376947402954,-0.6351871490478516
300,1648558975.9834046,78.07703399658203,-55.139713287353516,1838.7047119140625,0.876207172870636,-0.010773885995149612,-0.4818141758441925,-0.06263304501771927,0.9887255430221558,-0.1360108107328415,0.4778473377227783,0.14935114979743958,0.8656535744667053
410,1648558975.9834247,-102.20911407470703,-134.8790283203125,1490.883544921875,0.16686655580997467,0.9699699878692627,-0.17695698142051697,-0.8341700434684753,0.04319912567734718,-0.549812912940979,-0.525657594203949,0.239357590675354,0.8163283467292786
4,1648558976.0144465,-121.908935546875,-20.33222007751465,1600.101806640625,0.19740882515907288,-0.8365176320075989,0.5111438632011414,-0.7985420823097229,0.16523195803165436,0.5788168907165527,-0.5686478018760681,-0.5224334001541138,-0.6353762745857239
300,1648558976.0145068,78.11000061035156,-55.12819290161133,1838.65478515625,0.8759379386901855,-0.011102207936346531,-0.48229604959487915,-0.0627913624048233,0.988606870174408,-0.13679783046245575,0.4783199429512024,0.15011043846607208,0.8652611374855042
410,1648558976.0145307,-102.86295318603516,-134.61021423339844,1491.5570068359375,0.1694139540195465,0.9698772430419922,-0.1750345081090927,-0.8319416642189026,0.04552094638347626,-0.5529926419258118,-0.528367280960083,0.23930317163467407,0.8145931959152222
4,1648558976.0604823,-121.95407104492188,-20.210176467895508,1600.0164794921875,0.19656386971473694,-0.8376328945159912,0.5096408128738403,-0.7980087995529175,0.1653335839509964,0.5795229077339172,-0.5696882009506226,-0.5206111073493958,-0.6359397768974304
300,1648558976.0605137,78.09365844726562,-55.140193939208984,1838.6656494140625,0.8762089610099792,-0.010508573614060879,-0.4818167984485626,-0.06283546984195709,0.9887369275093079,-0.1358342319726944,0.47781750559806824,0.14929436147212982,0.8656798601150513
410,1648558976.060534,-102.49695587158203,-134.399658203125,1491.14013671875,0.16625167429447174,0.9702906608581543,-0.17577381432056427,-0.8357772827148438,0.04405761882662773,-0.5472981333732605,-0.5232940912246704,0.23789699375629425,0.8182715773582458
4,1648558976.1100163,-121.96360778808594,-20.166000366210938,1599.983154296875,0.19611084461212158,-0.8384622931480408,0.5084501504898071,-0.7972835302352905,0.16552037000656128,0.5804669857025146,-0.5708585381507874,-0.5192148089408875,-0.6360318660736084
300,1648558976.1100473,78.0761489868164,-55.14591598510742,1838.682861328125,0.8764650821685791,-0.010350477881729603,-0.48135411739349365,-0.06269174069166183,0.9888038039207458,-0.13541322946548462,0.4773663878440857,0.14886189997196198,0.866003155708313
410,1648558976.1100686,-102.6622543334961,-134.37562561035156,1491.0084228515625,0.1670215129852295,0.970308780670166,-0.1749420464038849,-0.834383487701416,0.04457395523786545,-0.5493790507316589,-0.5252694487571716,0.23772688210010529,0.8170543909072876
4,1648558976.1612408,-121.87047576904297,-20.300390243530273,1600.1148681640625,0.19661617279052734,-0.8371556997299194,0.5104042291641235,-0.7987885475158691,0.1651071161031723,0.5785123109817505,-0.5685762166976929,-0.5214499235153198,-0.6362476348876953
300,1648558976.1612697,78.09115600585938,-55.13531494140625,1838.650634765625,0.87635338306427,-0.01086520403623581,-0.4815461039543152,-0.06264252215623856,0.988683819770813,-0.13630935549736023,0.4775778651237488,0.1496204286813736,0.8657557964324951
410,1648558976.1612904,-102.73738861083984,-134.44094848632812,1490.80126953125,0.16522516310214996,0.9706354141235352,-0.17483565211296082,-0.8351444602012634,0.0433959886431694,-0.5483160614967346,-0.5246278643608093,0.23660863935947418,0.8177909255027771
4,1648558976.194095,-122.01666259765625,-20.09560775756836,1599.96484375,0.19576548039913177,-0.839697003364563,0.5065420269966125,-0.7968930602073669,0.16482023894786835,0.58120197057724,-0.5715219378471375,-0.5174391269683838,-0.6368826031684875
300,1648558976.194125,78.08763122558594,-55.14287185668945,1838.6861572265625,0.8761768937110901,-0.01111669186502695,-0.4818614721298218,-0.06297647207975388,0.9885231852531433,-0.1373167186975479,0.4778577387332916,0.15065966546535492,0.8654210567474365
410,1648558976.1941464,-102.74073791503906,-134.2767333984375,1490.6702880859375,0.16483789682388306,0.9707606434822083,-0.1745058298110962,-0.8351393938064575,0.043239034712314606,-0.5483362078666687,-0.5247577428817749,0.23612327873706818,0.8178478479385376
4,1648558976.2262897,-122.03091430664062,-20.030609130859375,1599.8551025390625,0.19545118510723114,-0.8406461477279663,0.5050870180130005,-0.7975032925605774,0.163504496216774,0.5807363986968994,-0.5707778334617615,-0.5163141489028931,-0.6384609341621399
300,1648558976.2263181,78.08939361572266,-55.13908004760742,1838.7088623046875,0.8764035701751709,-0.011292551644146442,-0.48144498467445374,-0.06300409883260727,0.9884437322616577,-0.13787467777729034,0.4774382412433624,0.1511668711900711,0.8655641674995422
410,1648558976.2263408,-102.87716674804688,-134.0730438232422,1490.3748779296875,0.16521941125392914,0.9716110825538635,-0.1693352460861206,-0.8344808220863342,0.046202659606933594,-0.5490966439247131,-0.525684654712677,0.23202843964099884,0.81842440366745
4,1648558976.2628527,-122.01835632324219,-20.093284606933594,1599.860595703125,0.19720174372196198,-0.8401173949241638,0.5052863359451294,-0.7972309589385986,0.16253559291362762,0.5813819169998169,-0.5705560445785522,-0.517479419708252,-0.6377152800559998
300,1648558976.2628832,78.08434295654297,-55.15227508544922,1838.7080078125,0.8766464591026306,-0.010961327701807022,-0.48101019859313965,-0.06300870329141617,0.9885150194168091,-0.13736048340797424,0.4769914746284485,0.1507244110107422,0.8658875823020935
410,1648558976.2629042,-102.81643676757812,-133.8889617919922,1490.4935302734375,0.16430597007274628,0.9713510274887085,-0.17169950902462006,-0.834449052810669,0.044048625975847244,-0.5493218302726746,-0.5260211825370789,0.23353135585784912,0.8177804350852966
4,1648558976.3124187,-122.07085418701172,-20.115388870239258,1599.893310546875,0.19626069068908691,-0.8407458066940308,0.5046069622039795,-0.7975192666053772,0.16253255307674408,0.580987274646759,-0.5704776644706726,-0.5164587497711182,-0.6386122107505798
300,1648558976.3124495,78.09939575195312,-55.136844635009766,1838.6929931640625,0.8760511875152588,-0.011189606972038746,-0.48208823800086975,-0.06285583227872849,0.988551676273346,-0.13716666400432587,0.47810396552085876,0.15046708285808563,0.8653185963630676
410,1648558976.3124712,-102.97664642333984,-133.59034729003906,1490.7314453125,0.16507047414779663,0.9712384939193726,-0.1716027706861496,-0.8332673907279968,0.04425088316202164,-0.551096498966217,-0.5276525616645813,0.23396074771881104,0.8166058659553528
4,1648558976.3629456,-122.08649444580078,-20.071491241455078,1599.859619140625,0.19637255370616913,-0.8400609493255615,0.5057028532028198,-0.7970448136329651,0.1636335253715515,0.5813292264938354,-0.57110196352005,-0.5172249674797058,-0.6374331116676331
300,1648558976.3629756,78.09497833251953,-55.14560317993164,1838.648681640625,0.8758252263069153,-0.011228163726627827,-0.4824977517127991,-0.06299803406000137,0.9885162115097046,-0.13735708594322205,0.4784991145133972,0.15069721639156342,0.8650600910186768
410,1648558976.3629956,-102.9188003540039,-133.12472534179688,1490.9765625,0.163165882229805,0.9715539813041687,-0.1716383993625641,-0.8330547213554382,0.04246549680829048,-0.551558256149292,-0.5285799503326416,0.2329796552658081,0.816286563873291
4,1648558976.4124548,-121.8704605102539,-20.097545623779297,1599.8824462890625,0.19743847846984863,-0.8386191725730896,0.5076769590377808,-0.7983301877975464,0.16300535202026367,0.5797397494316101,-0.5689349174499512,-0.5197567939758301,-0.6373114585876465
300,1648558976.4124858,78.09485626220703,-55.1377067565918,1838.6939697265625,0.8761283755302429,-0.010841375216841698,-0.48195597529411316,-0.06280936300754547,0.9886582493782043,-0.13641801476478577,0.477968692779541,0.14979104697704315,0.8655105829238892
410,1648558976.412507,-102.9922103881836,-132.4159393310547,1490.8424072265625,0.1612948775291443,0.972370982170105,-0.16875623166561127,-0.8340706825256348,0.04290300980210304,-0.549986720085144,-0.527550995349884,0.22946467995643616,0.8179461359977722
4,1648558976.4465296,-121.9931640625,-19.902469635009766,1599.7374267578125,0.19714611768722534,-0.8403762578964233,0.5048773288726807,-0.7967153191566467,0.16276268661022186,0.5820249319076538,-0.5712951421737671,-0.5169874429702759,-0.6374526023864746
300,1648558976.4465601,78.10108184814453,-55.14165496826172,1838.6695556640625,0.8759925961494446,-0.010857151821255684,-0.48220229148864746,-0.06293115764856339,0.9886276125907898,-0.13658356666564941,0.47820141911506653,0.14999175071716309,0.8653472661972046
410,1648558976.4465806,-103.34308624267578,-131.83319091796875,1491.0439453125,0.1648518592119217,0.9722800850868225,-0.16581720113754272,-0.8315542340278625,0.04659752920269966,-0.5534855127334595,-0.5304162502288818,0.2291291207075119,0.8161852955818176
4,1648558976.4823275,-122.06884765625,-19.82120704650879,1599.60107421875,0.1965876668691635,-0.84132981300354,0.5035051703453064,-0.7970037460327148,0.16198401153087616,0.5818471908569336,-0.5710851550102234,-0.5156794786453247,-0.638698935508728
300,1648558976.4823582,78.10481262207031,-55.14088439941406,1838.642578125,0.8760347366333008,-0.010899455286562443,-0.48212486505508423,-0.06279977411031723,0.9886531233787537,-0.1364596039056778,0.47814157605171204,0.14982068538665771,0.8654099702835083
410,1648558976.48238,-103.4570083618164,-131.41949462890625,1491.0008544921875,0.1656716763973236,0.9727102518081665,-0.1624429076910019,-0.8303883075714111,0.0487380251288414,-0.555049479007721,-0.5319851636886597,0.22684666514396667,0.8158016800880432
4,1648558976.5316987,-122.07034301757812,-19.940404891967773,1599.7301025390625,0.19602364301681519,-0.8398858308792114,0.5061289668083191,-0.7976445555686951,0.16365410387516022,0.5805001854896545,-0.5703839659690857,-0.5175027847290039,-0.637850284576416
300,1648558976.5317287,78.09751892089844,-55.140377044677734,1838.6392822265625,0.8757781982421875,-0.011145404540002346,-0.482585072517395,-0.06292430311441422,0.9885671138763428,-0.1370239406824112,0.47859492897987366,0.15036891400814056,0.8650642037391663
410,1648558976.531751,-103.20248413085938,-130.96742248535156,1491.2840576171875,0.1628560870885849,0.9727556705474854,-0.16499775648117065,-0.8306758403778076,0.044941216707229614,-0.5549396276473999,-0.532405436038971,0.2274349331855774,0.8153635859489441
4,1648558976.5661707,-122.14765930175781,-19.874345779418945,1599.6573486328125,0.19442862272262573,-0.8417075872421265,0.5037120580673218,-0.7965927720069885,0.16416466236114502,0.5817988514900208,-0.5723962187767029,-0.5143716931343079,-0.6385799050331116
300,1648558976.5661998,78.093994140625,-55.141231536865234,1838.6458740234375,0.8760637640953064,-0.010629924014210701,-0.4820781350135803,-0.06283820420503616,0.9887146949768066,-0.1359950453042984,0.4780833423137665,0.14943325519561768,0.8655090928077698
410,1648558976.5662212,-103.55280303955078,-130.70504760742188,1491.4237060546875,0.16654445230960846,0.9726321697235107,-0.16201715171337128,-0.8301869630813599,0.049658991396427155,-0.5552689433097839,-0.5320268273353577,0.2269814908504486,0.8157370090484619
4,1648558976.6015277,-122.1568603515625,-19.848003387451172,1599.6427001953125,0.19471150636672974,-0.842601478099823,0.5021057724952698,-0.7959708571434021,0.16339369118213654,0.5828661322593689,-0.5731647610664368,-0.5131523013114929,-0.6388715505599976
300,1648558976.60156,78.10594177246094,-55.14020919799805,1838.6387939453125,0.8758525252342224,-0.010841788724064827,-0.48245707154273987,-0.06288478523492813,0.9886589646339417,-0.1363781988620758,0.4784640967845917,0.14978639781475067,0.8652376532554626
410,1648558976.6015816,-103.47262573242188,-130.62225341796875,1491.5657958984375,0.165340393781662,0.972681999206543,-0.16294866800308228,-0.83055180311203,0.04822934418916702,-0.5548492074012756,-0.5318329334259033,0.22707629203796387,0.815837025642395
4,1648558976.6526434,-121.94682312011719,-19.954843521118164,1599.8193359375,0.19584275782108307,-0.8407007455825806,0.5048443675041199,-0.7976625561714172,0.16289009153842926,0.580690324306488,-0.5704209804534912,-0.5164194703102112,-0.6386946439743042
300,1648558976.6526723,78.10379028320312,-55.13706970214844,1838.6678466796875,0.87610924243927,-0.010944097302854061,-0.48198840022087097,-0.06276476383209229,0.9886448383331299,-0.13653568923473358,0.47800958156585693,0.1498720645904541,0.8654739856719971
410,1648558976.652693,-103.25611877441406,-130.50814819335938,1491.89990234375,0.16278742253780365,0.9733706712722778,-0.16139951348304749,-0.8298799991607666,0.04659795016050339,-0.5559926629066467,-0.5336660742759705,0.22445084154605865,0.8153663873672485
4,1648558976.6999547,-121.85334777832031,-19.964574813842773,1599.805908203125,0.19733215868473053,-0.8401036262512207,0.5052582621574402,-0.7980477213859558,0.16167348623275757,0.5805010795593262,-0.5693679451942444,-0.5177717208862305,-0.6385394334793091
300,1648558976.6999865,78.10153198242188,-55.13178253173828,1838.66455078125,0.8762333989143372,-0.01105005107820034,-0.4817602038383484,-0.06267712265253067,0.9886312484741211,-0.13667425513267517,0.477793425321579,0.1499539017677307,0.8655791282653809
410,1648558976.7000072,-103.2387466430664,-130.08885192871094,1491.7037353515625,0.16568216681480408,0.9729115962982178,-0.16122184693813324,-0.8303623199462891,0.04943282902240753,-0.5550268292427063,-0.5320224165916443,0.22583059966564178,0.8160592317581177
4,1648558976.7325654,-121.85607147216797,-19.883817672729492,1599.7763671875,0.19663991034030914,-0.8410983085632324,0.5038713812828064,-0.796739399433136,0.16243566572666168,0.5820833444595337,-0.5714359879493713,-0.5159149765968323,-0.6381947994232178
300,1648558976.7325952,78.08797454833984,-55.135440826416016,1838.6881103515625,0.8765552043914795,-0.010945347137749195,-0.4811769127845764,-0.0628570020198822,0.9885756969451904,-0.1369931399822235,0.47717922925949097,0.1503273844718933,0.8658531308174133
410,1648558976.7326171,-103.52832794189453,-129.86964416503906,1491.8277587890625,0.1650722771883011,0.973953902721405,-0.15545091032981873,-0.8297477960586548,0.051934320479631424,-0.5557170510292053,-0.5331695675849915,0.22071853280067444,0.8167089819908142
4,1648558976.7696433,-121.88005828857422,-19.876201629638672,1599.7586669921875,0.19644849002361298,-0.8409382104873657,0.5042132139205933,-0.7974675297737122,0.1621619164943695,0.5811617970466614,-0.5704852938652039,-0.5162619948387146,-0.6387644410133362
300,1648558976.7696738,78.09761810302734,-55.136627197265625,1838.663330078125,0.8761250376701355,-0.010985991917550564,-0.48195868730545044,-0.06299232691526413,0.9885600209236145,-0.13704383373260498,0.47795066237449646,0.15042723715305328,0.8654102087020874
410,1648558976.769695,-103.57089233398438,-129.5652618408203,1491.9898681640625,0.16465578973293304,0.9740886688232422,-0.1550474911928177,-0.8283753991127014,0.051234934478998184,-0.5578254461288452,-0.5354275703430176,0.22028671205043793,0.8153471946716309
4,1648558976.8189445,-121.87353515625,-19.938814163208008,1599.76025390625,0.1958054155111313,-0.8401319980621338,0.5058047771453857,-0.798216700553894,0.16307969391345978,0.579875111579895,-0.569658100605011,-0.5172845125198364,-0.6386754512786865
300,1648558976.8189757,78.09950256347656,-55.137149810791016,1838.6923828125,0.87632817029953,-0.01066631730645895,-0.4815964698791504,-0.0626523569226265,0.9887391924858093,-0.13590264320373535,0.4776228666305542,0.14926846325397491,0.8657917380332947
410,1648558976.818998,-103.78924560546875,-128.94583129882812,1492.0050048828125,0.1623937338590622,0.9747899174690247,-0.1530126929283142,-0.8293822407722473,0.05083738639950752,-0.5563637614250183,-0.5345590114593506,0.21725599467754364,0.8167291283607483
4,1648558976.8523526,-122.0451889038086,-19.811325073242188,1599.647705078125,0.19632858037948608,-0.8408782482147217,0.5043598413467407,-0.7966082692146301,0.16313262283802032,0.5820678472518921,-0.5717257261276245,-0.5160537958145142,-0.6378229856491089
300,1648558976.852381,78.08367156982422,-55.13713836669922,1838.6793212890625,0.8764462471008301,-0.010993331670761108,-0.48137420415878296,-0.06292403489351273,0.9885506629943848,-0.13714279234409332,0.4773704409599304,0.15048828721046448,0.8657197952270508
410,1648558976.8524015,-103.9786148071289,-128.47987365722656,1492.1939697265625,0.16443757712841034,0.9745228290557861,-0.15253058075904846,-0.8281283974647522,0.05238499119877815,-0.5580852627754211,-0.5358765125274658,0.21808509528636932,0.8156440854072571
4,1648558976.888294,-122.07852172851562,-19.840911865234375,1599.6552734375,0.1968846321105957,-0.8406572937965393,0.5045113563537598,-0.7964487671852112,0.16295216977596283,0.5823366641998291,-0.5717567801475525,-0.5164706110954285,-0.6374576687812805
300,1648558976.8883262,78.07108306884766,-55.13267517089844,1838.69921875,0.876967191696167,-0.01063161063939333,-0.4804326593875885,-0.06281938403844833,0.9886398911476135,-0.13654644787311554,0.4764266014099121,0.14992722868919373,0.8663368225097656
410,1648558976.8883476,-104.11332702636719,-127.90345764160156,1492.23974609375,0.1649875044822693,0.9746791124343872,-0.15092980861663818,-0.8278211951255798,0.05365653708577156,-0.5584201812744141,-0.5361821055412292,0.21707522869110107,0.8157126307487488
4,1648558976.9394603,-122.0396499633789,-19.94674301147461,1599.7921142578125,0.19659097492694855,-0.840232253074646,0.5053332448005676,-0.796899676322937,0.16334037482738495,0.5816105008125305,-0.5712292194366455,-0.5170392990112305,-0.6374695897102356
300,1648558976.9394941,78.09000396728516,-55.14252471923828,1838.67431640625,0.8760530948638916,-0.010874621570110321,-0.4820920526981354,-0.06288199126720428,0.9886327385902405,-0.1365692913532257,0.478097140789032,0.1499568521976471,0.8654109239578247
410,1648558976.9395144,-104.48053741455078,-126.95813751220703,1492.811767578125,0.16263481974601746,0.9751216769218445,-0.15062418580055237,-0.8269035220146179,0.0514146089553833,-0.5599884986877441,-0.5383126139640808,0.21562528610229492,0.8146933317184448
4,1648558976.9712877,-122.06904602050781,-19.972070693969727,1599.79296875,0.19676131010055542,-0.8399170637130737,0.5057908296585083,-0.797648549079895,0.16284631192684174,0.5807218551635742,-0.5701243281364441,-0.5177068710327148,-0.6379167437553406
300,1648558976.9713166,78.09457397460938,-55.135807037353516,1838.6624755859375,0.876185953617096,-0.010817193426191807,-0.48185181617736816,-0.06275293976068497,0.9886776804924011,-0.13630323112010956,0.47787052392959595,0.14966459572315216,0.8655866384506226
410,1648558976.971338,-104.58552551269531,-126.5372085571289,1492.9730224609375,0.16425372660160065,0.9749377369880676,-0.15005718171596527,-0.8271352052688599,0.0532410629093647,-0.5594754815101624,-0.5374644994735718,0.21601349115371704,0.8151503205299377
4,1648558977.0076325,-122.11988830566406,-19.975875854492188,1599.7772216796875,0.19646067917346954,-0.8400936126708984,0.5056143999099731,-0.7972840070724487,0.16328753530979156,0.5810984969139099,-0.5707376599311829,-0.5172812938690186,-0.637713611125946
300,1648558977.007663,78.08390045166016,-55.14142608642578,1838.66259765625,0.8765496611595154,-0.010412385687232018,-0.48119884729385376,-0.06268903613090515,0.9887797832489014,-0.13558970391750336,0.47721150517463684,0.14901700615882874,0.8660618662834167
410,1648558977.0076852,-104.69389343261719,-125.951416015625,1493.180419921875,0.16474425792694092,0.9747775197029114,-0.15055932104587555,-0.827984094619751,0.05372261255979538,-0.5581722259521484,-0.5360053181648254,0.21661639213562012,0.8159507513046265
4,1648558977.038323,-122.11470031738281,-20.026199340820312,1599.81494140625,0.19625212252140045,-0.8397942185401917,0.5061924457550049,-0.7977150678634644,0.16345739364624023,0.5804587602615356,-0.5702068209648132,-0.5177136063575745,-0.6378375887870789
300,1648558977.038353,78.08894348144531,-55.13422775268555,1838.6690673828125,0.8762645125389099,-0.01086941547691822,-0.48170769214630127,-0.06283097714185715,0.9886314272880554,-0.13660234212875366,0.4777161478996277,0.14996595680713654,0.8656197190284729
410,1648558977.0383747,-104.75770568847656,-125.38155364990234,1493.477783203125,0.16468144953250885,0.9748672842979431,-0.15004593133926392,-0.8271827697753906,0.053639005869627,-0.5593670606613159,-0.5372602939605713,0.2162327766418457,0.8152267932891846
4,1648558977.106321,-122.16466522216797,-19.9501895904541,1599.7281494140625,0.19486546516418457,-0.8401870131492615,0.5060763359069824,-0.7967435121536255,0.16532708704471588,0.5812630653381348,-0.5720377564430237,-0.5164811015129089,-0.6371970176696777
300,1648558977.106352,78.07447814941406,-55.130252838134766,1838.67041015625,0.876375138759613,-0.01051982119679451,-0.4815142750740051,-0.06284219771623611,0.9887170195579529,-0.1359761655330658,0.47751179337501526,0.14942553639411926,0.865825891494751
410,1648558977.1063719,-104.9498291015625,-124.23198699951172,1494.4356689453125,0.16512054204940796,0.9747538566589355,-0.15030011534690857,-0.8257077932357788,0.0532815158367157,-0.5615761280059814,-0.5393903255462646,0.2168317288160324,0.8136597275733948
4,1648558977.157828,-122.10485076904297,-19.917959213256836,1599.7210693359375,0.1969369351863861,-0.840174674987793,0.5052943825721741,-0.796314001083374,0.163576140999794,0.5823460221290588,-0.571926474571228,-0.5170584321022034,-0.6368286609649658
300,1648558977.1578565,78.0939712524414,-55.125396728515625,1838.6619873046875,0.8761953711509705,-0.010914823971688747,-0.48183244466781616,-0.06280599534511566,0.9886325001716614,-0.13660573959350586,0.47784626483917236,0.14995528757572174,0.8655497431755066
410,1648558977.1578827,-104.85833740234375,-123.5443344116211,1494.808837890625,0.16602933406829834,0.9741930961608887,-0.15291205048561096,-0.8270735740661621,0.05312325060367584,-0.5595777034759521,-0.5370135307312012,0.2193758338689804,0.8145493865013123
4,1648558977.1896756,-122.0425796508789,-19.937747955322266,1599.746826171875,0.19580477476119995,-0.8388797044754028,0.5078792572021484,-0.7972469925880432,0.16539448499679565,0.5805530548095703,-0.5710146427154541,-0.5185802578926086,-0.636409342288971
300,1648558977.189705,78.08663177490234,-55.1353759765625,1838.6708984375,0.8763999938964844,-0.010472003370523453,-0.4814700186252594,-0.06288078427314758,0.9887162446975708,-0.13596394658088684,0.477461040019989,0.14943401515483856,0.865852415561676
410,1648558977.189726,-105.02201080322266,-122.9668960571289,1495.1690673828125,0.1672898232936859,0.9740620255470276,-0.15237216651439667,-0.8260351419448853,0.05410757660865784,-0.5610154271125793,-0.5382193326950073,0.21971693634986877,0.8136610984802246
4,1648558977.2289271,-122.06953430175781,-19.914331436157227,1599.725341796875,0.19544127583503723,-0.8395153284072876,0.5069681406021118,-0.7971680760383606,0.16511604189872742,0.5807406306266785,-0.57124924659729,-0.5176395177841187,-0.6369643807411194
300,1648558977.2289586,78.09378814697266,-55.134056091308594,1838.6790771484375,0.8762831687927246,-0.010666986927390099,-0.481678307056427,-0.06279799342155457,0.9886974096298218,-0.13613909482955933,0.4776862859725952,0.1495448350906372,0.8657090663909912
410,1648558977.2289813,-105.20690155029297,-121.98776245117188,1495.5767822265625,0.16698889434337616,0.9746075868606567,-0.1491803377866745,-0.8255710005760193,0.055496253073215485,-0.561562716960907,-0.5390243530273438,0.2169336974620819,0.8138750195503235
4,1648558977.278434,-122.10896301269531,-19.839635848999023,1599.6787109375,0.19683349132537842,-0.8394630551338196,0.5065158605575562,-0.7966641783714294,0.1641855239868164,0.5816952586174011,-0.5714742541313171,-0.5180201530456543,-0.6364529132843018
300,1648558977.278493,78.09434509277344,-55.132328033447266,1838.733154296875,0.8763198256492615,-0.01083061657845974,-0.48160800337791443,-0.06272357702255249,0.9886711835861206,-0.1363636702299118,0.4776288568973541,0.14970636367797852,0.8657128214836121
410,1648558977.2785175,-105.24583435058594,-120.76051330566406,1496.2791748046875,0.16821645200252533,0.9739346504211426,-0.15216609835624695,-0.8266358375549316,0.055279236286878586,-0.5600155591964722,-0.5370069146156311,0.21998977661132812,0.8143881559371948
4,1648558977.3094163,-122.03997039794922,-19.88983726501465,1599.715087890625,0.1951553225517273,-0.8395040035247803,0.507097065448761,-0.7975630164146423,0.16506777703762054,0.580211877822876,-0.5707955956459045,-0.5176733136177063,-0.6373435258865356
300,1648558977.3094468,78.07978057861328,-55.141143798828125,1838.7655029296875,0.8767302632331848,-0.01065079402178526,-0.48086440563201904,-0.06303737312555313,0.988586962223053,-0.13682861626148224,0.47683361172676086,0.15027421712875366,0.8660527467727661
410,1648558977.3094683,-105.43574523925781,-119.81848907470703,1497.1385498046875,0.16971875727176666,0.9728858470916748,-0.1571262627840042,-0.8256332278251648,0.05331600457429886,-0.561682403087616,-0.5380755066871643,0.2250567078590393,0.8122956156730652
4,1648558977.3499312,-122.08625793457031,-19.892953872680664,1599.706787109375,0.1953020840883255,-0.8397400975227356,0.5066494941711426,-0.7973565459251404,0.16483229398727417,0.5805624723434448,-0.571033775806427,-0.5173653364181519,-0.6373801827430725
300,1648558977.349959,78.08341217041016,-55.149330139160156,1838.7735595703125,0.8764268755912781,-0.01072947308421135,-0.48141542077064514,-0.063135527074337,0.9885608553886414,-0.13697196543216705,0.47737807035446167,0.15044032037258148,0.8657239079475403
410,1648558977.349979,-105.52593994140625,-118.76539611816406,1497.9072265625,0.16779761016368866,0.9733694791793823,-0.1561916470527649,-0.8255054354667664,0.05212923511862755,-0.5619816184043884,-0.538873553276062,0.22323621809482574,0.8122689723968506
4,1648558977.3973835,-122.0855941772461,-19.996673583984375,1599.7681884765625,0.19647479057312012,-0.8391739130020142,0.5071339011192322,-0.7983095645904541,0.16339492797851562,0.5796584486961365,-0.5692973732948303,-0.5187381505966187,-0.6378175616264343
300,1648558977.3974137,78.1020736694336,-55.12851333618164,1838.698486328125,0.8761301636695862,-0.011044337414205074,-0.4819480776786804,-0.06282898783683777,0.9885943531990051,-0.13687105476856232,0.47796279191970825,0.15019716322422028,0.8654434680938721
410,1648558977.397451,-105.74797058105469,-117.45372009277344,1498.501953125,0.17119784653186798,0.9728434681892395,-0.15577828884124756,-0.8260927200317383,0.05557611584663391,-0.5607870221138,-0.5369004011154175,0.22469283640384674,0.8131734728813171
4,1648558977.4302206,-122.20480346679688,-19.961585998535156,1599.7384033203125,0.1950680911540985,-0.8410953879356384,0.5044868588447571,-0.7974169254302979,0.16346406936645508,0.5808663964271545,-0.571029543876648,-0.5155948400497437,-0.6388170719146729
300,1648558977.4302483,78.10367584228516,-55.131866455078125,1838.72900390625,0.8756430745124817,-0.011228478513658047,-0.4828282296657562,-0.06312551349401474,0.9884923100471497,-0.13747058808803558,0.47881555557250977,0.1508539468050003,0.8648576140403748
410,1648558977.430269,-106.04219055175781,-116.4260482788086,1499.2423095703125,0.16978783905506134,0.9737268090248108,-0.15175050497055054,-0.8234695196151733,0.05559279024600983,-0.5646302700042725,-0.5413594245910645,0.22082927823066711,0.8112733364105225
4,1648558977.4672303,-122.11843872070312,-20.06411361694336,1599.8424072265625,0.19541320204734802,-0.84033203125,0.5056240558624268,-0.7980632781982422,0.16339759528636932,0.5799967646598816,-0.5700076222419739,-0.5168590545654297,-0.6387081146240234
300,1648558977.4672616,78.09720611572266,-55.138668060302734,1838.72119140625,0.8762248754501343,-0.010729141533374786,-0.4817829430103302,-0.06272482126951218,0.9887079000473022,-0.13609664142131805,0.4778028130531311,0.14947101473808289,0.8656575083732605
410,1648558977.4672828,-106.27666473388672,-115.59556579589844,1499.85400390625,0.1717938333749771,0.9734774827957153,-0.15109097957611084,-0.822909414768219,0.05749038606882095,-0.5652565360069275,-0.5415782332420349,0.22144177556037903,0.8109602928161621
4,1648558977.5167122,-122.13211059570312,-20.051847457885742,1599.812744140625,0.19558095932006836,-0.840131938457489,0.5058916807174683,-0.7981870174407959,0.1633402705192566,0.5798425674438477,-0.5697767734527588,-0.5172023773193359,-0.6386361718177795
300,1648558977.516742,78.09751892089844,-55.1327018737793,1838.7054443359375,0.8760349750518799,-0.010983956046402454,-0.4821224808692932,-0.0628785565495491,0.9886044263839722,-0.13677561283111572,0.4781307578086853,0.15013538300991058,0.8653613924980164
410,1648558977.5167637,-106.20149230957031,-114.6722412109375,1500.56201171875,0.17129558324813843,0.9730621576309204,-0.15429797768592834,-0.8244500160217285,0.05583203211426735,-0.5631740093231201,-0.5393885374069214,0.22368018329143524,0.8118048906326294
4,1648558977.5500126,-122.13267517089844,-20.013717651367188,1599.7789306640625,0.19589859247207642,-0.8403111696243286,0.5054709911346436,-0.7977003455162048,0.16324551403522491,0.5805385708808899,-0.5703489184379578,-0.5169410705566406,-0.6383369565010071
300,1648558977.5500424,78.0909194946289,-55.12436294555664,1838.75341796875,0.8766807317733765,-0.010836385190486908,-0.48095056414604187,-0.06287580728530884,0.9885895252227783,-0.1368846446275711,0.47694599628448486,0.15024429559707642,0.8659960627555847
410,1648558977.550063,-106.44603729248047,-114.05029296875,1501.143310546875,0.17253640294075012,0.9731058478355408,-0.1526307612657547,-0.8232346177101135,0.057376012206077576,-0.5647944211959839,-0.5408474206924438,0.2230985164642334,0.8109939098358154
4,1648558977.5862818,-122.05770111083984,-19.995155334472656,1599.7960205078125,0.19682638347148895,-0.8401308059692383,0.5054103136062622,-0.7979332804679871,0.16227440536022186,0.58049076795578,-0.5697033405303955,-0.5175396203994751,-0.6384283900260925
300,1648558977.586311,78.0826644897461,-55.132144927978516,1838.7418212890625,0.8766582012176514,-0.010773708112537861,-0.4809930622577667,-0.06277408450841904,0.9886413812637329,-0.13655655086040497,0.4770008325576782,0.14990732073783875,0.8660242557525635
410,1648558977.586332,-106.50138854980469,-113.24925231933594,1501.6455078125,0.17113837599754333,0.973438024520874,-0.1520858108997345,-0.824134111404419,0.05684524029493332,-0.5635349154472351,-0.5399209260940552,0.22178155183792114,0.81197190284729
4,1648558977.6355588,-122.09297943115234,-19.95050811767578,1599.7977294921875,0.1959408074617386,-0.8410040140151978,0.5043009519577026,-0.7969303727149963,0.16310067474842072,0.5816357731819153,-0.5714098215103149,-0.5158589482307434,-0.6382635235786438
300,1648558977.6355891,78.08589935302734,-55.13433074951172,1838.681884765625,0.876532256603241,-0.010524881072342396,-0.4812280237674713,-0.06288295984268188,0.9886888861656189,-0.13616159558296204,0.4772178828716278,0.14961107075214386,0.8659558892250061
410,1648558977.6356108,-106.6550064086914,-111.84762573242188,1502.511962890625,0.17062729597091675,0.9735265970230103,-0.15209291875362396,-0.8243446350097656,0.05648259446024895,-0.5632634162902832,-0.5397613048553467,0.22148509323596954,0.8121588826179504
4,1648558977.669143,-122.16226959228516,-19.95143699645996,1599.7537841796875,0.19621896743774414,-0.8404908180236816,0.5050477981567383,-0.7976150512695312,0.162782683968544,0.5807857513427734,-0.5703580975532532,-0.5167949199676514,-0.6384470462799072
300,1648558977.6691864,78.07764434814453,-55.12742233276367,1838.672607421875,0.8767252564430237,-0.010682355612516403,-0.4808729290962219,-0.0627996027469635,0.988653302192688,-0.1364583820104599,0.47687429189682007,0.14983513951301575,0.8661064505577087
410,1648558977.669208,-107.05349731445312,-110.82828521728516,1502.921875,0.17319606244564056,0.9737151861190796,-0.1479252725839615,-0.8234918713569641,0.06078416109085083,-0.5640624165534973,-0.5402446389198303,0.21950864791870117,0.8123741149902344
4,1648558977.70486,-122.18601989746094,-19.936403274536133,1599.7508544921875,0.1956319808959961,-0.840509831905365,0.5052438378334045,-0.7971742749214172,0.16377082467079163,0.5811129808425903,-0.5711753964424133,-0.5164516568183899,-0.6379939913749695
300,1648558977.7048893,78.0727767944336,-55.129844665527344,1838.7054443359375,0.8769741058349609,-0.010659349150955677,-0.48041942715644836,-0.06299670040607452,0.9885754585266113,-0.1369304358959198,0.47639045119285583,0.15034928917884827,0.8662835955619812
410,1648558977.70491,-107.27967834472656,-109.70877838134766,1503.472900390625,0.17309263348579407,0.9737315773963928,-0.14793844521045685,-0.8227732181549072,0.0603947676718235,-0.5651518702507019,-0.5413715243339539,0.21954341232776642,0.8116141557693481
4,1648558977.756153,-122.05115509033203,-20.03664207458496,1599.8834228515625,0.19699622690677643,-0.8398513793945312,0.5058083534240723,-0.7976675033569336,0.16265948116779327,0.5807481408119202,-0.5700166821479797,-0.5178720951080322,-0.6378788948059082
300,1648558977.7561827,78.0987777709961,-55.121612548828125,1838.776123046875,0.8761743903160095,-0.011236988008022308,-0.48186320066452026,-0.06280691921710968,0.9885425567626953,-0.13725484907627106,0.4778846204280853,0.15052352845668793,0.8654299378395081
410,1648558977.7562032,-107.4913101196289,-108.04061889648438,1504.72802734375,0.17351290583610535,0.9733411073684692,-0.15000109374523163,-0.823053777217865,0.0596778467297554,-0.5648195147514343,-0.5408102869987488,0.2214624434709549,0.8114669322967529
4,1648558977.7879431,-122.1307601928711,-19.9792537689209,1599.8385009765625,0.19580718874931335,-0.8416715264320374,0.5032381415367126,-0.7966117858886719,0.16275598108768463,0.582168459892273,-0.5718996524810791,-0.5148782134056091,-0.6386166214942932
300,1648558977.7879713,78.09980010986328,-55.128761291503906,1838.68408203125,0.8758832216262817,-0.010905519127845764,-0.4823998510837555,-0.06300904601812363,0.9885992407798767,-0.13675326108932495,0.47839146852493286,0.15017543733119965,0.8652103543281555
410,1648558977.7879927,-107.67491149902344,-107.02328491210938,1505.3876953125,0.1735207736492157,0.9734807014465332,-0.1490832418203354,-0.823066771030426,0.0602225698530674,-0.5647426843643188,-0.540787935256958,0.22070004045963287,0.8116894960403442
4,1648558977.8239348,-122.10791778564453,-20.021509170532227,1599.869140625,0.19677260518074036,-0.8410927057266235,0.5038289427757263,-0.7970593571662903,0.16201461851596832,0.5817624926567078,-0.5709438323974609,-0.516056478023529,-0.6385208368301392
300,1648558977.8239663,78.0881118774414,-55.13343811035156,1838.7147216796875,0.8765497803688049,-0.010762123391032219,-0.48119091987609863,-0.0627945065498352,0.9886478781700134,-0.1364997923374176,0.47719740867614746,0.14986500144004822,0.865923285484314
410,1648558977.8239884,-107.90562438964844,-105.89552307128906,1506.064208984375,0.17457105219364166,0.9732668399810791,-0.14925341308116913,-0.8234016299247742,0.06117592751979828,-0.5641518235206604,-0.5399395227432251,0.2213800847530365,0.8120690584182739
4,1648558977.87307,-122.11201477050781,-19.97784996032715,1599.8094482421875,0.19598358869552612,-0.8402969241142273,0.5054616332054138,-0.7976557612419128,0.1632137894630432,0.5806087851524353,-0.5703821182250977,-0.516974151134491,-0.63828045129776
300,1648558977.8731003,78.09171295166016,-55.1256217956543,1838.6771240234375,0.876337468624115,-0.011009866371750832,-0.48157182335853577,-0.06299859285354614,0.9885322451591492,-0.13724149763584137,0.47756028175354004,0.15060821175575256,0.865594208240509
410,1648558977.873121,-108.20248413085938,-104.37303161621094,1507.3123779296875,0.1737997978925705,0.9732675552368164,-0.15014630556106567,-0.8228552937507629,0.05976204574108124,-0.5650996565818787,-0.5410200953483582,0.22176291048526764,0.8112449645996094
4,1648558977.9227493,-122.09293365478516,-20.022409439086914,1599.8634033203125,0.19525429606437683,-0.8398122787475586,0.5065481662750244,-0.7975122332572937,0.16465812921524048,0.5803981423377991,-0.5708327293395996,-0.5173035860061646,-0.6376103758811951
300,1648558977.9227815,78.10447692871094,-55.130245208740234,1838.679443359375,0.8759838938713074,-0.011219149455428123,-0.48220983147621155,-0.06290917098522186,0.988532543182373,-0.13728031516075134,0.47822028398513794,0.15059076249599457,0.8652327656745911
410,1648558977.922804,-108.54036712646484,-102.71730041503906,1508.5880126953125,0.17349080741405487,0.9730390906333923,-0.1519734263420105,-0.8236303329467773,0.05875179544091225,-0.5640755891799927,-0.5399388670921326,0.22303184866905212,0.811617374420166
4,1648558977.9565392,-122.22814178466797,-19.94049072265625,1599.7115478515625,0.19509394466876984,-0.8405879139900208,0.5053219795227051,-0.7973238825798035,0.16410501301288605,0.5808133482933044,-0.571150541305542,-0.5162184834480286,-0.6382049322128296
300,1648558977.9565678,78.10073852539062,-55.13050842285156,1838.726318359375,0.8759053945541382,-0.01089553814381361,-0.4823598265647888,-0.06301041692495346,0.9885996580123901,-0.13674955070018768,0.4783507287502289,0.1501733660697937,0.8652332425117493
410,1648558977.9566014,-109.01642608642578,-101.42137145996094,1509.3477783203125,0.17410655319690704,0.9733567833900452,-0.14920945465564728,-0.8229981064796448,0.060631442815065384,-0.5647990107536316,-0.5407041311264038,0.22113430500030518,0.8116271495819092
4,1648558977.9958339,-122.30661010742188,-19.952327728271484,1599.7110595703125,0.1945551633834839,-0.8409159779548645,0.5049837231636047,-0.7974644303321838,0.16416043043136597,0.5806047320365906,-0.5711381435394287,-0.5156661868095398,-0.6386623382568359
300,1648558977.995865,78.08624267578125,-55.14288330078125,1838.7298583984375,0.8761820793151855,-0.010444669052958488,-0.48186710476875305,-0.06280871480703354,0.9887656569480896,-0.13563738763332367,0.4778703451156616,0.14910849928855896,0.8656827211380005
410,1648558977.9958863,-109.52064514160156,-99.9339828491211,1510.200439453125,0.1742018461227417,0.9734799265861511,-0.1482919454574585,-0.8226017951965332,0.061085257679224014,-0.5653272271156311,-0.5412762761116028,0.2204662710428238,0.8114275336265564
4,1648558978.0471835,-122.29940032958984,-20.030916213989258,1599.8201904296875,0.1939539909362793,-0.8405483961105347,0.5058262944221497,-0.7977925539016724,0.16490961611270905,0.5799412727355957,-0.5708843469619751,-0.5160263776779175,-0.6385983228683472
300,1648558978.0472128,78.07667541503906,-55.13691711425781,1838.6973876953125,0.8766101598739624,-0.010683093219995499,-0.48108261823654175,-0.06289821863174438,0.988632321357727,-0.13656462728977203,0.4770727753639221,0.14997318387031555,0.8659732341766357
