300,1648559558.0339038,77.55887603759766,-55.457096099853516,1839.1876220703125,0.8704459071159363,-0.009357733651995659,-0.4921751618385315,-0.06713085621595383,0.9882222414016724,-0.13751466572284698,0.4876652657985687,0.15273921191692352,0.859565794467926
4,1648559558.033932,-200.75819396972656,-79.47598266601562,1715.423583984375,-0.2361774742603302,-0.9048066735267639,0.35432347655296326,-0.9537308216094971,0.14602799713611603,-0.2628181278705597,0.1860584318637848,-0.4000009596347809,-0.8974304795265198
410,1648559558.0339525,-205.22854614257812,-275.3841247558594,1752.421875,-0.1987018883228302,0.6237574815750122,-0.7559393048286438,-0.9552468061447144,0.04920196160674095,0.29168936610221863,0.21913711726665497,0.7800678014755249,0.5860658288002014
300,1648559558.0745778,77.55769348144531,-55.4541130065918,1839.167236328125,0.8700336813926697,-0.00949546042829752,-0.4929007887840271,-0.06719628721475601,0.9881992936134338,-0.13764725625514984,0.488391250371933,0.15287886559963226,0.8591286540031433
4,1648559558.0746381,-200.58602905273438,-79.5017318725586,1715.40966796875,-0.23526716232299805,-0.9044138789176941,0.3559282124042511,-0.9535181522369385,0.14383266866207123,-0.26479285955429077,0.18828824162483215,-0.4016810655593872,-0.8962141871452332
410,1648559558.0746598,-204.9088897705078,-275.4088439941406,1752.878173828125,-0.19830574095249176,0.6235819458961487,-0.7561880946159363,-0.9550403356552124,0.050545547157526016,0.2921353578567505,0.22039227187633514,0.7801222205162048,0.585522472858429
300,1648559558.1118457,77.568603515625,-55.456764221191406,1839.1915283203125,0.8697200417518616,-0.009341766126453876,-0.4934569299221039,-0.06712707132101059,0.9882910251617432,-0.13702136278152466,0.48895904421806335,0.15229454636573792,0.8589094281196594
4,1648559558.1118734,-201.05491638183594,-79.43161010742188,1715.2303466796875,-0.23864589631557465,-0.9055128693580627,0.35084840655326843,-0.9528895616531372,0.14870108664035797,-0.26436614990234375,0.1872154027223587,-0.39740967750549316,-0.89834064245224
410,1648559558.1118927,-204.66177368164062,-275.46405029296875,1753.037353515625,-0.19717521965503693,0.6241036653518677,-0.7560532689094543,-0.9550371170043945,0.051896821707487106,0.2919088900089264,0.22141817212104797,0.779616117477417,0.5858094096183777
300,1648559558.155919,77.57839965820312,-55.45926284790039,1839.2381591796875,0.8700562715530396,-0.009441673755645752,-0.49286192655563354,-0.06715620309114456,0.9882249236106873,-0.13748307526111603,0.48835650086402893,0.1527167558670044,0.8591772317886353
4,1648559558.1559474,-201.14779663085938,-79.39696502685547,1715.1680908203125,-0.24003520607948303,-0.9039500951766968,0.3539171814918518,-0.9526355862617493,0.1492125540971756,-0.26499247550964355,0.18673108518123627,-0.4007616341114044,-0.8969513177871704
410,1648559558.1559668,-204.51364135742188,-275.3318786621094,1753.00537109375,-0.19461877644062042,0.6254293322563171,-0.7556200623512268,-0.9554151892662048,0.05351768061518669,0.29037511348724365,0.22204814851284027,0.7784433364868164,0.5871291160583496
300,1648559558.205224,77.56795501708984,-55.468326568603516,1839.28662109375,0.8703678846359253,-0.009089550003409386,-0.49231812357902527,-0.0670008733868599,0.9883443117141724,-0.13669821619987488,0.48782235383987427,0.1519634872674942,0.8596141338348389
4,1648559558.2052534,-200.7429962158203,-79.46141815185547,1715.268798828125,-0.23640090227127075,-0.9041445851325989,0.3558611571788788,-0.9537575840950012,0.1459522694349289,-0.262763112783432,0.18563710153102875,-0.4015227258205414,-0.8968380093574524
300,1648559558.244404,77.56719970703125,-55.46318817138672,1839.2257080078125,0.8701359629631042,-0.009156286716461182,-0.49272671341896057,-0.06708493828773499,0.9883196353912354,-0.13683518767356873,0.4882243871688843,0.15211975574493408,0.8593581914901733
4,1648559558.2444506,-200.99974060058594,-79.4155044555664,1715.1685791015625,-0.23855601251125336,-0.9057046175003052,0.35041433572769165,-0.9528761506080627,0.14867354929447174,-0.26442989706993103,0.1873980164527893,-0.3969827890396118,-0.8984913229942322
410,1648559558.2444692,-204.393310546875,-275.4656677246094,1753.406005859375,-0.19645515084266663,0.6234808564186096,-0.7567542791366577,-0.9546940326690674,0.05431519076228142,0.2925904095172882,0.22352775931358337,0.7799496650695801,0.5845629572868347
300,1648559558.2828414,77.56163024902344,-55.45425033569336,1839.2030029296875,0.8698770403862,-0.00956802349537611,-0.49317577481269836,-0.06720440089702606,0.988190233707428,-0.13770869374275208,0.4886690676212311,0.15293321013450623,0.8589609861373901
4,1648559558.282868,-201.5101776123047,-79.3408203125,1715.2130126953125,-0.24152643978595734,-0.9058735370635986,0.3479340076446533,-0.9523571133613586,0.15246766805648804,-0.26413917541503906,0.18622802197933197,-0.39515402913093567,-0.8995401263237
410,1648559558.2828875,-204.43605041503906,-275.5374755859375,1753.2984619140625,-0.19652484357357025,0.6245668530464172,-0.7558401226997375,-0.954241931438446,0.05537038668990135,0.29386472702026367,0.22538933157920837,0.7790060043334961,0.5851061940193176
300,1648559558.322016,77.55781555175781,-55.45951843261719,1839.216552734375,0.8701264262199402,-0.008946449495851994,-0.49274742603302,-0.06700356304645538,0.9884039163589478,-0.1362650990486145,0.48825258016586304,0.1515836864709854,0.8594369292259216
4,1648559558.3220415,-201.28269958496094,-79.38265991210938,1715.315185546875,-0.24044179916381836,-0.9043796062469482,0.3525412380695343,-0.9524765610694885,0.14984773099422455,-0.2652057409286499,0.18701913952827454,-0.3995538055896759,-0.8974300026893616
410,1648559558.32206,-204.57662963867188,-275.40350341796875,1753.088134765625,-0.1948997527360916,0.6255896091461182,-0.7554149627685547,-0.9548802971839905,0.05494437739253044,0.29186418652534485,0.2240930050611496,0.7782151103019714,0.586654543876648
300,1648559558.3601313,77.5700912475586,-55.45175552368164,1839.189697265625,0.8703947067260742,-0.009072908200323582,-0.4922710061073303,-0.06703516840934753,0.988335907459259,-0.1367420256137848,0.48776975274086,0.15201900899410248,0.8596341609954834
4,1648559558.3601582,-200.81202697753906,-79.44830322265625,1715.5098876953125,-0.23720037937164307,-0.9041982293128967,0.35519227385520935,-0.9530686736106873,0.1457878053188324,-0.26534131169319153,0.1881384402513504,-0.4014616906642914,-0.8963439464569092
410,1648559558.3601785,-204.60011291503906,-275.43963623046875,1752.8948974609375,-0.1960594207048416,0.6247135996818542,-0.7558397054672241,-0.9550808668136597,0.05302061885595322,0.2915635406970978,0.22221879661083221,0.7790518403053284,0.5862568020820618
300,1648559558.3977082,77.56179809570312,-55.4582405090332,1839.1986083984375,0.870109498500824,-0.009141046553850174,-0.4927736818790436,-0.06709731370210648,0.9883223176002502,-0.13680988550186157,0.4882698357105255,0.15210336446762085,0.8593353033065796
4,1648559558.397735,-200.74801635742188,-79.46673583984375,1715.481201171875,-0.23649440705776215,-0.9042006134986877,0.35565656423568726,-0.9534112215042114,0.1453970968723297,-0.2643231749534607,0.1872897446155548,-0.40159791707992554,-0.8964606523513794
300,1648559558.4374917,77.56501007080078,-55.450660705566406,1839.1827392578125,0.8698097467422485,-0.009423763491213322,-0.493297278881073,-0.06715822219848633,0.988250732421875,-0.13729634881019592,0.4887952208518982,0.15255066752433777,0.8589572310447693
4,1648559558.4375196,-201.26580810546875,-79.39008331298828,1715.247802734375,-0.2402190864086151,-0.9047044515609741,0.35185888409614563,-0.9525817632675171,0.14995890855789185,-0.2647647261619568,0.18676945567131042,-0.3987758755683899,-0.8978279232978821
410,1648559558.43754,-205.08700561523438,-275.2909240722656,1752.4420166015625,-0.19701965153217316,0.6291828751564026,-0.7518724203109741,-0.9548249840736389,0.05088204890489578,0.2927802503108978,0.22246912121772766,0.7755900621414185,0.5907347798347473
300,1648559558.4781127,77.55799102783203,-55.45741653442383,1839.201171875,0.869929313659668,-0.00887129083275795,-0.49309661984443665,-0.06688433885574341,0.9884784817695618,-0.1357821673154831,0.48861998319625854,0.15110132098197937,0.8593130707740784
4,1648559558.4781394,-201.4610137939453,-79.34133911132812,1715.192626953125,-0.24195817112922668,-0.9039780497550964,0.35253357887268066,-0.9523899555206299,0.1518041342496872,-0.26440295577049255,0.1854984164237976,-0.3997238874435425,-0.8976698517799377
410,1648559558.4781578,-205.4945526123047,-274.7683410644531,1752.266845703125,-0.196151465177536,0.6288557648658752,-0.7523729205131531,-0.9550978541374207,0.05123436078429222,0.29182717204093933,0.2220645546913147,0.7758321166038513,0.5905691385269165
300,1648559558.5152848,77.56887817382812,-55.45866775512695,1839.2110595703125,0.8701001405715942,-0.009055976755917072,-0.4927917420864105,-0.06695824861526489,0.9883899688720703,-0.13638868927955627,0.48830556869506836,0.15166828036308289,0.8593918681144714
4,1648559558.5153112,-201.13882446289062,-79.40343475341797,1715.3326416015625,-0.24008597433567047,-0.9026469588279724,0.3571935296058655,-0.9527313709259033,0.14852960407733917,-0.2650317847728729,0.18617631494998932,-0.4039399027824402,-0.895639955997467
410,1648559558.5153317,-205.7812042236328,-274.5645446777344,1752.080810546875,-0.1973380744457245,0.6295797824859619,-0.7514565587043762,-0.9551572203636169,0.049131590873003006,0.29199445247650146,0.22075407207012177,0.7753807902336121,0.5916521549224854
300,1648559558.555582,77.57563781738281,-55.456336975097656,1839.19091796875,0.8698815107345581,-0.009135797619819641,-0.49317607283592224,-0.06703393906354904,0.9883631467819214,-0.13654570281505585,0.4886845052242279,0.15183810889720917,0.8591464757919312
4,1648559558.5556085,-201.12530517578125,-79.40741729736328,1715.3985595703125,-0.2401324212551117,-0.9031796455383301,0.35581302642822266,-0.9525043368339539,0.14851044118404388,-0.265857458114624,0.18727509677410126,-0.40275442600250244,-0.8959447145462036
410,1648559558.555627,-206.08575439453125,-274.5509948730469,1751.7781982421875,-0.1984412968158722,0.631713330745697,-0.749372661113739,-0.9551161527633667,0.04693485423922539,0.29248979687690735,0.2199413925409317,0.7737799286842346,0.5940457582473755
300,1648559558.593209,77.5538101196289,-55.45193862915039,1839.216552734375,0.8706803321838379,-0.009165777824819088,-0.4917639493942261,-0.06711535900831223,0.9882602095603943,-0.1372491717338562,0.4872487187385559,0.1525050699710846,0.8598435521125793
4,1648559558.5932355,-201.3614959716797,-79.38185119628906,1715.41357421875,-0.24192310869693756,-0.9029355645179749,0.3552190661430359,-0.9520188570022583,0.15016686916351318,-0.26666462421417236,0.18743883073329926,-0.40268757939338684,-0.8959404826164246
410,1648559558.5932553,-206.52435302734375,-274.4901428222656,1751.3563232421875,-0.19766615331172943,0.6354171633720398,-0.7464403510093689,-0.9555091857910156,0.04517055302858353,0.2914820611476898,0.21892982721328735,0.7708467245101929,0.5982182621955872
300,1648559558.632136,77.55513000488281,-55.46139907836914,1839.2037353515625,0.8700163960456848,-0.009018991142511368,-0.49294033646583557,-0.06697113066911697,0.9884033799171448,-0.13628502190113068,0.48845306038856506,0.1515829712152481,0.8593231439590454
4,1648559558.6321616,-201.53021240234375,-79.34602355957031,1715.2913818359375,-0.24305394291877747,-0.9028330445289612,0.3547073304653168,-0.9521061182022095,0.15210691094398499,-0.26524966955184937,0.18552272021770477,-0.4021890163421631,-0.8965630531311035
410,1648559558.6321795,-206.90298461914062,-274.4747619628906,1751.205322265625,-0.19763489067554474,0.6358988285064697,-0.7460383176803589,-0.9554936289787292,0.04508020728826523,0.29154711961746216,0.21902602910995483,0.7704547047615051,0.5986878275871277
300,1648559558.671444,77.56795501708984,-55.45653533935547,1839.1854248046875,0.8701713681221008,-0.009290986694395542,-0.49266159534454346,-0.06717009842395782,0.9882525205612183,-0.13727746903896332,0.488149493932724,0.15254704654216766,0.8593249917030334
4,1648559558.671471,-201.62315368652344,-79.32137298583984,1715.084228515625,-0.24451623857021332,-0.9013026356697083,0.357582688331604,-0.9520054459571838,0.15312552452087402,-0.26502498984336853,0.18411268293857574,-0.4052235782146454,-0.8954866528511047
410,1648559558.6714907,-207.17739868164062,-274.47344970703125,1750.9833984375,-0.1977519392967224,0.6381823420524597,-0.7440547347068787,-0.9551591277122498,0.04519578069448471,0.29262325167655945,0.22037513554096222,0.7685574889183044,0.600628137588501
300,1648559558.7115324,77.58795928955078,-55.46052932739258,1839.180419921875,0.8699986934661865,-0.009730697609484196,-0.4929579794406891,-0.0672869086265564,0.9881081581115723,-0.1382562220096588,0.48844113945961,0.15345235168933868,0.8589980602264404
4,1648559558.7115605,-201.68345642089844,-79.31546020507812,1714.93896484375,-0.24566423892974854,-0.9008340835571289,0.3579763174057007,-0.951617419719696,0.15379871428012848,-0.26602670550346375,0.18458960950374603,-0.4060097634792328,-0.8950322866439819
410,1648559558.7115803,-207.40643310546875,-274.4410400390625,1750.6009521484375,-0.19711820781230927,0.6417141556739807,-0.7411797046661377,-0.9553169012069702,0.04412464052438736,0.29227155447006226,0.22025908529758453,0.7656735181808472,0.6043425798416138
300,1648559558.7604308,77.57688903808594,-55.46790313720703,1839.2166748046875,0.8701972961425781,-0.009452613070607185,-0.4926127791404724,-0.06728184968233109,0.9881701469421387,-0.13781467080116272,0.4880879819393158,0.1530698537826538,0.859266996383667
4,1648559558.7604592,-201.60992431640625,-79.30193328857422,1714.89599609375,-0.24474205076694489,-0.9012911915779114,0.3574570119380951,-0.9519864320755005,0.15344370901584625,-0.26490917801856995,0.1839107871055603,-0.4051286280155182,-0.8955711126327515
410,1648559558.7604783,-207.38809204101562,-274.4510803222656,1750.5335693359375,-0.1964932531118393,0.6445830464363098,-0.7388525605201721,-0.9555494785308838,0.04304123669862747,0.29167211055755615,0.21980801224708557,0.7633218169212341,0.6074736714363098
300,1648559558.8295867,77.55741119384766,-55.46216583251953,1839.239990234375,0.8702594041824341,-0.00923578068614006,-0.49250712990760803,-0.06713041663169861,0.9882726669311523,-0.13715200126171112,0.48799803853034973,0.1524200290441513,0.8594335913658142
4,1648559558.8296142,-201.5011749267578,-79.32913970947266,1715.050537109375,-0.24364294111728668,-0.9017249941825867,0.35711368918418884,-0.9521006941795349,0.15222567319869995,-0.26520103216171265,0.18477652966976166,-0.40462255477905273,-0.8956217169761658
410,1648559558.8296328,-207.30824279785156,-274.4571533203125,1750.8670654296875,-0.1960030496120453,0.6471836566925049,-0.7367062568664551,-0.9552337527275085,0.04377210885286331,0.2925960421562195,0.22161056101322174,0.7610763907432556,0.6096322536468506
300,1648559558.870896,77.56380462646484,-55.456825256347656,1839.2476806640625,0.8699110150337219,-0.009317834861576557,-0.4931206703186035,-0.06713737547397614,0.9882779121398926,-0.13711075484752655,0.48861783742904663,0.15238098800182343,0.8590882420539856
4,1648559558.8709261,-201.51234436035156,-79.32894134521484,1715.2021484375,-0.24347788095474243,-0.9019063711166382,0.3567679524421692,-0.9521605968475342,0.1522231251001358,-0.26498743891716003,0.18468554317951202,-0.40421897172927856,-0.8958227038383484
410,1648559558.870946,-207.36233520507812,-274.41168212890625,1751.0924072265625,-0.19525183737277985,0.6493714451789856,-0.7349784970283508,-0.9552615880966187,0.04383014515042305,0.2924964725971222,0.22215308248996735,0.7592072486877441,0.6117616891860962
300,1648559558.908719,77.5732421875,-55.4456901550293,1839.2122802734375,0.8700441122055054,-0.009293535724282265,-0.4928862750530243,-0.06701056659221649,0.9883126616477966,-0.1369221955537796,0.4883982241153717,0.15215693414211273,0.8592528104782104
4,1648559558.9087465,-201.49575805664062,-79.33617401123047,1715.3106689453125,-0.24343909323215485,-0.9014571905136108,0.3579277992248535,-0.9520900845527649,0.15167228877544403,-0.2655560076236725,0.18509966135025024,-0.4054262042045593,-0.8951914310455322
410,1648559558.908766,-207.3411407470703,-274.36724853515625,1751.479736328125,-0.19497297704219818,0.6488589644432068,-0.7355049848556519,-0.9550405740737915,0.04516617953777313,0.29301443696022034,0.22334501147270203,0.7595670223236084,0.6108804941177368
300,1648559558.9474869,77.54824829101562,-55.453460693359375,1839.2515869140625,0.8707883954048157,-0.0092279938980937,-0.4915713667869568,-0.06714115291833878,0.9882252812385559,-0.13748781383037567,0.48705199360847473,0.15272745490074158,0.8599154949188232
4,1648559558.9475121,-201.39564514160156,-79.3649673461914,1715.383544921875,-0.24321818351745605,-0.9009336233139038,0.35939326882362366,-0.9518408179283142,0.15038008987903595,-0.2671795189380646,0.18666541576385498,-0.40706807374954224,-0.8941205739974976
410,1648559558.9475307,-207.24705505371094,-274.3821716308594,1751.772216796875,-0.19505886733531952,0.6497624516487122,-0.7346841096878052,-0.9545623064041138,0.04630758985877037,0.2943915128707886,0.22530601918697357,0.7587254643440247,0.6112060546875
300,1648559558.9903882,77.55709075927734,-55.458892822265625,1839.2503662109375,0.870306670665741,-0.00933531578630209,-0.4924217462539673,-0.0671917051076889,0.9882215857505798,-0.13748936355113983,0.4879053235054016,0.15274456143379211,0.8594285845756531
4,1648559558.9904156,-201.35340881347656,-79.37987518310547,1715.5009765625,-0.24279116094112396,-0.901053786277771,0.3593807518482208,-0.9517711997032166,0.14962658286094666,-0.26784971356391907,0.1875740885734558,-0.4070797860622406,-0.8939250707626343
410,1648559558.9904351,-207.17755126953125,-274.3783264160156,1752.0115966796875,-0.1951892375946045,0.6499642133712769,-0.7344710230827332,-0.9542144536972046,0.04721871018409729,0.29537293314933777,0.22666260600090027,0.7584964632987976,0.6109886765480042
300,1648559559.0414085,77.56452941894531,-55.466365814208984,1839.2545166015625,0.8700569868087769,-0.009236232377588749,-0.49286457896232605,-0.06704861670732498,0.9883155822753906,-0.13688229024410248,0.48837003111839294,0.152141273021698,0.8592716455459595
4,1648559559.0414338,-201.189208984375,-79.40802764892578,1715.597412109375,-0.24166513979434967,-0.9009965658187866,0.36028197407722473,-0.9518653750419617,0.1479700654745102,-0.2684346139431,0.18854773044586182,-0.4078112244606018,-0.8933866620063782
410,1648559559.0414531,-207.0816192626953,-274.4406433105469,1752.4471435546875,-0.19599267840385437,0.6494147181510925,-0.734743058681488,-0.9539403319358826,0.04727482795715332,0.2962481677532196,0.22712276875972748,0.7589635252952576,0.6102373600006104
300,1648559559.0801232,77.5736083984375,-55.46533203125,1839.233154296875,0.8700734376907349,-0.009285176172852516,-0.4928347170352936,-0.06722266972064972,0.9882462620735168,-0.13729692995548248,0.4883168637752533,0.15258808434009552,0.8592225909233093
4,1648559559.0801487,-201.15615844726562,-79.40911865234375,1715.593505859375,-0.24141617119312286,-0.9012138843536377,0.3599052131175995,-0.9518752694129944,0.14775237441062927,-0.2685195505619049,0.18881668150424957,-0.4074098467826843,-0.893513023853302
410,1648559559.0801678,-207.1450653076172,-274.43389892578125,1752.7088623046875,-0.19649429619312286,0.64986252784729,-0.7342129349708557,-0.9536715149879456,0.047314614057540894,0.29710590839385986,0.22781699895858765,0.7585776448249817,0.6104583740234375
300,1648559559.1174734,77.57061767578125,-55.472496032714844,1839.265625,0.8703991174697876,-0.00921590719372034,-0.49226057529449463,-0.06718366593122482,0.9882493615150452,-0.13729357719421387,0.48774147033691406,0.15257208049297333,0.8595522046089172
4,1648559559.1174994,-201.11068725585938,-79.41331481933594,1715.557373046875,-0.24113526940345764,-0.9021110534667969,0.3578398823738098,-0.9517571330070496,0.14771901071071625,-0.2689562141895294,0.18976862728595734,-0.40543150901794434,-0.894210934638977
410,1648559559.1175199,-207.26255798339844,-274.456298828125,1752.9560546875,-0.19740931689739227,0.6498046517372131,-0.7340187430381775,-0.9531665444374084,0.04778207466006279,0.2986476421356201,0.22913557291030884,0.7585979104042053,0.6099393963813782
300,1648559559.1575775,77.57852172851562,-55.46171569824219,1839.270751953125,0.8699473738670349,-0.009117510169744492,-0.49306023120880127,-0.06714759021997452,0.9883272051811218,-0.13674992322921753,0.48855167627334595,0.15207304060459137,0.8591804504394531
4,1648559559.1576045,-201.2196044921875,-79.36540985107422,1715.513427734375,-0.2418772280216217,-0.9017404913902283,0.35827285051345825,-0.9515804052352905,0.1482551246881485,-0.26928630471229553,0.1897106021642685,-0.4060596823692322,-0.8939381837844849
410,1648559559.1576245,-207.45611572265625,-274.4017333984375,1753.036865234375,-0.19783782958984375,0.6510416269302368,-0.7328062653541565,-0.9526714086532593,0.04833250865340233,0.30013513565063477,0.23081883788108826,0.7575016617774963,0.6106667518615723
300,1648559559.2071567,77.57250213623047,-55.47059631347656,1839.2374267578125,0.8697594404220581,-0.009026575833559036,-0.4933933913707733,-0.06709756702184677,0.9883840680122375,-0.1363627314567566,0.488893061876297,0.15170826017856598,0.8590507507324219
4,1648559559.207184,-201.3092803955078,-79.3541030883789,1715.4326171875,-0.2422613501548767,-0.9021027088165283,0.3570995628833771,-0.9517459869384766,0.14950090646743774,-0.2680094838142395,0.18838538229465485,-0.40479642152786255,-0.8947909474372864
410,1648559559.2072039,-207.6241455078125,-274.3507385253906,1753.079345703125,-0.19846904277801514,0.6499133706092834,-0.7336366176605225,-0.9523100852966309,0.04913122579455376,0.3011505901813507,0.2317662537097931,0.7584185600280762,0.6091679930686951
300,1648559559.2582653,77.57992553710938,-55.46612548828125,1839.177978515625,0.8698717355728149,-0.008972262032330036,-0.4931963384151459,-0.06706590205430984,0.9883993268013,-0.13626806437969208,0.4886975586414337,0.15161240100860596,0.859178900718689
4,1648559559.2582898,-201.0513458251953,-79.37747955322266,1715.3541259765625,-0.24046237766742706,-0.9021275043487549,0.35825106501579285,-0.9523031115531921,0.14782226085662842,-0.2669595777988434,0.18787409365177155,-0.40535733103752136,-0.8946444988250732
410,1648559559.2583084,-207.47584533691406,-274.44171142578125,1752.8089599609375,-0.19925342500209808,0.6524941325187683,-0.7311289310455322,-0.9521332383155823,0.047591034322977066,0.301955908536911,0.23181962966918945,0.7562978863716125,0.6117786765098572
300,1648559559.297377,77.56961822509766,-55.46871566772461,1839.248779296875,0.8701826930046082,-0.009095012210309505,-0.4926452934741974,-0.067064568400383,0.9883389472961426,-0.13670562207698822,0.4881438910961151,0.151997908949852,0.8594254851341248
4,1648559559.2974088,-200.95489501953125,-79.41401672363281,1715.3758544921875,-0.23968720436096191,-0.9027044773101807,0.35731586813926697,-0.952390193939209,0.14719566702842712,-0.26699501276016235,0.18842224776744843,-0.40429940819740295,-0.895007848739624
410,1648559559.2974281,-207.3840789794922,-274.49774169921875,1752.6654052734375,-0.19906102120876312,0.6526318192481995,-0.7310584187507629,-0.9525694251060486,0.04636593908071518,0.3007684648036957,0.2301872819662094,0.7562552094459534,0.6124474406242371
300,1648559559.3348577,77.56969451904297,-55.4664421081543,1839.208740234375,0.8697558045387268,-0.008879927918314934,-0.4934024512767792,-0.06694532185792923,0.9884719848632812,-0.13579916954040527,0.4889203906059265,0.15114310383796692,0.8591347932815552
4,1648559559.3348851,-200.91238403320312,-79.4123764038086,1715.498779296875,-0.23907515406608582,-0.9027050137519836,0.35772430896759033,-0.9525552988052368,0.14656968414783478,-0.26675039529800415,0.1883653849363327,-0.4045255482196808,-0.8949176073074341
410,1648559559.334906,-207.36019897460938,-274.4966735839844,1752.668701171875,-0.1989695429801941,0.6537314057350159,-0.7301002740859985,-0.9525092840194702,0.04623403400182724,0.3009791672229767,0.2305150181055069,0.755312979221344,0.6134860515594482
300,1648559559.3751998,77.56350708007812,-55.45763397216797,1839.174560546875,0.8697606325149536,-0.009407971054315567,-0.49338412284851074,-0.06703086197376251,0.9882990717887878,-0.13701027631759644,0.4889000654220581,0.15223810076713562,0.8589529991149902
4,1648559559.3752263,-200.99742126464844,-79.41458892822266,1715.6007080078125,-0.23960693180561066,-0.9025670289993286,0.35771679878234863,-0.9522936940193176,0.14675740897655487,-0.2675797641277313,0.1890110820531845,-0.40476542711257935,-0.8946729898452759
410,1648559559.3752456,-207.5251922607422,-274.4510192871094,1752.880859375,-0.19868996739387512,0.6544610261917114,-0.7295224666595459,-0.9525094032287598,0.04631015658378601,0.30096709728240967,0.2307555377483368,0.7546761631965637,0.6141789555549622
300,1648559559.4238665,77.55944061279297,-55.463436126708984,1839.117431640625,0.8697353005409241,-0.009220288135111332,-0.49343234300613403,-0.06707494705915451,0.9883396029472351,-0.136695995926857,0.488939106464386,0.1519862711429596,0.8589754104614258
4,1648559559.423893,-201.3221893310547,-79.38101196289062,1715.6947021484375,-0.24280916154384613,-0.9006460905075073,0.36038920283317566,-0.9513483643531799,0.1484370082616806,-0.2700050175189972,0.18968386948108673,-0.40841537714004517,-0.8928700089454651
410,1648559559.4239123,-207.91127014160156,-274.3362731933594,1753.4312744140625,-0.19804373383522034,0.6536118984222412,-0.7304588556289673,-0.9521653056144714,0.0486508272588253,0.3016858696937561,0.2327229082584381,0.7552645802497864,0.6127116084098816
300,1648559559.4731348,77.56333923339844,-55.45966339111328,1839.2562255859375,0.8699108958244324,-0.009723148308694363,-0.4931130111217499,-0.06726337969303131,0.9881253838539124,-0.13814447820186615,0.4886006712913513,0.1533418446779251,0.8589270114898682
4,1648559559.4731622,-201.49781799316406,-79.34593200683594,1715.67578125,-0.2441418170928955,-0.9006525874137878,0.35947132110595703,-0.9510889053344727,0.15003645420074463,-0.270035058259964,0.18927398324012756,-0.4078160524368286,-0.8932309150695801
410,1648559559.473183,-208.17881774902344,-274.26019287109375,1753.795654296875,-0.19785673916339874,0.6538569927215576,-0.7302901744842529,-0.9516191482543945,0.05056225508451462,0.30309152603149414,0.23510363698005676,0.7549268007278442,0.6122187972068787
300,1648559559.5106156,77.56255340576172,-55.456905364990234,1839.1888427734375,0.8696828484535217,-0.009205807000398636,-0.49352508783340454,-0.0671350434422493,0.9883294701576233,-0.13673987984657288,0.48902416229248047,0.15205316245555878,0.8589151501655579
4,1648559559.5106416,-201.6095733642578,-79.34032440185547,1715.76611328125,-0.24439740180969238,-0.9012722373008728,0.3577404320240021,-0.9511023163795471,0.1509452611207962,-0.26948076486587524,0.18887631595134735,-0.40610817074775696,-0.8940927982330322
410,1648559559.510661,-208.2574920654297,-274.228515625,1753.8775634765625,-0.19746601581573486,0.6531680822372437,-0.7310120463371277,-0.951471745967865,0.05184052884578705,0.30333825945854187,0.23602691292762756,0.7554363012313843,0.6112342476844788
300,1648559559.5492961,77.54759979248047,-55.46181106567383,1839.1571044921875,0.8702163696289062,-0.008921911008656025,-0.49258896708488464,-0.06689325720071793,0.9884372353553772,-0.1360776573419571,0.4881073534488678,0.1513678878545761,0.8595574498176575
4,1648559559.5493352,-201.61672973632812,-79.33283996582031,1715.7078857421875,-0.24439015984535217,-0.9012954831123352,0.3576868176460266,-0.9512033462524414,0.15116845071315765,-0.2689986824989319,0.18837635219097137,-0.40597352385520935,-0.8942593932151794
410,1648559559.5493543,-208.2432098388672,-274.26495361328125,1753.96044921875,-0.19731935858726501,0.6530094146728516,-0.7311933636665344,-0.9515710473060608,0.051782965660095215,0.30303633213043213,0.23574894666671753,0.7555773854255676,0.6111671328544617
300,1648559559.5917592,77.55632019042969,-55.45475387573242,1839.2423095703125,0.8702081441879272,-0.009455000050365925,-0.49259355664253235,-0.06727360934019089,0.9881711006164551,-0.1378117948770523,0.4880697429180145,0.15306349098682404,0.8592785000801086
4,1648559559.591786,-201.5873565673828,-79.33800506591797,1715.6922607421875,-0.24414992332458496,-0.9016403555870056,0.3569810092449188,-0.9511677026748657,0.1509624719619751,-0.26924026012420654,0.18886716663837433,-0.4052838087081909,-0.8944686651229858
410,1648559559.591806,-208.125,-274.26593017578125,1753.7313232421875,-0.19706617295742035,0.6534939408302307,-0.7308287024497986,-0.951507031917572,0.052123114466667175,0.3031790852546692,0.23621878027915955,0.7551349997520447,0.6115323901176453
300,1648559559.6413379,77.5780258178711,-55.45418930053711,1839.219970703125,0.8696650266647339,-0.009453571401536465,-0.4935517907142639,-0.06717763841152191,0.9882489442825317,-0.13729971647262573,0.4890500009059906,0.15256039798259735,0.8588104844093323
4,1648559559.6413686,-201.5851287841797,-79.32318115234375,1715.693603515625,-0.24403482675552368,-0.9014204144477844,0.357614666223526,-0.9512999653816223,0.15089485049247742,-0.2688106298446655,0.1883491724729538,-0.4057979881763458,-0.8943448066711426
410,1648559559.6413894,-208.12994384765625,-274.23577880859375,1753.6380615234375,-0.19646066427230835,0.6552073955535889,-0.7294562458992004,-0.951860785484314,0.05108405649662018,0.3022440969944,0.23529615998268127,0.7537198662757874,0.6136302351951599
300,1648559559.6824148,77.57820892333984,-55.44490432739258,1839.21728515625,0.8695542812347412,-0.009546958841383457,-0.4937450587749481,-0.06722031533718109,0.9882192611694336,-0.13749241828918457,0.48924100399017334,0.15274682641029358,0.8586685061454773
4,1648559559.6824405,-201.50343322753906,-79.3409194946289,1715.66064453125,-0.2439328134059906,-0.9012261033058167,0.35817351937294006,-0.9511242508888245,0.15020567178726196,-0.26981648802757263,0.18936596810817719,-0.40648460388183594,-0.8938180804252625
410,1648559559.6824586,-208.0710906982422,-274.2438659667969,1753.6552734375,-0.19701015949249268,0.6549558043479919,-0.7295340299606323,-0.9515683650970459,0.05139446631073952,0.30311092734336853,0.23601827025413513,0.7539174556732178,0.6131100058555603
300,1648559559.719669,77.58061981201172,-55.444034576416016,1839.2432861328125,0.8695474863052368,-0.009539906866848469,-0.4937572181224823,-0.06718095391988754,0.9882341027259827,-0.13740494847297668,0.4892585575580597,0.15265120565891266,0.8586755394935608
4,1648559559.7196953,-201.5267791748047,-79.36363983154297,1715.8575439453125,-0.2438867837190628,-0.9009323120117188,0.3589431345462799,-0.9511116743087769,0.14988312125205994,-0.2700400650501251,0.18948830664157867,-0.4072542190551758,-0.8934417963027954
410,1648559559.7197177,-208.0806884765625,-274.2598571777344,1753.9957275390625,-0.19695773720741272,0.6544250249862671,-0.7300243377685547,-0.9516576528549194,0.05139888823032379,0.30282971262931824,0.235701784491539,0.7543779015541077,0.6126651763916016
300,1648559559.7597456,77.56053924560547,-55.44411849975586,1839.1834716796875,0.8697587251663208,-0.009577520191669464,-0.49338430166244507,-0.0671868845820427,0.9882033467292786,-0.13762277364730835,0.4888821244239807,0.152847558259964,0.8588550090789795
4,1648559559.7597723,-201.39166259765625,-79.38275146484375,1715.866943359375,-0.24292509257793427,-0.9014555215835571,0.35828104615211487,-0.9510756731033325,0.14864909648895264,-0.27084770798683167,0.19089901447296143,-0.40654808282852173,-0.8934630751609802
410,1648559559.7597923,-207.94927978515625,-274.2810974121094,1754.132080078125,-0.1974831521511078,0.6548395156860352,-0.7295105457305908,-0.9514870643615723,0.05107438936829567,0.30342012643814087,0.2359507977962494,0.7540401816368103,0.6129849553108215
300,1648559559.8084476,77.56227111816406,-55.4685173034668,1839.3057861328125,0.8702118992805481,-0.008773638866841793,-0.4925995171070099,-0.06690360605716705,0.9884753227233887,-0.13579559326171875,0.4881138801574707,0.1511276215314865,0.8595960140228271
4,1648559559.8084757,-201.2643280029297,-79.39567565917969,1715.994384765625,-0.2411513328552246,-0.9015926122665405,0.35913339257240295,-0.9518730044364929,0.14760443568229675,-0.26860877871513367,0.18916600942611694,-0.4066247344017029,-0.8937966823577881
410,1648559559.808495,-207.77178955078125,-274.3164367675781,1754.2056884765625,-0.19727863371372223,0.6552276611328125,-0.7292172908782959,-0.9516287446022034,0.05073175206780434,0.3030329644680023,0.23555004596710205,0.753726065158844,0.6135252118110657
300,1648559559.8595548,77.57382202148438,-55.452903747558594,1839.2265625,0.8700910806655884,-0.009212484583258629,-0.4928048849105835,-0.06716404110193253,0.9882832765579224,-0.1370590627193451,0.48829349875450134,0.15235263109207153,0.8592776656150818
4,1648559559.8595812,-201.111572265625,-79.4188232421875,1715.8441162109375,-0.24048395454883575,-0.9018170237541199,0.35901743173599243,-0.951917290687561,0.14679564535617828,-0.26889508962631226,0.1897919625043869,-0.4064198434352875,-0.893757164478302
410,1648559559.8595996,-207.6038360595703,-274.35198974609375,1754.154296875,-0.19734437763690948,0.6553643941879272,-0.729076623916626,-0.9515759944915771,0.05075635388493538,0.3031945824623108,0.23570819199085236,0.7536055445671082,0.6136125326156616
300,1648559559.8985314,77.56647491455078,-55.47303009033203,1839.405517578125,0.8702667355537415,-0.009265938773751259,-0.492493599653244,-0.06709626317024231,0.9882742762565613,-0.13715697824954987,0.4879896342754364,0.15240763127803802,0.8594405055046082
4,1648559559.8985584,-201.0970916748047,-79.43135070800781,1715.8651123046875,-0.24049097299575806,-0.9019230604171753,0.35874634981155396,-0.9518016576766968,0.14663927257061005,-0.26938915252685547,0.19036197662353516,-0.4062410295009613,-0.8937172889709473
410,1648559559.8985775,-207.54931640625,-274.3408508300781,1754.2532958984375,-0.1974072903394699,0.6549229621887207,-0.7294561862945557,-0.9514703154563904,0.051194075495004654,0.3034525513648987,0.23608188331127167,0.753959596157074,0.613033652305603
300,1648559559.9375777,77.59357452392578,-55.47481918334961,1839.26416015625,0.8691904544830322,-0.00958638358861208,-0.4943844974040985,-0.0671733021736145,0.9882544875144958,-0.13726195693016052,0.48989352583885193,0.1525162160396576,0.85833740234375
4,1648559559.9376035,-201.10684204101562,-79.41851043701172,1715.9171142578125,-0.24060282111167908,-0.9020105004310608,0.35845136642456055,-0.9516944885253906,0.14665579795837402,-0.26975852251052856,0.19075603783130646,-0.40604084730148315,-0.8937242031097412
410,1648559559.9376218,-207.53964233398438,-274.34002685546875,1754.39697265625,-0.19741244614124298,0.6542256474494934,-0.7300801873207092,-0.9514890313148499,0.05141722410917282,0.3033560514450073,0.23600201308727264,0.7545495629310608,0.612338125705719
300,1648559559.976863,77.55862426757812,-55.47447967529297,1839.1915283203125,0.8701493740081787,-0.009039100259542465,-0.49270519614219666,-0.06710142642259598,0.9883458614349365,-0.13663753867149353,0.4881982207298279,0.15195627510547638,0.8594020009040833
4,1648559559.9768906,-201.0847930908203,-79.41422271728516,1715.889404296875,-0.240504652261734,-0.9017369747161865,0.35920464992523193,-0.9518095254898071,0.1465383619070053,-0.2694162130355835,0.19030530750751495,-0.4066902697086334,-0.8935250043869019
410,1648559559.9769106,-207.52450561523438,-274.3227844238281,1754.40087890625,-0.1974315196275711,0.6543969511985779,-0.7299215197563171,-0.9514191746711731,0.05154383182525635,0.3035535514354706,0.23626746237277985,0.7543923854827881,0.6124294400215149
300,1648559560.026605,77.58601379394531,-55.46567153930664,1839.2010498046875,0.8696273565292358,-0.009380939416587353,-0.49361950159072876,-0.067048579454422,0.9883125424385071,-0.13690419495105743,0.48913466930389404,0.15215212106704712,0.8588346838951111
4,1648559560.0266328,-201.04978942871094,-79.4124755859375,1715.811767578125,-0.24022409319877625,-0.9016187191009521,0.3596889078617096,-0.9520545601844788,0.1465250551700592,-0.26855629682540894,0.18943195044994354,-0.4069571793079376,-0.8935890793800354
410,1648559560.0266533,-207.51080322265625,-274.27874755859375,1754.689697265625,-0.19788479804992676,0.6532548666000366,-0.7308212518692017,-0.9510453343391418,0.05260935053229332,0.30454060435295105,0.2373906672000885,0.7553080916404724,0.6108644008636475
300,1648559560.0756783,77.5764389038086,-55.465457916259766,1839.1641845703125,0.8700188994407654,-0.009170658886432648,-0.49293309450149536,-0.0672016590833664,0.9882894158363342,-0.13699623942375183,0.4884169101715088,0.15231522917747498,0.859214186668396
4,1648559560.075706,-201.1434783935547,-79.39285278320312,1715.6768798828125,-0.24102650582790375,-0.9016203880310059,0.35914739966392517,-0.951991081237793,0.14767853915691376,-0.2681492269039154,0.18873044848442078,-0.40653619170188904,-0.8939290642738342
410,1648559560.0757256,-207.60769653320312,-274.0741882324219,1755.2340087890625,-0.1978975236415863,0.6507999300956726,-0.7330047488212585,-0.9509878754615784,0.05379689484834671,0.30451256036758423,0.23761014640331268,0.7573409676551819,0.6082565784454346
300,1648559560.1129327,77.57624053955078,-55.46115493774414,1839.190185546875,0.8696274161338806,-0.009123846888542175,-0.4936242699623108,-0.06700923293828964,0.9883959293365479,-0.13632036745548248,0.48913997411727905,0.15162532031536102,0.8589248061180115
4,1648559560.1129587,-201.50169372558594,-79.32955169677734,1715.51513671875,-0.24371057748794556,-0.9022504091262817,0.3557378351688385,-0.9515220522880554,0.15147225558757782,-0.26769739389419556,0.18764565885066986,-0.4037330746650696,-0.8954265713691711
410,1648559560.1129787,-207.6883544921875,-273.79522705078125,1755.3411865234375,-0.19797948002815247,0.6509475111961365,-0.7328516244888306,-0.9508529305458069,0.05405685305595398,0.3048878312110901,0.23808163404464722,0.7571955919265747,0.6082531809806824
300,1648559560.1532156,77.56891632080078,-55.455101013183594,1839.1822509765625,0.8698326349258423,-0.009296528995037079,-0.49325937032699585,-0.06711539626121521,0.9882974624633789,-0.13698047399520874,0.48876044154167175,0.1522553712129593,0.8590294122695923
4,1648559560.1532552,-202.1057891845703,-79.24466705322266,1715.3228759765625,-0.24825552105903625,-0.9013691544532776,0.3548279404640198,-0.9505347609519958,0.15607772767543793,-0.26855793595314026,0.1866891086101532,-0.40394729375839233,-0.8955298662185669
410,1648559560.153274,-207.7247772216797,-273.4255676269531,1755.0927734375,-0.1979352980852127,0.6508385539054871,-0.7329602837562561,-0.9501773715019226,0.05629672482609749,0.3065837621688843,0.24079979956150055,0.7571260333061218,0.6072689890861511
300,1648559560.1938572,77.58001708984375,-55.45780944824219,1839.213623046875,0.869692862033844,-0.00920248031616211,-0.4935075044631958,-0.06709661334753036,0.9883414506912231,-0.13667196035385132,0.48901164531707764,0.15197530388832092,0.8589360117912292
4,1648559560.1938846,-201.82972717285156,-79.2823257446289,1715.50048828125,-0.24631643295288086,-0.9005867838859558,0.35815027356147766,-0.9509555101394653,0.15323156118392944,-0.2687074542045593,0.18711446225643158,-0.40677204728126526,-0.8941614627838135
410,1648559560.193904,-207.7449951171875,-272.9314270019531,1754.6168212890625,-0.19666868448257446,0.6524357199668884,-0.7318804860115051,-0.9508218169212341,0.05526525527238846,0.3047682046890259,0.23928922414779663,0.7558262944221497,0.609481155872345
300,1648559560.244971,77.57525634765625,-55.46434020996094,1839.2274169921875,0.8698537349700928,-0.009276465512812138,-0.4932224750518799,-0.06698757410049438,0.9883409738540649,-0.13672877848148346,0.48874035477638245,0.15197381377220154,0.8590906858444214
