300,1648560079.7964666,77.55059051513672,-55.49856948852539,1839.111328125,0.8759893774986267,-0.007041058503091335,-0.482278972864151,-0.0650738775730133,0.9890262484550476,-0.13263654708862305,0.4779204726219177,0.14757196605205536,0.8659183382987976
4,1648560079.7964942,-94.54707336425781,-64.94591522216797,1665.914306640625,0.19808602333068848,-0.9633060693740845,-0.18111687898635864,-0.9354140162467957,-0.2409898340702057,0.2586978077888489,-0.2928524911403656,0.11817484349012375,-0.9488267302513123
300,1648560079.8394365,77.539794921875,-55.49318313598633,1839.128173828125,0.8762359619140625,-0.00719155790284276,-0.4818286597728729,-0.06530715525150299,0.9888913035392761,-0.13352495431900024,0.47743645310401917,0.14846621453762054,0.8660324811935425
4,1648560079.8394625,-94.64666748046875,-65.14762878417969,1666.202880859375,0.19928863644599915,-0.9633463025093079,-0.1795772761106491,-0.9357754588127136,-0.24147900938987732,0.25692838430404663,-0.2908751666545868,0.11684110015630722,-0.9495998024940491
300,1648560079.8877375,77.54851531982422,-55.5037841796875,1839.10693359375,0.8762490153312683,-0.007075748406350613,-0.48180657625198364,-0.06522370874881744,0.9889481663703918,-0.13314421474933624,0.4774238169193268,0.14809270203113556,0.8661033511161804
4,1648560079.8877656,-94.76187896728516,-65.25274658203125,1666.385986328125,0.19593307375907898,-0.9639906883239746,-0.1798114776611328,-0.9372060298919678,-0.23803824186325073,0.2549169659614563,-0.2885396182537079,0.11857373267412186,-0.9500974416732788
300,1648560079.939518,77.55584716796875,-55.497928619384766,1839.0455322265625,0.8759593367576599,-0.007173162419348955,-0.48233160376548767,-0.06514870375394821,0.9889693260192871,-0.1330239474773407,0.4779653549194336,0.14794684946537018,0.865829586982727
4,1648560079.9395435,-94.81193542480469,-65.34071350097656,1666.4281005859375,0.19792360067367554,-0.9637383222579956,-0.17898249626159668,-0.9374954104423523,-0.23943401873111725,0.25253450870513916,-0.28623166680336,0.11781273782253265,-0.9508898854255676
300,1648560079.9878418,77.54512786865234,-55.49918746948242,1839.061767578125,0.8764471411705017,-0.007034407462924719,-0.4814467132091522,-0.06519048660993576,0.9889529347419739,-0.13312524557113647,0.4770645797252655,0.14806298911571503,0.8663063645362854
4,1648560079.98787,-94.6954345703125,-65.21439361572266,1666.3192138671875,0.19490450620651245,-0.9645676016807556,-0.17782457172870636,-0.9370567202568054,-0.2366751879453659,0.25672850012779236,-0.2897186577320099,0.11659417301416397,-0.9499836564064026
300,1648560080.0209014,77.54843139648438,-55.49049758911133,1839.10498046875,0.8768310546875,-0.007090240716934204,-0.4807462692260742,-0.06524983793497086,0.9888858795166016,-0.1335933953523636,0.47635042667388916,0.14850746095180511,0.8666232228279114
4,1648560080.0209265,-94.42437744140625,-65.10627746582031,1666.1241455078125,0.19948484003543854,-0.9648513793945312,-0.1710776835680008,-0.9363110065460205,-0.23917599022388458,0.2571314871311188,-0.2890113294124603,0.10888808220624924,-0.9511129260063171
300,1648560080.0537863,77.55877685546875,-55.49592971801758,1839.094970703125,0.876301646232605,-0.006937313824892044,-0.4817129075527191,-0.06510341912508011,0.9890190958976746,-0.13267523050308228,0.47734370827674866,0.147624671459198,0.8662274479866028
4,1648560080.0538144,-94.30677795410156,-64.97622680664062,1666.0322265625,0.19649478793144226,-0.9660599231719971,-0.16768421232700348,-0.9359046220779419,-0.23578611016273499,0.26170098781585693,-0.2923564612865448,0.1055135503411293,-0.9504707455635071
300,1648560080.0913103,77.56798553466797,-55.48612976074219,1839.06591796875,0.8760690689086914,-0.007237953599542379,-0.48213130235671997,-0.06517991423606873,0.9889323711395264,-0.1332831084728241,0.4777599275112152,0.1481904834508896,0.8659012913703918
4,1648560080.091337,-93.98471069335938,-64.82111358642578,1665.876708984375,0.19752717018127441,-0.9673123955726624,-0.15902753174304962,-0.9351673126220703,-0.2345925122499466,0.2653834819793701,-0.29401540756225586,0.09629690647125244,-0.9509373307228088
300,1648560080.1225877,77.56082153320312,-55.50061798095703,1839.06884765625,0.8762891888618469,-0.006937471218407154,-0.481735497713089,-0.0651271715760231,0.9890127778053284,-0.1327107548713684,0.477363258600235,0.1476670801639557,0.8662094473838806
4,1648560080.1226158,-93.68106842041016,-64.72285461425781,1665.7353515625,0.20066112279891968,-0.9681001901626587,-0.15005724132061005,-0.9348417520523071,-0.23502129316329956,0.26615017652511597,-0.2929266691207886,0.08687377721071243,-0.9521800875663757
300,1648560080.1659522,77.56062316894531,-55.49263000488281,1839.0687255859375,0.8759652972221375,-0.00720216566696763,-0.4823203682899475,-0.06523454189300537,0.9889342188835144,-0.1332426816225052,0.47794273495674133,0.14817991852760315,0.8658022284507751
4,1648560080.1659803,-93.61575317382812,-64.60060119628906,1665.6845703125,0.19496534764766693,-0.9701242446899414,-0.14438630640506744,-0.9350607991218567,-0.2282819002866745,0.2711985409259796,-0.2960570752620697,0.08213566243648529,-0.9516322612762451
300,1648560080.1972172,77.54965209960938,-55.500606536865234,1839.0716552734375,0.8761352896690369,-0.00705109816044569,-0.4820137321949005,-0.0652100145816803,0.9889689683914185,-0.13299643993377686,0.47763437032699585,0.1479550004005432,0.8660107851028442
4,1648560080.1972444,-93.63509368896484,-64.56383514404297,1665.654296875,0.1964295208454132,-0.9708371758460999,-0.13744299113750458,-0.934492826461792,-0.22780273854732513,0.27354899048805237,-0.29688143730163574,0.07470639050006866,-0.9519875645637512
300,1648560080.2283473,77.56031036376953,-55.497833251953125,1839.07177734375,0.8759555816650391,-0.0070489845238626,-0.4823402464389801,-0.06514766812324524,0.9890041351318359,-0.13276506960391998,0.4779723882675171,0.14771965146064758,0.8658645153045654
4,1648560080.2283735,-93.4937973022461,-64.52717590332031,1665.577392578125,0.19681362807750702,-0.9717816710472107,-0.13001827895641327,-0.9342352747917175,-0.22611260414123535,0.2758215665817261,-0.2974371016025543,0.06718222796916962,-0.9523747563362122
300,1648560080.2693284,77.54341125488281,-55.50461196899414,1839.11962890625,0.8766312599182129,-0.006730202119797468,-0.48111575841903687,-0.06506826728582382,0.9890589714050293,-0.13239525258541107,0.4767428934574127,0.1473671942949295,0.8666020631790161
4,1648560080.2693565,-93.24439239501953,-64.42188262939453,1665.4478759765625,0.197065070271492,-0.9724112749099731,-0.12482652068138123,-0.9341751337051392,-0.22487829625606537,0.27703171968460083,-0.29745954275131226,0.062016550451517105,-0.9527180790901184
300,1648560080.319904,77.54389953613281,-55.49982452392578,1839.1033935546875,0.8762375116348267,-0.007069078274071217,-0.48182764649391174,-0.06516943126916885,0.9889678359031677,-0.13302472233772278,0.4774523973464966,0.14796169102191925,0.8661100268363953
4,1648560080.3199322,-90.36299896240234,-63.808570861816406,1665.2071533203125,0.19641150534152985,-0.9800068736076355,-0.031765781342983246,-0.9351903796195984,-0.19696937501430511,0.29431623220443726,-0.29468879103660583,-0.028100039809942245,-0.9551800489425659
300,1648560080.354709,77.55207061767578,-55.49294662475586,1839.103515625,0.8762383460998535,-0.007223301101475954,-0.4818238615989685,-0.06534813344478607,0.9888695478439331,-0.13366593420505524,0.4774264693260193,0.14860950410366058,0.8660134077072144
4,1648560080.354737,-88.87374114990234,-63.53116989135742,1665.1060791015625,0.19844399392604828,-0.9800193309783936,0.013493661768734455,-0.9352714419364929,-0.18523046374320984,0.30159077048301697,-0.2930653393268585,-0.07246911525726318,-0.9533419609069824
300,1648560080.394877,77.55704498291016,-55.489585876464844,1839.10546875,0.8763878345489502,-0.007163069676607847,-0.48155274987220764,-0.06531252712011337,0.988884449005127,-0.13357321918010712,0.4771568179130554,0.14851337671279907,0.8661784529685974
4,1648560080.394905,-88.4245376586914,-63.43877029418945,1665.000244140625,0.20093946158885956,-0.9794124364852905,0.019354335963726044,-0.9349494576454163,-0.1858452558517456,0.30221027135849,-0.2923915684223175,-0.07882129400968552,-0.9530447721481323
300,1648560080.4284158,77.55858612060547,-55.48817443847656,1839.05224609375,0.8762971758842468,-0.007155573461204767,-0.4817177653312683,-0.06523223221302032,0.9889193177223206,-0.13335423171520233,0.47733423113822937,0.14828146994113922,0.866120457649231
4,1648560080.4284406,-87.63961791992188,-63.20885467529297,1664.9830322265625,0.20437243580818176,-0.9783328771591187,0.03311636298894882,-0.9337102174758911,-0.18466809391975403,0.3067293167114258,-0.2939678430557251,-0.09360810369253159,-0.9512205123901367
300,1648560080.4692664,77.56314086914062,-55.49105453491211,1839.0606689453125,0.8761104941368103,-0.0071809557266533375,-0.4820568859577179,-0.06530196219682693,0.9889066815376282,-0.13341379165649414,0.47766730189323425,0.14836448431015015,0.8659225702285767
4,1648560080.4692948,-87.11173248291016,-63.0161247253418,1664.876953125,0.20691339671611786,-0.977396547794342,0.043391723185777664,-0.932867169380188,-0.18373112380504608,0.3098413944244385,-0.2948654890060425,-0.1045890524983406,-0.9497975707054138
300,1648560080.5005686,77.56461334228516,-55.49237060546875,1839.06494140625,0.8760748505592346,-0.007132271304726601,-0.48212236166000366,-0.06511387974023819,0.9889814853668213,-0.1329503059387207,0.47775834798812866,0.14786727726459503,0.8659574389457703
4,1648560080.5005949,-86.69026184082031,-62.87094497680664,1664.7576904296875,0.20747630298137665,-0.9766687154769897,0.055423930287361145,-0.9330891370773315,-0.18056827783584595,0.3110300898551941,-0.2937655448913574,-0.11624684184789658,-0.9487826228141785
300,1648560080.5421865,77.54013061523438,-55.49755096435547,1839.119873046875,0.876612663269043,-0.0071051171980798244,-0.4811441898345947,-0.06528506428003311,0.9888896346092224,-0.1335480958223343,0.47674739360809326,0.14848148822784424,0.8664093613624573
4,1648560080.5422118,-84.41678619384766,-62.4620475769043,1664.9705810546875,0.20991286635398865,-0.9685468077659607,0.13361774384975433,-0.9334718585014343,-0.15788494050502777,0.3220290243625641,-0.2908039391040802,-0.19232644140720367,-0.9372532367706299
300,1648560080.5748034,77.5553207397461,-55.490989685058594,1839.1024169921875,0.8761294484138489,-0.007173244841396809,-0.48202258348464966,-0.06514375656843185,0.9889562726020813,-0.13312318921089172,0.47765418887138367,0.14803390204906464,0.8659864068031311
4,1648560080.5748308,-82.55928039550781,-62.1735954284668,1665.220947265625,0.20680928230285645,-0.9595840573310852,0.1908622533082962,-0.9350346326828003,-0.13642635941505432,0.32725849747657776,-0.2879934012889862,-0.2461429089307785,-0.925458550453186
300,1648560080.6264355,77.56665802001953,-55.487972259521484,1839.10107421875,0.8758155703544617,-0.007514211814850569,-0.48258745670318604,-0.06532764434814453,0.9888317584991455,-0.13395552337169647,0.4782043695449829,0.14884664118289948,0.8655433654785156
4,1648560080.6264858,-81.64022064208984,-62.0322265625,1665.3975830078125,0.21038927137851715,-0.954043447971344,0.2133951485157013,-0.9347916841506958,-0.1324232518672943,0.32958856225013733,-0.28618332743644714,-0.2688218951225281,-0.9196922779083252
300,1648560080.6680913,77.57294464111328,-55.481388092041016,1839.0897216796875,0.8761689066886902,-0.007407193072140217,-0.48194724321365356,-0.0652303695678711,0.9888612031936646,-0.1337854117155075,0.47756990790367126,0.1486562192440033,0.8659262657165527
4,1648560080.66812,-81.30200958251953,-62.078834533691406,1665.551513671875,0.21217867732048035,-0.9526800513267517,0.21767154335975647,-0.9353795051574707,-0.13350209593772888,0.3274787664413452,-0.2829228639602661,-0.2730894982814789,-0.9194437265396118
300,1648560080.722397,77.5699691772461,-55.48716735839844,1839.0902099609375,0.876228392124176,-0.007261666469275951,-0.4818413257598877,-0.0652686357498169,0.9888845086097717,-0.13359414041042328,0.4774555563926697,0.14850811660289764,0.8660147190093994
4,1648560080.7224262,-81.44991302490234,-62.25217056274414,1665.7149658203125,0.21154896914958954,-0.9544624090194702,0.21035346388816833,-0.9364048838615417,-0.1362771838903427,0.3233796954154968,-0.2799873948097229,-0.2653866708278656,-0.9225925207138062
300,1648560080.7722893,77.54275512695312,-55.4990119934082,1839.1148681640625,0.8764212727546692,-0.006840594578534365,-0.48149657249450684,-0.06510723382234573,0.9890344142913818,-0.13255950808525085,0.4771234691143036,0.14752687513828278,0.8663654327392578
4,1648560080.7723176,-81.79546356201172,-62.42452621459961,1665.8515625,0.20871436595916748,-0.9552998542785645,0.20938128232955933,-0.9375378489494324,-0.1345159113407135,0.3208242654800415,-0.27831825613975525,-0.2632634937763214,-0.9237051606178284
300,1648560080.8221686,77.53350830078125,-55.486183166503906,1839.1541748046875,0.8769205808639526,-0.006850702688097954,-0.4805864691734314,-0.06529614329338074,0.9889301657676697,-0.1332421898841858,0.4761792719364166,0.14822326600551605,0.8667659163475037
4,1648560080.8221958,-82.22013092041016,-62.566871643066406,1665.8431396484375,0.2068997174501419,-0.955835223197937,0.20873801410198212,-0.9381140470504761,-0.13325461745262146,0.31966423988342285,-0.2777310311794281,-0.261958509683609,-0.9242528080940247
300,1648560080.8721452,77.54855346679688,-55.4807243347168,1839.107666015625,0.8763682246208191,-0.006846329662948847,-0.4815930724143982,-0.06507591903209686,0.9890469908714294,-0.13248074054718018,0.4772252142429352,0.147442027926445,0.8663238286972046
4,1648560080.8721733,-82.63467407226562,-62.661476135253906,1665.71923828125,0.20463284850120544,-0.958208441734314,0.19990505278110504,-0.9383670091629028,-0.13391916453838348,0.3186424970626831,-0.2785547971725464,-0.2527890205383301,-0.9265553951263428
300,1648560080.9035597,77.55787658691406,-55.486961364746094,1839.0823974609375,0.8764057159423828,-0.006920355837792158,-0.4815237820148468,-0.06525029242038727,0.9889694452285767,-0.13297317922115326,0.47713252902030945,0.14795802533626556,0.8662868738174438
4,1648560080.9035869,-83.08415985107422,-62.85260009765625,1665.741455078125,0.20254948735237122,-0.9607177972793579,0.18972347676753998,-0.9396602511405945,-0.13612866401672363,0.3138592541217804,-0.2757033705711365,-0.24184763431549072,-0.9303210973739624
300,1648560080.9481623,77.55342864990234,-55.478572845458984,1839.0921630859375,0.8763648867607117,-0.007177458144724369,-0.4815942645072937,-0.06528200954198837,0.9888919591903687,-0.13353271782398224,0.4772031307220459,0.14846283197402954,0.8661616444587708
4,1648560080.9481878,-83.69654083251953,-63.17015838623047,1665.91015625,0.19863130152225494,-0.9636869430541992,0.17847417294979095,-0.9413698315620422,-0.13692693412303925,0.30834048986434937,-0.2727057933807373,-0.2292562872171402,-0.9343838095664978
300,1648560080.9960344,77.54810333251953,-55.48446273803711,1839.062255859375,0.8762715458869934,-0.007116110064089298,-0.4817650318145752,-0.06524310261011124,0.988929033279419,-0.13327659666538239,0.47737985849380493,0.1482183337211609,0.8661060929298401
4,1648560080.9960637,-83.8302993774414,-63.1391716003418,1665.7880859375,0.19822925329208374,-0.9634386897087097,0.1802528202533722,-0.9410674571990967,-0.13566121459007263,0.30981945991516113,-0.27403873205184937,-0.23104535043239594,-0.9335528016090393
300,1648560081.0272496,77.55754852294922,-55.489078521728516,1839.069091796875,0.8763288259506226,-0.007066844496876001,-0.4816615879535675,-0.0651673823595047,0.9889612793922424,-0.1330745369195938,0.4772850573062897,0.1480056792497635,0.8661947250366211
4,1648560081.0272772,-84.02644348144531,-63.14408874511719,1665.7232666015625,0.19592416286468506,-0.9641822576522827,0.17879123985767365,-0.9412499070167542,-0.13376326858997345,0.3100903034210205,-0.27506786584854126,-0.2290414273738861,-0.9337438941001892
300,1648560081.0668976,77.55884552001953,-55.489295959472656,1839.1104736328125,0.8767592310905457,-0.007235380355268717,-0.4808751344680786,-0.0652647614479065,0.9888470768928528,-0.13387292623519897,0.4764806032180786,0.14875853061676025,0.8665086030960083
4,1648560081.0669258,-84.02659606933594,-63.023319244384766,1665.4945068359375,0.1960299164056778,-0.9640492796897888,0.17939132452011108,-0.9408094882965088,-0.13331878185272217,0.311614453792572,-0.27649545669555664,-0.22985881567001343,-0.9331212043762207
300,1648560081.1165469,77.59082794189453,-55.49195098876953,1839.0821533203125,0.8758676648139954,-0.00719055300578475,-0.48249784111976624,-0.06530972570180893,0.9889224767684937,-0.13329297304153442,0.4781114161014557,0.14825880527496338,0.8656955361366272
4,1648560081.116574,-83.9794692993164,-62.851051330566406,1665.2869873046875,0.19876208901405334,-0.9631314277648926,0.1813049167394638,-0.9391710758209229,-0.13431352376937866,0.3160974681377411,-0.28009170293807983,-0.23310451209545135,-0.9312416315078735
300,1648560081.150544,77.59211730957031,-55.482139587402344,1839.044189453125,0.8755412697792053,-0.007575086783617735,-0.4830839931964874,-0.06534066796302795,0.9888345003128052,-0.13392899930477142,0.47870463132858276,0.14882539212703705,0.8652703762054443
4,1648560081.15057,-84.24006652832031,-62.85490417480469,1665.2459716796875,0.19456498324871063,-0.9645257592201233,0.1784224659204483,-0.9392462372779846,-0.13075843453407288,0.3173621892929077,-0.2827737629413605,-0.22933019697666168,-0.9313681721687317
300,1648560081.1868236,77.5760498046875,-55.485374450683594,1839.040771484375,0.8757736682891846,-0.007442263420671225,-0.482664555311203,-0.06541769951581955,0.9888272881507874,-0.13394440710544586,0.47826874256134033,0.1488797813653946,0.8655020594596863
4,1648560081.186852,-84.44802856445312,-62.89460754394531,1665.2020263671875,0.19301550090312958,-0.9650046229362488,0.1775135099887848,-0.9393401741981506,-0.12945608794689178,0.3176179826259613,-0.2835226356983185,-0.22805076837539673,-0.9314546585083008
300,1648560081.2362638,77.56826782226562,-55.48406219482422,1839.025390625,0.8756893873214722,-0.007615165319293737,-0.4828147888183594,-0.06539458781480789,0.9887937903404236,-0.1342029720544815,0.4784262180328369,0.1490935981273651,0.865378201007843
4,1648560081.236292,-84.60850524902344,-62.98046112060547,1665.180419921875,0.19313980638980865,-0.9653245806694031,0.1756289005279541,-0.9403027892112732,-0.1309824138879776,0.31412458419799805,-0.2802278697490692,-0.2258143126964569,-0.9329953193664551
300,1648560081.2706482,77.5544204711914,-55.494903564453125,1839.066162109375,0.875998854637146,-0.007177047431468964,-0.4822598099708557,-0.06515122205018997,0.9889640808105469,-0.13306154310703278,0.47789260745048523,0.14798158407211304,0.8658638000488281
4,1648560081.2706804,-84.61429595947266,-62.98354721069336,1665.1776123046875,0.1946955770254135,-0.9642871022224426,0.17956632375717163,-0.9398735165596008,-0.13103654980659485,0.315384179353714,-0.28059113025665283,-0.23017354309558868,-0.9318201541900635
300,1648560081.3063776,77.54795837402344,-55.499942779541016,1839.047119140625,0.8762722015380859,-0.007191456854343414,-0.48176270723342896,-0.06517602503299713,0.9889289736747742,-0.1333099752664566,0.47738781571388245,0.14821520447731018,0.8661022782325745
4,1648560081.3064055,-84.70886993408203,-63.0243034362793,1665.242919921875,0.1905028373003006,-0.9658835530281067,0.17543542385101318,-0.940328061580658,-0.1282140016555786,0.31518927216529846,-0.28194287419319153,-0.22501130402088165,-0.9326725602149963
300,1648560081.3580267,77.54212188720703,-55.493770599365234,1839.0345458984375,0.8759748935699463,-0.0069844541139900684,-0.4823061227798462,-0.06516017019748688,0.9890164136886597,-0.1326676309108734,0.4779352843761444,0.147640660405159,0.8658984303474426
4,1648560081.358054,-84.87205505371094,-63.15012741088867,1665.4239501953125,0.18924108147621155,-0.9664137959480286,0.173874169588089,-0.9408946633338928,-0.12781158089637756,0.3136581778526306,-0.2809004485607147,-0.22295428812503815,-0.9334807395935059
300,1648560081.3904164,77.5276107788086,-55.49034118652344,1839.0577392578125,0.8761021494865417,-0.007220068480819464,-0.4820714294910431,-0.06525319069623947,0.9889116883277893,-0.13340029120445251,0.477689266204834,0.1483289897441864,0.8659165501594543
4,1648560081.390443,-84.65470123291016,-63.119266510009766,1665.3509521484375,0.19140379130840302,-0.9654635787010193,0.1767617017030716,-0.9410172700881958,-0.1293114423751831,0.31267398595809937,-0.2790180444717407,-0.22618280351161957,-0.9332686066627502
300,1648560081.4575303,77.52362060546875,-55.49019241333008,1839.104736328125,0.8765314221382141,-0.007038924843072891,-0.4812932312488556,-0.06509899348020554,0.9889728426933289,-0.13302205502986908,0.47692224383354187,0.14792971312999725,0.8664075136184692
4,1648560081.4575558,-84.4324722290039,-63.064170837402344,1665.455810546875,0.19357900321483612,-0.9645091891288757,0.17958053946495056,-0.9399480223655701,-0.12988094985485077,0.3156401216983795,-0.28111371397972107,-0.22989767789840698,-0.9317307472229004
300,1648560081.5056207,77.50403594970703,-55.490699768066406,1839.1336669921875,0.876492440700531,-0.0069771502166986465,-0.48136505484580994,-0.06517037004232407,0.9889711141586304,-0.1329999566078186,0.47698408365249634,0.14794419705867767,0.8663709759712219
4,1648560081.5056489,-84.36335754394531,-63.033329010009766,1665.397705078125,0.1938818395137787,-0.9644014835357666,0.17983205616474152,-0.9408467411994934,-0.13086703419685364,0.31254005432128906,-0.2778800129890442,-0.22979024052619934,-0.9327267408370972
300,1648560081.5573535,77.49923706054688,-55.488956451416016,1839.0921630859375,0.8761256337165833,-0.00731366453692317,-0.4820273518562317,-0.06507448107004166,0.9889392852783203,-0.13328328728675842,0.4776705801486969,0.1481405794620514,0.865959107875824
4,1648560081.557383,-84.70940399169922,-63.1672477722168,1665.503173828125,0.19174663722515106,-0.9657483100891113,0.17482411861419678,-0.9412680268287659,-0.13051187992095947,0.3114178776741028,-0.2779346704483032,-0.22426968812942505,-0.9340532422065735
300,1648560081.6054525,77.49047088623047,-55.485923767089844,1839.096435546875,0.8761667609214783,-0.006937181577086449,-0.48195821046829224,-0.0651518777012825,0.9890156388282776,-0.13267724215984344,0.4775846302509308,0.14764787256717682,0.8660906553268433
4,1648560081.6054802,-84.675048828125,-63.10841369628906,1665.440185546875,0.1917051374912262,-0.965718150138855,0.17503586411476135,-0.9409953355789185,-0.13017870485782623,0.31238001585006714,-0.2788851261138916,-0.22459279000759125,-0.933692216873169
300,1648560081.6571448,77.49665832519531,-55.489097595214844,1839.0889892578125,0.8759708404541016,-0.006949524395167828,-0.48231396079063416,-0.06501545757055283,0.9890710115432739,-0.1323312669992447,0.4779624044895172,0.14727619290351868,0.8659455180168152
4,1648560081.657174,-84.44694519042969,-62.93754196166992,1665.3211669921875,0.19442540407180786,-0.9644176363945007,0.17915736138820648,-0.9396870732307434,-0.13072453439235687,0.3160684406757355,-0.28140172362327576,-0.22980359196662903,-0.9316669702529907
300,1648560081.7052703,77.46953582763672,-55.494876861572266,1839.1239013671875,0.8759109973907471,-0.0066972775384783745,-0.4824261963367462,-0.0652107298374176,0.9890850186347961,-0.1321299970149994,0.4780454635620117,0.14719349145889282,0.8659137487411499
4,1648560081.7052975,-84.59123229980469,-62.96669006347656,1665.3509521484375,0.1928766518831253,-0.9654603004455566,0.1751714050769806,-0.9402122497558594,-0.13077354431152344,0.31448236107826233,-0.28071245551109314,-0.2253546118736267,-0.9329608082771301
300,1648560081.7570083,77.46276092529297,-55.481624603271484,1839.1302490234375,0.8762362003326416,-0.00723875779658556,-0.48182743787765503,-0.06540903449058533,0.988846480846405,-0.13380679488182068,0.47742196917533875,0.14876222610473633,0.865989625453949
4,1648560081.7570329,-84.51314544677734,-62.960487365722656,1665.381591796875,0.19347451627254486,-0.9651800990104675,0.17605392634868622,-0.9400330781936646,-0.1309891641139984,0.31492799520492554,-0.28090107440948486,-0.22642704844474792,-0.9326443076133728
300,1648560081.8051333,77.46796417236328,-55.496726989746094,1839.1767578125,0.8759903311729431,-0.007134020794183016,-0.48227590322494507,-0.06525037437677383,0.9889459609985352,-0.13314755260944366,0.47789469361305237,0.14810465276241302,0.8658415675163269
4,1648560081.8051605,-84.21569061279297,-62.82283020019531,1665.258056640625,0.19617310166358948,-0.9641363024711609,0.1787661761045456,-0.9392842054367065,-0.1324213147163391,0.3165592849254608,-0.2815338373184204,-0.2300126552581787,-0.9315754771232605
300,1648560081.8568857,77.47335815429688,-55.489261627197266,1839.1422119140625,0.8757838010787964,-0.007161370478570461,-0.4826504588127136,-0.06519659608602524,0.9889727234840393,-0.13297516107559204,0.4782803952693939,0.14792466163635254,0.8656593561172485
4,1648560081.8569114,-84.32990264892578,-62.75542449951172,1665.1611328125,0.19537673890590668,-0.9644722938537598,0.17782317101955414,-0.9390062093734741,-0.13164114952087402,0.3177073895931244,-0.28301113843917847,-0.2290496975183487,-0.9313650727272034
300,1648560081.904992,77.47068786621094,-55.485347747802734,1839.11328125,0.875886082649231,-0.0074143074452877045,-0.48246094584465027,-0.06529802829027176,0.9888625741004944,-0.13374215364456177,0.4780791997909546,0.14864663779735565,0.8656468391418457
4,1648560081.9050205,-84.47197723388672,-62.79718017578125,1665.100341796875,0.19427628815174103,-0.964859664440155,0.17692531645298004,-0.9394840598106384,-0.1311299055814743,0.3165037930011749,-0.2821815311908722,-0.22770769894123077,-0.9319456815719604
300,1648560081.956485,77.45883178710938,-55.49797821044922,1839.1278076171875,0.8761988282203674,-0.006902552209794521,-0.4819003641605377,-0.06520257890224457,0.989006757736206,-0.1327185034751892,0.47751882672309875,0.1477089524269104,0.8661165237426758
4,1648560081.9565103,-84.41986846923828,-62.82884216308594,1665.1536865234375,0.19509465992450714,-0.964730978012085,0.17672652006149292,-0.9394164681434631,-0.13202747702598572,0.31633129715919495,-0.28184184432029724,-0.22773434221744537,-0.9320420026779175
300,1648560082.0046446,77.4693374633789,-55.488189697265625,1839.13720703125,0.8762493133544922,-0.007057532202452421,-0.48180630803108215,-0.06505534797906876,0.9890053272247314,-0.1328015774488449,0.4774462580680847,0.1477113664150238,0.8661561012268066
4,1648560082.0046718,-84.14742279052734,-62.790767669677734,1665.2496337890625,0.19649633765220642,-0.9644743204116821,0.1765744388103485,-0.9393385052680969,-0.1335354596376419,0.31592944264411926,-0.28112685680389404,-0.22794213891029358,-0.9322071075439453
300,1648560082.0565019,77.4637222290039,-55.48881149291992,1839.1580810546875,0.8763155937194824,-0.007237809244543314,-0.4816831350326538,-0.06519584357738495,0.9889062643051147,-0.13346874713897705,0.47730547189712524,0.14836448431015015,0.8661220669746399
4,1648560082.0565271,-84.2139663696289,-62.868141174316406,1665.3341064453125,0.19616727530956268,-0.9647588133811951,0.1753818243741989,-0.9400075078010559,-0.13410961627960205,0.31368857622146606,-0.27911344170570374,-0.22639566659927368,-0.9331884384155273
300,1648560082.1045623,77.48300170898438,-55.48371887207031,1839.131591796875,0.8759301900863647,-0.007147582713514566,-0.48238489031791687,-0.06507223099470139,0.9890024662017822,-0.13281449675559998,0.47802916169166565,0.14772608876228333,0.8658320307731628
4,1648560082.104604,-84.09960174560547,-62.74994659423828,1665.2593994140625,0.19780835509300232,-0.964577317237854,0.17453503608703613,-0.9391220211982727,-0.13545377552509308,0.31575635075569153,-0.28092995285987854,-0.2263689488172531,-0.9326496720314026
300,1648560082.1562629,77.48226165771484,-55.48109817504883,1839.0968017578125,0.8760764598846436,-0.007071083411574364,-0.4821203649044037,-0.0653160810470581,0.9889355897903442,-0.1331923007965088,0.4777278006076813,0.14817684888839722,0.8659213185310364
4,1648560082.1562877,-83.91645050048828,-62.630210876464844,1665.11474609375,0.1982078105211258,-0.9640817642211914,0.1768050193786621,-0.9385093450546265,-0.13464708626270294,0.3179156482219696,-0.2826904058456421,-0.2289465218782425,-0.9314878582954407
300,1648560082.204569,77.49818420410156,-55.47806167602539,1839.04052734375,0.8758109211921692,-0.00720781646668911,-0.4826005697250366,-0.06539968401193619,0.9888946413993835,-0.13345514237880707,0.47820302844047546,0.14844338595867157,0.8656133413314819
4,1648560082.2045972,-83.99720001220703,-62.64910125732422,1665.0908203125,0.19720689952373505,-0.9642808437347412,0.17683853209018707,-0.9385564923286438,-0.13358725607395172,0.3182235062122345,-0.2832334637641907,-0.22872881591320038,-0.9313763380050659
300,1648560082.2562728,77.48222351074219,-55.492881774902344,1839.129150390625,0.875834584236145,-0.007427914999425411,-0.48255422711372375,-0.0651760995388031,0.9889011383056641,-0.13351650536060333,0.478190153837204,0.14838938415050507,0.8656296730041504
4,1648560082.2562983,-84.36913299560547,-62.79841232299805,1665.205810546875,0.19524341821670532,-0.9649011492729187,0.17562970519065857,-0.938834011554718,-0.13208089768886566,0.3180335760116577,-0.28367364406585693,-0.22698108851909637,-0.9316699504852295
300,1648560082.3044086,77.47160339355469,-55.49237060546875,1839.1304931640625,0.8758264780044556,-0.007268899120390415,-0.4825713336467743,-0.06518188863992691,0.9889439344406128,-0.13319596648216248,0.4782041907310486,0.1481114625930786,0.8656695485115051
4,1648560082.3044353,-84.25330352783203,-62.670997619628906,1665.143798828125,0.19719591736793518,-0.9643532633781433,0.17645539343357086,-0.9387643337249756,-0.13386954367160797,0.317490816116333,-0.2825513184070587,-0.2282579392194748,-0.9316990375518799
300,1648560082.3561544,77.47975158691406,-55.48427200317383,1839.1474609375,0.8759162425994873,-0.007160198874771595,-0.4824100732803345,-0.06529707461595535,0.9889305830001831,-0.13323873281478882,0.47802409529685974,0.1482059359550476,0.8657528162002563
4,1648560082.3561797,-84.02442932128906,-62.50031280517578,1664.94921875,0.1969349980354309,-0.964044988155365,0.1784203201532364,-0.938299298286438,-0.13256117701530457,0.3194088339805603,-0.2842729091644287,-0.2303144335746765,-0.9306686520576477
300,1648560082.4043386,77.47554016113281,-55.48229217529297,1839.1700439453125,0.8761499524116516,-0.00728533836081624,-0.48198363184928894,-0.06533312052488327,0.9888646602630615,-0.13370956480503082,0.4775907099246979,0.14863911271095276,0.8659177422523499
4,1648560082.404366,-84.20613861083984,-62.44333267211914,1664.8729248046875,0.1983790099620819,-0.9640908241271973,0.17656348645687103,-0.9378429651260376,-0.13437503576278687,0.31999045610427856,-0.28477412462234497,-0.22906820476055145,-0.9308229684829712
300,1648560082.4559925,77.47085571289062,-55.50192642211914,1839.1612548828125,0.8761672973632812,-0.006876327097415924,-0.4819581210613251,-0.06533502042293549,0.9889757037162781,-0.13288484513759613,0.4775586426258087,0.14791809022426605,0.866058886051178
4,1648560082.4560175,-84.59233856201172,-62.56264114379883,1664.8277587890625,0.19537143409252167,-0.965230405330658,0.1736670434474945,-0.9383750557899475,-0.13250240683555603,0.3192104697227478,-0.2851003408432007,-0.2253294438123703,-0.9316353797912598
300,1648560082.5041146,77.4939193725586,-55.47964859008789,1839.126953125,0.87567138671875,-0.007264844141900539,-0.4828528165817261,-0.0653683990240097,0.9889005422592163,-0.13342666625976562,0.47846272587776184,0.14840123057365417,0.8654770255088806
4,1648560082.504144,-84.65135955810547,-62.5980339050293,1664.7640380859375,0.19232720136642456,-0.9657720923423767,0.17405322194099426,-0.9398559927940369,-0.1302596777677536,0.31575807929039,-0.28227823972702026,-0.22431382536888123,-0.9327391386032104
300,1648560082.5558474,77.49394989013672,-55.487064361572266,1839.144287109375,0.8759612441062927,-0.007157315965741873,-0.4823283851146698,-0.06524727493524551,0.9889429807662964,-0.1331712156534195,0.4779484272003174,0.14812344312667847,0.8658087253570557
4,1648560082.555872,-84.68635559082031,-62.61676025390625,1664.835205078125,0.19453269243240356,-0.9653846025466919,0.1737515777349472,-0.9391252994537354,-0.13216209411621094,0.31713855266571045,-0.2831973135471344,-0.22486832737922668,-0.9323269128799438
300,1648560082.604008,77.52471923828125,-55.47559356689453,1839.08740234375,0.8761367797851562,-0.006980390753597021,-0.4820120334625244,-0.06496456265449524,0.9890641570091248,-0.1324072629213333,0.47766509652137756,0.14732058346271515,0.8661020398139954
4,1648560082.604049,-84.76734924316406,-62.68050003051758,1664.997802734375,0.19146110117435455,-0.9665912389755249,0.17042307555675507,-0.9395555853843689,-0.1302773654460907,0.3166435956954956,-0.2838626503944397,-0.22074687480926514,-0.9331092238426208
300,1648560082.6556811,77.51741790771484,-55.47843933105469,1839.0999755859375,0.8762614727020264,-0.007122638635337353,-0.4817832410335541,-0.06490585207939148,0.9890325665473938,-0.13267172873020172,0.47744429111480713,0.14752568304538727,0.8661888837814331
4,1648560082.6557064,-84.53607177734375,-62.64126205444336,1664.9581298828125,0.19567647576332092,-0.9653982520103455,0.17238587141036987,-0.9393630027770996,-0.13403652608394623,0.3156442642211914,-0.2816164493560791,-0.22369708120822906,-0.9330872297286987
300,1648560082.6880581,77.53290557861328,-55.4704475402832,1839.0718994140625,0.875937819480896,-0.007280280813574791,-0.482369065284729,-0.065155029296875,0.988939642906189,-0.13324137032032013,0.4780038893222809,0.14813992381095886,0.8657752871513367
4,1648560082.6880834,-84.57720947265625,-62.5638542175293,1664.9803466796875,0.19318777322769165,-0.9661851525306702,0.17077672481536865,-0.9386193752288818,-0.13129304349422455,0.31899189949035645,-0.28578346967697144,-0.22191967070102692,-0.9322443008422852
300,1648560082.7292953,77.5213394165039,-55.470924377441406,1839.114013671875,0.8760923147201538,-0.00741547392681241,-0.4820863604545593,-0.06528307497501373,0.9888491034507751,-0.13384902477264404,0.4777032136917114,0.14873617887496948,0.8658390045166016
4,1648560082.7293208,-84.35114288330078,-62.47160339355469,1664.9041748046875,0.19479653239250183,-0.9655908346176147,0.1723039150238037,-0.9382675886154175,-0.13224801421165466,0.3196316957473755,-0.2858465909957886,-0.22393032908439636,-0.9317440390586853
300,1648560082.7617574,77.52652740478516,-55.46379470825195,1839.0821533203125,0.8758574724197388,-0.007334490306675434,-0.4825141727924347,-0.06517428904771805,0.988925576210022,-0.13333629071712494,0.47814854979515076,0.14823110401630402,0.8656798005104065
4,1648560082.7617834,-84.23963165283203,-62.4771728515625,1664.8636474609375,0.19841811060905457,-0.9643756151199341,0.1749570667743683,-0.9385570883750916,-0.13552290201187134,0.31740209460258484,-0.28238415718078613,-0.22718553245067596,-0.9320117831230164
300,1648560082.7977526,77.51018524169922,-55.459903717041016,1839.090576171875,0.8763258457183838,-0.007574805989861488,-0.4816592037677765,-0.06521423161029816,0.9888060092926025,-0.1342005580663681,0.4772840440273285,0.1490144580602646,0.8660222887992859
4,1648560082.79778,-84.08163452148438,-62.41854476928711,1664.87548828125,0.19587816298007965,-0.9651308059692383,0.17364968359470367,-0.938669741153717,-0.13328953087329865,0.3180142343044281,-0.28377965092658997,-0.22529174387454987,-0.9320476055145264
300,1648560082.8287997,77.50743865966797,-55.46133804321289,1839.0845947265625,0.875872790813446,-0.007457216270267963,-0.4824844300746918,-0.06519598513841629,0.9888835549354553,-0.13363686203956604,0.4781174659729004,0.14850494265556335,0.8656499981880188
4,1648560082.8288252,-83.98494720458984,-62.4290885925293,1664.90283203125,0.19736213982105255,-0.9646766781806946,0.17449110746383667,-0.9386124014854431,-0.13457444310188293,0.31764212250709534,-0.2829398810863495,-0.22647003829479218,-0.9320173263549805
300,1648560082.8680353,77.51033782958984,-55.447967529296875,1839.0736083984375,0.8763866424560547,-0.007827389054000378,-0.4815446138381958,-0.06532280892133713,0.9886960983276367,-0.13495518267154694,0.4771576523780823,0.14972876012325287,0.8659687638282776
4,1648560082.8680625,-83.97723388671875,-62.41346740722656,1664.9166259765625,0.19774097204208374,-0.9646767377853394,0.17406125366687775,-0.9386481046676636,-0.13515548408031464,0.31728965044021606,-0.2825566232204437,-0.22612342238426208,-0.9322177767753601
300,1648560082.9179907,77.50605773925781,-55.4646110534668,1839.06787109375,0.8759428858757019,-0.007536068558692932,-0.4823560118675232,-0.0654020756483078,0.9887914657592773,-0.13421638309955597,0.4779609441757202,0.14911296963691711,0.8656319379806519
4,1648560082.9180186,-84.10737609863281,-62.4680290222168,1664.9478759765625,0.19897128641605377,-0.964704155921936,0.1725003719329834,-0.9385674595832825,-0.13693967461585999,0.3167628049850464,-0.28196024894714355,-0.22492992877960205,-0.9326869249343872
300,1648560082.9529812,77.51441955566406,-55.461971282958984,1839.0999755859375,0.8759995698928833,-0.007345858030021191,-0.4822559654712677,-0.06492394208908081,0.9889878034591675,-0.13299641013145447,0.4779222309589386,0.14781475067138672,0.8658759593963623
4,1648560082.9530084,-84.3592758178711,-62.519561767578125,1665.0692138671875,0.19599896669387817,-0.9657293558120728,0.17015057802200317,-0.9384816288948059,-0.13442479074001312,0.31809160113334656,-0.2843179404735565,-0.22202880680561066,-0.9326663613319397
300,1648560082.9921627,77.51416778564453,-55.44378662109375,1839.025634765625,0.8760234117507935,-0.007411458529531956,-0.4822116792201996,-0.0650186687707901,0.9889382719993591,-0.1333177089691162,0.47786566615104675,0.14814218878746033,0.8658512234687805
4,1648560082.992191,-84.30726623535156,-62.47749328613281,1665.0400390625,0.19540300965309143,-0.966056764125824,0.16897346079349518,-0.9386023879051208,-0.13426266610622406,0.31780359148979187,-0.28432947397232056,-0.22069866955280304,-0.9329784512519836
300,1648560083.0440257,77.51421356201172,-55.44733428955078,1839.02685546875,0.8759642243385315,-0.007566180545836687,-0.4823167622089386,-0.0651235356926918,0.988867998123169,-0.13378725945949554,0.47795987129211426,0.14860302209854126,0.8657202124595642
4,1648560083.0440638,-83.96219635009766,-62.30484390258789,1664.9041748046875,0.1997269243001938,-0.964583158493042,0.17230354249477386,-0.9378470182418823,-0.13725164532661438,0.3187553286552429,-0.2838170826435089,-0.22525838017463684,-0.932044267654419
300,1648560083.091975,77.52745819091797,-55.45002365112305,1839.0648193359375,0.8762087821960449,-0.007283007726073265,-0.4818766415119171,-0.0650559663772583,0.9889463782310486,-0.13323974609375,0.47752052545547485,0.1480947881937027,0.8660497069358826
4,1648560083.0920029,-83.82779693603516,-62.234745025634766,1664.9102783203125,0.19998160004615784,-0.9646676182746887,0.17153339087963104,-0.9372043013572693,-0.1372751146554947,0.3206300139427185,-0.28575414419174194,-0.22488194704055786,-0.9315431714057922
300,1648560083.1437519,77.52960968017578,-55.45436096191406,1839.0718994140625,0.8758548498153687,-0.0077241589315235615,-0.48251277208328247,-0.06523475795984268,0.9887989163398743,-0.1342426985502243,0.478145033121109,0.14905372262001038,0.8655405044555664
4,1648560083.1437788,-84.17649841308594,-62.485923767089844,1664.9803466796875,0.19454728066921234,-0.9662049412727356,0.16911330819129944,-0.9396260380744934,-0.13409003615379333,0.31483766436576843,-0.2815213203430176,-0.22015409171581268,-0.9339582324028015
300,1648560083.1918283,77.510986328125,-55.46368408203125,1839.0648193359375,0.8762354850769043,-0.007365144789218903,-0.4818268120288849,-0.0653097853064537,0.9888423681259155,-0.1338856965303421,0.4774368703365326,0.14878341555595398,0.8659777641296387
