300,1648560509.878643,77.45208740234375,-55.52626419067383,1838.4415283203125,0.8740461468696594,-0.00788708683103323,-0.4857788383960724,-0.06860862672328949,0.9878446459770203,-0.13948388397693634,0.4809741675853729,0.15524397790431976,0.8628807067871094
4,1648560509.8786683,-48.50554275512695,-74.79878997802734,1742.9976806640625,0.021576248109340668,-0.7632387280464172,0.6457562446594238,-0.9908357858657837,0.06981921195983887,0.11562760174274445,-0.13333766162395477,-0.6423332095146179,-0.7547377943992615
410,1648560509.878687,-49.04570007324219,-176.21339416503906,1707.5330810546875,-0.026439452543854713,0.9129519462585449,-0.4072096049785614,-0.9944171905517578,-0.06564711779356003,-0.0826130285859108,-0.10215386003255844,0.40275198221206665,0.9095907807350159
300,1648560509.9099953,77.43173217773438,-55.53458023071289,1838.478759765625,0.8747124075889587,-0.006975959520787001,-0.48459210991859436,-0.06850837916135788,0.9880760908126831,-0.13788484036922455,0.4797757863998413,0.15380819141864777,0.8638045191764832
4,1648560509.9100206,-48.35223388671875,-74.82975006103516,1743.0814208984375,0.02043583244085312,-0.7630739808082581,0.6459879875183105,-0.9908111095428467,0.07094764709472656,0.1151513010263443,-0.13370028138160706,-0.6424052715301514,-0.7546123266220093
410,1648560509.9100392,-48.969154357910156,-176.11328125,1707.459716796875,-0.02395140752196312,0.9137201309204102,-0.4056375324726105,-0.9945335984230042,-0.06302758306264877,-0.08324942737817764,-0.10163302719593048,0.40142619609832764,0.9102349877357483
300,1648560509.943939,77.44424438476562,-55.531192779541016,1838.5,0.8746720552444458,-0.007219754159450531,-0.48466140031814575,-0.06831379979848862,0.9880727529525757,-0.13800525665283203,0.4798770844936371,0.15381839871406555,0.8637464046478271
4,1648560509.9439642,-48.374534606933594,-74.81078338623047,1743.16064453125,0.0216830987483263,-0.7630333304405212,0.6459953784942627,-0.990952730178833,0.06919826567173004,0.11499696969985962,-0.13244827091693878,-0.6426443457603455,-0.7546294927597046
410,1648560509.9439821,-48.79835510253906,-175.9917449951172,1707.6844482421875,-0.025994334369897842,0.9126235842704773,-0.40797364711761475,-0.9943508505821228,-0.06561840325593948,-0.08343042433261871,-0.10291115194559097,0.4035002291202545,0.9091737270355225
300,1648560509.9887304,77.47344207763672,-55.53213882446289,1838.475830078125,0.8744824528694153,-0.007451937533915043,-0.48499995470046997,-0.0684751495718956,0.98797208070755,-0.13864460587501526,0.48019957542419434,0.15445271134376526,0.8634539246559143
4,1648560509.9887617,-48.18229293823242,-74.7926025390625,1743.19140625,0.021166495978832245,-0.7628925442695618,0.6461787223815918,-0.9908408522605896,0.07020958513021469,0.11534734070301056,-0.13336557149887085,-0.6427018046379089,-0.7544190287590027
410,1648560509.9887934,-48.63747787475586,-175.97305297851562,1707.839111328125,-0.025468768551945686,0.9122133851051331,-0.40892302989959717,-0.9945445656776428,-0.0645129382610321,-0.08197078853845596,-0.10115568339824677,0.4046044647693634,0.9088799357414246
300,1648560510.0206285,77.449951171875,-55.52745819091797,1838.517822265625,0.8750434517860413,-0.006735082715749741,-0.48399749398231506,-0.06822770088911057,0.9882041811943054,-0.13710367679595947,0.4792117774486542,0.15299372375011444,0.8642621040344238
4,1648560510.020654,-48.310001373291016,-74.77285766601562,1743.247314453125,0.021594421938061714,-0.764458417892456,0.644311249256134,-0.9909482598304749,0.06904230266809464,0.1151290163397789,-0.13249607384204865,-0.6409652829170227,-0.756047785282135
410,1648560510.0206733,-48.631385803222656,-175.81613159179688,1707.9925537109375,-0.0264736320823431,0.9116566777229309,-0.4100990295410156,-0.994400143623352,-0.06600341945886612,-0.08253390341997147,-0.10231052339076996,0.4056175649166107,0.908298909664154
300,1648560510.0721872,77.44581604003906,-55.52406692504883,1838.5137939453125,0.875100314617157,-0.007105047814548016,-0.4838893711566925,-0.06838632375001907,0.9880430102348328,-0.1381823718547821,0.4790852963924408,0.15401485562324524,0.864150881767273
4,1648560510.0722136,-48.32730484008789,-74.69713592529297,1743.2340087890625,0.02405223809182644,-0.764073371887207,0.6446808576583862,-0.9908035397529602,0.06767208874225616,0.11717034876346588,-0.13315364718437195,-0.6415702700614929,-0.7554188966751099
410,1648560510.072233,-48.63821792602539,-175.65528869628906,1707.896728515625,-0.027497949078679085,0.9120705127716064,-0.40911027789115906,-0.9945110082626343,-0.06629393249750137,-0.08095061033964157,-0.10095419734716415,0.40463870763778687,0.9088870882987976
300,1648560510.104447,77.44503784179688,-55.520545959472656,1838.4927978515625,0.8749144673347473,-0.007116557098925114,-0.4842251241207123,-0.06844515353441238,0.9880378246307373,-0.13819003105163574,0.4794161915779114,0.15404732525348663,0.8639615178108215
4,1648560510.1044729,-48.447147369384766,-74.6790771484375,1743.228271484375,0.018786700442433357,-0.7665719389915466,0.6418836116790771,-0.9902101159095764,0.07454785704612732,0.11801061034202576,-0.13831466436386108,-0.6378166675567627,-0.7576667666435242
410,1648560510.104492,-48.70648956298828,-175.55633544921875,1707.927734375,-0.024865800514817238,0.9119016528129578,-0.4096548855304718,-0.9946797490119934,-0.06354682892560959,-0.08108031749725342,-0.0999695435166359,0.40545928478240967,0.9086301922798157
300,1648560510.1454647,77.4556884765625,-55.51908874511719,1838.475341796875,0.8749374151229858,-0.00650851521641016,-0.48419225215911865,-0.06817954033613205,0.9882931113243103,-0.13648535311222076,0.47941216826438904,0.15242815017700195,0.864250898361206
4,1648560510.1454897,-48.48735809326172,-74.60204315185547,1743.2178955078125,0.02203230746090412,-0.7660679817199707,0.6423818469047546,-0.9902834892272949,0.07152393460273743,0.11925995349884033,-0.13730691373348236,-0.6387677192687988,-0.7570486664772034
410,1648560510.1455076,-48.62566375732422,-175.49411010742188,1707.9713134765625,-0.02496444620192051,0.9112268090248108,-0.41114774346351624,-0.9947943687438965,-0.06328971683979034,-0.0798661857843399,-0.09879763424396515,0.4070136249065399,0.9080632925033569
300,1648560510.1795325,77.46288299560547,-55.511627197265625,1838.4847412109375,0.8746731281280518,-0.007228204049170017,-0.484659343957901,-0.0684460923075676,0.988027811050415,-0.13826128840446472,0.4798562824726105,0.15410646796226501,0.863706648349762
4,1648560510.1795802,-48.34592056274414,-74.63487243652344,1743.282958984375,0.018411485478281975,-0.7660467028617859,0.6425211429595947,-0.9904279708862305,0.07395099103450775,0.11654894798994064,-0.1367970108985901,-0.6385167837142944,-0.7573525309562683
410,1648560510.1796014,-48.41700744628906,-175.43856811523438,1708.056396484375,-0.024415109306573868,0.9110808968544006,-0.41150394082069397,-0.9945605993270874,-0.06382911652326584,-0.08231071382761002,-0.10125765204429626,0.40725597739219666,0.9076835513114929
300,1648560510.2196486,77.4571304321289,-55.50053405761719,1838.5225830078125,0.8744529485702515,-0.008096963167190552,-0.4850428104400635,-0.0687616690993309,0.9876965880393982,-0.14045396447181702,0.48021236062049866,0.1561727374792099,0.8631373643875122
4,1648560510.2196753,-48.10466003417969,-74.55252838134766,1743.374755859375,0.020876692607998848,-0.765116274356842,0.643553614616394,-0.9901276230812073,0.07341668754816055,0.11940401792526245,-0.138605535030365,-0.6396929621696472,-0.7560300230979919
410,1648560510.2196953,-48.3753547668457,-175.21629333496094,1707.81494140625,-0.02363719791173935,0.9116677641868591,-0.41024765372276306,-0.9944615960121155,-0.06347816437482834,-0.08376576751470566,-0.10240831971168518,0.40599554777145386,0.9081190228462219
300,1648560510.2554326,77.46113586425781,-55.506099700927734,1838.475830078125,0.8742910027503967,-0.00784052163362503,-0.4853387773036957,-0.06868944317102432,0.9878091812133789,-0.1396952122449875,0.4805173873901367,0.15547192096710205,0.86309415102005
4,1648560510.2554593,-47.909889221191406,-74.50926208496094,1743.4071044921875,0.023817557841539383,-0.7643230557441711,0.6443935632705688,-0.9906221032142639,0.0687011182308197,0.1181018128991127,-0.13453850150108337,-0.6411633491516113,-0.7555189728736877
410,1648560510.255478,-48.15777587890625,-175.17147827148438,1707.925537109375,-0.024150680750608444,0.9117385745048523,-0.41006040573120117,-0.994532585144043,-0.06359618902206421,-0.08282793313264847,-0.10159569978713989,0.40581807494163513,0.9082896113395691
300,1648560510.2942593,77.4885482788086,-55.51471710205078,1838.4234619140625,0.8733230829238892,-0.0075597395189106464,-0.4870828092098236,-0.06853926181793213,0.9880266785621643,-0.13822318613529205,0.4822957515716553,0.1540977954864502,0.8623483777046204
4,1648560510.2942865,-48.09273910522461,-74.50314331054688,1743.516845703125,0.021509235724806786,-0.7669543027877808,0.6413411498069763,-0.9907752275466919,0.0694977194070816,0.11633806675672531,-0.13379772007465363,-0.637927234172821,-0.7583844661712646
410,1648560510.294306,-48.10282897949219,-175.05364990234375,1708.2208251953125,-0.024581795558333397,0.9113569855690002,-0.4108821749687195,-0.9945892691612244,-0.06379260867834091,-0.08199199289083481,-0.10093522071838379,0.40664348006248474,0.9079940319061279
300,1648560510.3302748,77.49530792236328,-55.511688232421875,1838.43115234375,0.8734323978424072,-0.007576522417366505,-0.4868864417076111,-0.0686168372631073,0.9879871606826782,-0.138466939330101,0.4820866584777832,0.15435011684894562,0.8624201416969299
4,1648560510.3303003,-48.219635009765625,-74.50170135498047,1743.47314453125,0.019458292052149773,-0.7675148248672485,0.6407358050346375,-0.9909361600875854,0.07039200514554977,0.11441351473331451,-0.13291674852371216,-0.6371545791625977,-0.7591885328292847
410,1648560510.3303185,-48.00545120239258,-175.2418670654297,1708.6383056640625,-0.02453710325062275,0.9096088409423828,-0.41474053263664246,-0.9945549964904785,-0.06424257159233093,-0.08205638825893402,-0.10128321498632431,0.41046884655952454,0.9062322974205017
300,1648560510.3729825,77.4881820678711,-55.50731658935547,1838.4429931640625,0.8737868070602417,-0.00815272144973278,-0.48624077439308167,-0.0688304454088211,0.9877206087112427,-0.14025098085403442,0.48141348361968994,0.15601763129234314,0.8624961376190186
4,1648560510.3730097,-48.14375686645508,-74.36334228515625,1743.4263916015625,0.020888544619083405,-0.7676346898078918,0.6405471563339233,-0.9899861216545105,0.07358505576848984,0.12046858668327332,-0.13961055874824524,-0.6366492509841919,-0.758410632610321
410,1648560510.3730285,-47.94979476928711,-175.28453063964844,1708.7510986328125,-0.02331179939210415,0.9096174836158752,-0.4147922098636627,-0.9947990775108337,-0.06225625425577164,-0.08061583340167999,-0.09915298223495483,0.41075563430786133,0.9063379764556885
300,1648560510.4231942,77.45872497558594,-55.51216125488281,1838.4825439453125,0.8745085000991821,-0.00746467849239707,-0.48495277762413025,-0.0684041976928711,0.9879888296127319,-0.13856004178524017,0.48016223311424255,0.15434473752975464,0.8634940385818481
4,1648560510.4232216,-48.27945327758789,-74.40765380859375,1743.4803466796875,0.01883675530552864,-0.7698359489440918,0.6379637718200684,-0.9901877045631409,0.07400499284267426,0.11853907257318497,-0.13846814632415771,-0.6339367628097534,-0.7608880996704102
410,1648560510.4232407,-47.89405059814453,-175.12571716308594,1708.75244140625,-0.0254661962389946,0.9105746746063232,-0.4125594198703766,-0.9945642948150635,-0.06475774198770523,-0.08153732866048813,-0.10096223652362823,0.408240407705307,0.9072741270065308
300,1648560510.4595263,77.45178985595703,-55.51600646972656,1838.5045166015625,0.8745999932289124,-0.00702763581648469,-0.4847942292690277,-0.0683523565530777,0.9881215691566467,-0.1376359909772873,0.48000290989875793,0.15351326763629913,0.863730788230896
4,1648560510.4595747,-48.036949157714844,-74.4369888305664,1743.64013671875,0.023593276739120483,-0.7662057280540466,0.6421620845794678,-0.990882933139801,0.0673038586974144,0.11671006679534912,-0.1326439082622528,-0.6390609741210938,-0.7576322555541992
410,1648560510.459597,-47.873104095458984,-174.93492126464844,1708.6380615234375,-0.026725223287940025,0.9113134145736694,-0.410845011472702,-0.9944071769714355,-0.0662449523806572,-0.08225525915622711,-0.102176733314991,0.40634894371032715,0.9079870581626892
300,1648560510.4984205,77.4644546508789,-55.51637649536133,1838.5283203125,0.8746505379676819,-0.007120851427316666,-0.48470166325569153,-0.06839586049318314,0.9880765676498413,-0.1379372626543045,0.4799045920372009,0.15379849076271057,0.8637346625328064
4,1648560510.498447,-47.89202117919922,-74.41242218017578,1743.6947021484375,0.023792259395122528,-0.7675666809082031,0.6405273675918579,-0.9908808469772339,0.06689132004976273,0.11696431040763855,-0.13262362778186798,-0.6374691724777222,-0.758975625038147
410,1648560510.4984903,-47.836219787597656,-174.78546142578125,1708.5303955078125,-0.028725044801831245,0.9113245606422424,-0.41068530082702637,-0.9944128394126892,-0.06780395656824112,-0.08090589195489883,-0.10157760977745056,0.4060666859149933,0.9081805348396301
300,1648560510.5327678,77.48009490966797,-55.497581481933594,1838.4876708984375,0.8741539120674133,-0.0076269847340881824,-0.48558908700942993,-0.06854516267776489,0.9879297018051147,-0.13891157507896423,0.48078736662864685,0.15471488237380981,0.863079845905304
4,1648560510.532793,-47.57746505737305,-74.23351287841797,1743.7061767578125,0.030596425756812096,-0.7636293768882751,0.6449294686317444,-0.9903872013092041,0.0639188140630722,0.12266860157251358,-0.13489647209644318,-0.642483115196228,-0.7543330788612366
410,1648560510.5328114,-47.759037017822266,-174.71348571777344,1708.560791015625,-0.027956362813711166,0.9113826155662537,-0.4106094539165497,-0.9945379495620728,-0.0666835606098175,-0.08029668778181076,-0.10056190937757492,0.4061218798160553,0.9082688689231873
300,1648560510.5733519,77.4596939086914,-55.506046295166016,1838.5294189453125,0.8746282458305359,-0.006974154617637396,-0.48474401235580444,-0.0681145191192627,0.988210141658783,-0.13711734116077423,0.47998523712158203,0.15294480323791504,0.8638414740562439
4,1648560510.5733786,-47.69553756713867,-74.29798126220703,1743.6068115234375,0.029168209061026573,-0.7641259431838989,0.644407331943512,-0.9909594058990479,0.062353428453207016,0.11879191547632217,-0.13095298409461975,-0.6420464515686035,-0.7553990483283997
410,1648560510.573397,-47.56380844116211,-174.6675567626953,1708.7818603515625,-0.026140758767724037,0.9106873869895935,-0.4122682511806488,-0.9946696758270264,-0.06484472751617432,-0.08017074316740036,-0.09974390268325806,0.4079750180244446,0.907528281211853
300,1648560510.6051676,77.46162414550781,-55.50297164916992,1838.476806640625,0.8742536902427673,-0.007365076802670956,-0.485413521528244,-0.06851385533809662,0.9880053997039795,-0.13838762044906616,0.4806104302406311,0.15424343943595886,0.8632627725601196
4,1648560510.6051936,-47.59421157836914,-74.09188842773438,1743.5157470703125,0.02730655111372471,-0.7654367089271545,0.6429315209388733,-0.9892483353614807,0.07174897938966751,0.12743544578552246,-0.14367344975471497,-0.639498770236969,-0.7552478313446045
410,1648560510.6052153,-47.47356414794922,-174.61062622070312,1708.726318359375,-0.02467816136777401,0.911370038986206,-0.4108474850654602,-0.994810163974762,-0.06296753138303757,-0.07992414385080338,-0.09871052205562592,0.4067428708076477,0.9081940650939941
300,1648560510.643616,77.4583740234375,-55.506858825683594,1838.4864501953125,0.8741488456726074,-0.007425244431942701,-0.48560139536857605,-0.06858466565608978,0.9879751205444336,-0.138568714261055,0.48079100251197815,0.15443448722362518,0.8631280064582825
4,1648560510.6436436,-47.61005783081055,-74.21500396728516,1743.4053955078125,0.024717802181839943,-0.7652714252471924,0.6432329416275024,-0.990588366985321,0.06789848208427429,0.11884643137454987,-0.13462431728839874,-0.6401166915893555,-0.7563906908035278
410,1648560510.643664,-47.502323150634766,-174.48562622070312,1708.4913330078125,-0.023442566394805908,0.9117435216903687,-0.41009044647216797,-0.9949343204498291,-0.06138765066862106,-0.0796067863702774,-0.09775546193122864,0.4061468541622162,0.908564031124115
300,1648560510.6792028,77.4767074584961,-55.50185012817383,1838.4947509765625,0.8739716410636902,-0.008034883067011833,-0.4859105050563812,-0.0686052069067955,0.9878102540969849,-0.1397293210029602,0.4811100661754608,0.15545545518398285,0.8627669215202332
4,1648560510.679229,-47.44239044189453,-74.29840850830078,1743.3988037109375,0.02550259232521057,-0.7635275721549988,0.6452714800834656,-0.9914002418518066,0.06356121599674225,0.11439219862222672,-0.12835583090782166,-0.6426395773887634,-0.7553404569625854
410,1648560510.6792471,-47.49346923828125,-174.4080810546875,1708.284423828125,-0.02457987330853939,0.9128828048706055,-0.40748101472854614,-0.9948031902313232,-0.06262102723121643,-0.08028233051300049,-0.09880524128675461,0.4033900797367096,0.9096779227256775
300,1648560510.7529426,77.45680236816406,-55.50572967529297,1838.533935546875,0.8746392130851746,-0.006998646538704634,-0.48472389578819275,-0.06846985965967178,0.9880886673927307,-0.13781394064426422,0.47991469502449036,0.1537264585494995,0.8637418746948242
4,1648560510.75297,-47.51886749267578,-74.18222045898438,1743.4520263671875,0.026685554534196854,-0.7651829719543457,0.643259584903717,-0.9905891418457031,0.0661727786064148,0.11980964243412018,-0.13424256443977356,-0.640403151512146,-0.7562160491943359
410,1648560510.7529888,-47.97366714477539,-174.10133361816406,1707.8017578125,-0.027464892715215683,0.9141915440559387,-0.4043506979942322,-0.994419276714325,-0.06620629131793976,-0.08214060962200165,-0.10186281055212021,0.3998381197452545,0.910908043384552
300,1648560510.7879672,77.44103240966797,-55.50541305541992,1838.5474853515625,0.8748980760574341,-0.007047178223729134,-0.484255850315094,-0.06848070025444031,0.98804771900177,-0.1381017416715622,0.4794411361217499,0.1539871245622635,0.8639584183692932
4,1648560510.7879934,-47.64409637451172,-74.0041275024414,1743.3648681640625,0.02879549190402031,-0.765441358089447,0.6428610682487488,-0.9895252585411072,0.06918537616729736,0.12670111656188965,-0.14145886898040771,-0.6397756934165955,-0.7554312944412231
410,1648560510.7880118,-48.24756622314453,-174.10646057128906,1707.6790771484375,-0.0294621791690588,0.9141757488250732,-0.4042457640171051,-0.994239866733551,-0.068495012819767,-0.08243503421545029,-0.10304892808198929,0.39948853850364685,0.9109280109405518
300,1648560510.8283596,77.45863342285156,-55.49471664428711,1838.495849609375,0.8744228482246399,-0.007526354864239693,-0.4851061701774597,-0.0685507133603096,0.9879319667816162,-0.1388929784297943,0.4802972376346588,0.15470556914806366,0.8633543848991394
4,1648560510.8283901,-47.91089630126953,-73.97657775878906,1743.2757568359375,0.027794914320111275,-0.766963541507721,0.6410884261131287,-0.9893596172332764,0.07051821798086166,0.12725867331027985,-0.14281117916107178,-0.6378041505813599,-0.7568426728248596
410,1648560510.8284094,-48.556785583496094,-174.0455322265625,1707.6190185546875,-0.02983972243964672,0.9137145280838013,-0.40525954961776733,-0.99419105052948,-0.06907624751329422,-0.0825386717915535,-0.10341060161590576,0.4004424810409546,0.9104680418968201
300,1648560510.8613415,77.45829772949219,-55.49940872192383,1838.5087890625,0.8747113347053528,-0.007333385292440653,-0.48458874225616455,-0.0683809295296669,0.9880152344703674,-0.13838346302509308,0.4797958731651306,0.15418222546577454,0.8637266755104065
4,1648560510.8613672,-48.09662628173828,-74.10533142089844,1743.1617431640625,0.024148987606167793,-0.7677561044692993,0.6402869820594788,-0.9902597069740295,0.06947824358940125,0.12065858393907547,-0.13712237775325775,-0.6369641423225403,-0.758600115776062
410,1648560510.861386,-48.70954132080078,-173.98915100097656,1707.5445556640625,-0.031470585614442825,0.9131522178649902,-0.4064021110534668,-0.9943657517433167,-0.06978236138820648,-0.07979447394609451,-0.10122419893741608,0.4016011655330658,0.9102033376693726
300,1648560510.8967478,77.44384002685547,-55.499412536621094,1838.5238037109375,0.8751681447029114,-0.007318281568586826,-0.4837634861469269,-0.06843980401754379,0.9879584908485413,-0.13875891268253326,0.4789537191390991,0.15454606711864471,0.8641289472579956
4,1648560510.8967752,-48.078102111816406,-74.13562774658203,1743.1995849609375,0.022610627114772797,-0.7661324143409729,0.6422848701477051,-0.9905462265014648,0.06977992504835129,0.11810573935508728,-0.13530322909355164,-0.6388832926750183,-0.7573118209838867
410,1648560510.896796,-48.85001754760742,-173.900390625,1707.516357421875,-0.032050348818302155,0.9142686724662781,-0.4038386046886444,-0.9940785765647888,-0.07113251090049744,-0.08214583247900009,-0.10382941365242004,0.39881449937820435,0.9111347198486328
300,1648560510.9467974,77.45929718017578,-55.49453353881836,1838.478271484375,0.8745641708374023,-0.007168153766542673,-0.48485684394836426,-0.06841123104095459,0.9880660772323608,-0.13800491392612457,0.48005983233451843,0.1538638025522232,0.8636367917060852
4,1648560510.946824,-47.78630828857422,-73.95557403564453,1743.2752685546875,0.02299971878528595,-0.7651926875114441,0.6433903574943542,-0.989986002445221,0.07222610712051392,0.12128917872905731,-0.13927917182445526,-0.639737069606781,-0.7558689117431641
410,1648560510.946844,-49.07783508300781,-173.63116455078125,1707.2969970703125,-0.034288905560970306,0.9157484769821167,-0.40028616786003113,-0.9938583970069885,-0.07340872287750244,-0.08280479162931442,-0.10521285235881805,0.394988477230072,0.9126414060592651
300,1648560510.9819777,77.4601821899414,-55.49262237548828,1838.486572265625,0.8744670748710632,-0.007157720159739256,-0.4850320518016815,-0.06857212632894516,0.9880263209342957,-0.13820959627628326,0.4802136719226837,0.15411941707134247,0.8635056614875793
4,1648560510.9820035,-47.64900207519531,-73.65596771240234,1743.368896484375,0.028734637424349785,-0.7664798498153687,0.6416252255439758,-0.9888556003570557,0.0720081478357315,0.13030534982681274,-0.1460786759853363,-0.6382189989089966,-0.7558687329292297
410,1648560510.9820216,-49.001800537109375,-173.4521942138672,1707.1683349609375,-0.03625190258026123,0.9151145219802856,-0.4015609323978424,-0.9937638640403748,-0.0754103809595108,-0.08213771879673004,-0.10544728487730026,0.39607909321784973,0.9121415615081787
300,1648560511.0172498,77.45469665527344,-55.49505615234375,1838.4910888671875,0.8744004964828491,-0.007450314704328775,-0.485147625207901,-0.06852129846811295,0.9879652261734009,-0.13867059350013733,0.4803421199321747,0.15449659526348114,0.8633667826652527
4,1648560511.0172768,-47.629207611083984,-73.49857330322266,1743.427978515625,0.028540313243865967,-0.764485776424408,0.6440085172653198,-0.9888361692428589,0.07266910374164581,0.1300855278968811,-0.14624804258346558,-0.640531599521637,-0.7538771629333496
410,1648560511.0172987,-49.16188049316406,-173.24371337890625,1706.877197265625,-0.03630177676677704,0.9159349203109741,-0.39968156814575195,-0.9937559962272644,-0.07530983537435532,-0.0823250338435173,-0.10550432652235031,0.39419740438461304,0.9129497408866882
300,1648560511.0669978,77.45684814453125,-55.49001693725586,1838.5185546875,0.8749397993087769,-0.007522554136812687,-0.4841732680797577,-0.06839778274297714,0.9879345893859863,-0.1389497071504593,0.47937676310539246,0.1546889990568161,0.863868772983551
4,1648560511.0670245,-47.777095794677734,-73.59310913085938,1743.388671875,0.025190947577357292,-0.7648913860321045,0.6436665058135986,-0.9903723001480103,0.06857529282569885,0.12025026977062225,-0.13611800968647003,-0.640498697757721,-0.7557997703552246
410,1648560511.0670433,-49.171878814697266,-173.0186309814453,1706.850830078125,-0.03559722751379013,0.9162423610687256,-0.39903977513313293,-0.9935981035232544,-0.07528647780418396,-0.08423051238059998,-0.10721786320209503,0.39348676800727844,0.9130566716194153
300,1648560511.1170142,77.45276641845703,-55.488075256347656,1838.5166015625,0.8750658631324768,-0.007155586965382099,-0.48395100235939026,-0.068269744515419,0.9880691766738892,-0.13805268704891205,0.4791649281978607,0.15384440124034882,0.8641370534896851
4,1648560511.117041,-47.795833587646484,-73.5159912109375,1743.3814697265625,0.022745003923773766,-0.7629052996635437,0.6461100578308105,-0.9905786514282227,0.0701000988483429,0.11764319986104965,-0.13504299521446228,-0.6426985859870911,-0.7541232705116272
410,1648560511.117061,-48.88068771362305,-173.0096435546875,1707.232177734375,-0.03417219966650009,0.9168635606765747,-0.3977354168891907,-0.9935886263847351,-0.07407988607883453,-0.08540360629558563,-0.10776764899492264,0.39226698875427246,0.9135167002677917
300,1648560511.1523564,77.451171875,-55.501060485839844,1838.4727783203125,0.8751407265663147,-0.0067683192901313305,-0.4838211238384247,-0.06841579079627991,0.9881258010864258,-0.13757438957691193,0.4790072739124298,0.15349796414375305,0.8642860651016235
4,1648560511.1523821,-47.60175323486328,-73.24005126953125,1743.488525390625,0.02909289300441742,-0.7645951509475708,0.6438539624214172,-0.9891383051872253,0.0708237737417221,0.12880003452301025,-0.1440800428390503,-0.6406077146530151,-0.7542298436164856
410,1648560511.1524007,-48.62704086303711,-173.14427185058594,1707.4456787109375,-0.03346903249621391,0.916057825088501,-0.39964717626571655,-0.9938184022903442,-0.0728554055094719,-0.08376795053482056,-0.10585273802280426,0.3943730890750885,0.9128335118293762
300,1648560511.1875067,77.4433364868164,-55.49766159057617,1838.511474609375,0.8750894665718079,-0.0069934227503836155,-0.48391062021255493,-0.068501316010952,0.9880388975143433,-0.1381547451019287,0.479088693857193,0.15404628217220306,0.8641433715820312
4,1648560511.1875336,-47.294795989990234,-72.99483489990234,1743.644775390625,0.030621135607361794,-0.7626591920852661,0.6460753083229065,-0.9880181550979614,0.07472801953554153,0.13504037261009216,-0.15126970410346985,-0.6424692273139954,-0.7512328624725342
410,1648560511.187573,-48.4855842590332,-173.1593780517578,1707.579345703125,-0.033527880907058716,0.9151955842971802,-0.40161290764808655,-0.9939911365509033,-0.07242941111326218,-0.0820707157254219,-0.10419934242963791,0.396448016166687,0.9121246933937073
300,1648560511.2370384,77.44248962402344,-55.499481201171875,1838.5355224609375,0.8751872181892395,-0.0067826188169419765,-0.4837368130683899,-0.06825496256351471,0.9881690144538879,-0.13734379410743713,0.478945255279541,0.15321896970272064,0.8643699288368225
4,1648560511.237065,-47.4238395690918,-73.2357406616211,1743.8226318359375,0.031096195802092552,-0.7645517587661743,0.643811821937561,-0.9900416135787964,0.06491871178150177,0.12491265684366226,-0.1372976303100586,-0.6412848234176636,-0.7549192905426025
410,1648560511.2370849,-48.19741439819336,-173.0365447998047,1707.83447265625,-0.034921105951070786,0.9147871732711792,-0.4024238884449005,-0.9937715530395508,-0.07442306727170944,-0.08294155448675156,-0.10582349449396133,0.39702099561691284,0.9116883873939514
300,1648560511.2873373,77.4430160522461,-55.483642578125,1838.5498046875,0.875002384185791,-0.00792760495096445,-0.48405370116233826,-0.06859403103590012,0.987748384475708,-0.14017125964164734,0.4792344868183136,0.15585337579250336,0.8637384176254272
4,1648560511.2873635,-47.01634216308594,-73.11031341552734,1743.7984619140625,0.036290548741817474,-0.7606192827224731,0.6481830477714539,-0.9898272156715393,0.06192856654524803,0.12808948755264282,-0.1375683844089508,-0.6462376713752747,-0.7506342530250549
410,1648560511.2873847,-48.172916412353516,-173.03013610839844,1707.6700439453125,-0.03404727950692177,0.9150339365005493,-0.4019373655319214,-0.9940181374549866,-0.07276233285665512,-0.08144649863243103,-0.10377221554517746,0.3967600166797638,0.91203773021698
300,1648560511.337358,77.4480972290039,-55.4891242980957,1838.5206298828125,0.874838650226593,-0.007192435674369335,-0.48436105251312256,-0.06842155009508133,0.988030731678009,-0.13825258612632751,0.47955796122550964,0.15408943593502045,0.8638753294944763
4,1648560511.3373857,-46.86418151855469,-73.01904296875,1743.682861328125,0.03572229668498039,-0.7597116827964783,0.6492781639099121,-0.989795982837677,0.06278061866760254,0.12791582942008972,-0.13794122636318207,-0.6472223401069641,-0.7497168779373169
410,1648560511.3374047,-48.02749252319336,-172.98643493652344,1707.573974609375,-0.033668402582407,0.915291428565979,-0.4013826549053192,-0.9940819144248962,-0.0721721351146698,-0.08119280636310577,-0.10328372567892075,0.3962736129760742,0.9123045802116394
300,1648560511.3874278,77.46206665039062,-55.48809051513672,1838.5169677734375,0.8746351003646851,-0.0073609864339232445,-0.4847259819507599,-0.0684318020939827,0.9879980087280273,-0.13848133385181427,0.479927659034729,0.1542913019657135,0.8636339902877808
4,1648560511.3874562,-46.984405517578125,-73.08511352539062,1743.6927490234375,0.030289432033896446,-0.7604984045028687,0.6486329436302185,-0.9904268980026245,0.06459863483905792,0.12198983132839203,-0.13467387855052948,-0.6461185216903687,-0.7512614727020264
410,1648560511.387475,-47.85807418823242,-172.92889404296875,1707.7110595703125,-0.03349142149090767,0.9148823022842407,-0.40232914686203003,-0.9940176010131836,-0.07236403971910477,-0.08180743455886841,-0.10395833849906921,0.3971824049949646,0.9118326902389526
300,1648560511.4374309,77.45333099365234,-55.499778747558594,1838.49169921875,0.8745279312133789,-0.0069295065477490425,-0.48492559790611267,-0.06833308190107346,0.988162100315094,-0.13735440373420715,0.480136901140213,0.15325671434402466,0.8637018799781799
4,1648560511.4374585,-46.96187973022461,-72.8377914428711,1743.8626708984375,0.032397668808698654,-0.7614865899085999,0.6473705172538757,-0.9887866377830505,0.0700526162981987,0.13188506662845612,-0.14577871561050415,-0.6443840861320496,-0.7506781816482544
410,1648560511.4374776,-47.84659194946289,-172.89862060546875,1707.6292724609375,-0.032479166984558105,0.9147175550460815,-0.40278637409210205,-0.9940061569213867,-0.07165282964706421,-0.08256884664297104,-0.10438796132802963,0.39769038558006287,0.9115621447563171
300,1648560511.4875064,77.46304321289062,-55.48200988769531,1838.474853515625,0.8746662735939026,-0.007252369076013565,-0.48467132449150085,-0.06856098771095276,0.9879845976829529,-0.13851287961006165,0.4798523485660553,0.15438209474086761,0.8636596202850342
4,1648560511.487534,-46.62654495239258,-72.72898864746094,1743.81396484375,0.033403895795345306,-0.7601243257522583,0.6489185094833374,-0.9887949228286743,0.06938523054122925,0.1321752965450287,-0.14549501240253448,-0.6460624933242798,-0.749289333820343
410,1648560511.4875753,-48.01435470581055,-172.82374572753906,1707.45556640625,-0.03475581854581833,0.9163308143615723,-0.39891085028648376,-0.9937031865119934,-0.07422804087400436,-0.08392972499132156,-0.10651776194572449,0.39348194003105164,0.9131407141685486
300,1648560511.537701,77.4540023803711,-55.49456787109375,1838.5189208984375,0.8745961785316467,-0.006927852053195238,-0.4848025441169739,-0.06835678964853287,0.9881488084793091,-0.137438103556633,0.4800092279911041,0.1533423811197281,0.8637576699256897
4,1648560511.537727,-46.83232879638672,-72.70169067382812,1743.7774658203125,0.035061150789260864,-0.7601059675216675,0.6488525867462158,-0.9890991449356079,0.06651832908391953,0.13137026131153107,-0.14301590621471405,-0.6463855504989624,-0.7494879364967346
410,1648560511.5377464,-48.37222671508789,-172.8567657470703,1707.427490234375,-0.03648877516388893,0.9160144329071045,-0.39948228001594543,-0.9939206838607788,-0.07481730729341507,-0.08077152073383331,-0.10387606918811798,0.3941064476966858,0.9131757020950317
300,1648560511.5875323,77.46170043945312,-55.48759841918945,1838.5050048828125,0.8745393753051758,-0.006928396876901388,-0.4849050045013428,-0.06858832389116287,0.9880797863006592,-0.13781875371932983,0.48007968068122864,0.15378674864768982,0.8636394739151001
4,1648560511.5875833,-47.363609313964844,-72.76731872558594,1743.8636474609375,0.030743593350052834,-0.7643325328826904,0.6440889835357666,-0.9892338514328003,0.06897464394569397,0.12906938791275024,-0.14307773113250732,-0.6411226391792297,-0.7539830803871155
410,1648560511.5876026,-48.6528205871582,-172.95306396484375,1707.7376708984375,-0.03692876547574997,0.9162572026252747,-0.3988846242427826,-0.9939979314804077,-0.07481136173009872,-0.079820916056633,-0.10297759622335434,0.3935428261756897,0.9135204553604126
300,1648560511.6374857,77.4522933959961,-55.4897346496582,1838.5223388671875,0.8745922446250916,-0.007027550134807825,-0.4848082661628723,-0.06823452562093735,0.9881599545478821,-0.1374187171459198,0.48003384470939636,0.15326599776744843,0.8637574911117554
4,1648560511.6375175,-47.11734390258789,-72.8018798828125,1743.825439453125,0.03428898751735687,-0.7595887184143066,0.649499237537384,-0.9898191690444946,0.0640157014131546,0.12712177634239197,-0.13813841342926025,-0.6472457051277161,-0.7496604323387146
410,1648560511.6375372,-48.942474365234375,-172.9332733154297,1707.5904541015625,-0.03859437257051468,0.917288601398468,-0.3963484466075897,-0.9940454363822937,-0.0756930410861969,-0.07838509231805801,-0.10190257430076599,0.3909631371498108,0.9147478938102722
300,1648560511.6875322,77.44418334960938,-55.4882926940918,1838.508056640625,0.875195324420929,-0.007057635113596916,-0.48371824622154236,-0.06816200911998749,0.9881198406219482,-0.13774313032627106,0.47894370555877686,0.15352334082126617,0.8643167614936829
4,1648560511.6875823,-47.013458251953125,-72.79545593261719,1743.8736572265625,0.03398749604821205,-0.7597885131835938,0.6492813229560852,-0.9899921417236328,0.06343968212604523,0.12605953216552734,-0.13696877658367157,-0.6470678448677063,-0.7500284910202026
410,1648560511.6876032,-48.881954193115234,-172.89076232910156,1707.66162109375,-0.038135286420583725,0.9172894358634949,-0.3963909447193146,-0.9940667748451233,-0.07526238262653351,-0.0785294696688652,-0.10186757892370224,0.3910443186759949,0.9147170782089233
300,1648560511.7375784,77.46240234375,-55.48210525512695,1838.5089111328125,0.8747378587722778,-0.007184165064245462,-0.4845431447029114,-0.06836920976638794,0.9880591034889221,-0.13807545602321625,0.47974923253059387,0.1539076566696167,0.8638015389442444
4,1648560511.7376072,-47.17824935913086,-72.87026977539062,1743.98291015625,0.0300742220133543,-0.7618610858917236,0.647041916847229,-0.990378201007843,0.06476902216672897,0.12229478359222412,-0.13507990539073944,-0.6444941163063049,-0.7525827288627625
410,1648560511.7376266,-48.771141052246094,-172.84815979003906,1707.9346923828125,-0.03980935737490654,0.9164445400238037,-0.3981765806674957,-0.9937493801116943,-0.07790609449148178,-0.07995471358299255,-0.10429444909095764,0.3925047814846039,0.9138176441192627
300,1648560511.7876704,77.46144104003906,-55.49208450317383,1838.521484375,0.8746822476387024,-0.007334378082305193,-0.48464128375053406,-0.06835629791021347,0.9880254864692688,-0.13832208514213562,0.47985246777534485,0.15411615371704102,0.8637070059776306
4,1648560511.7876987,-46.99931335449219,-72.79268646240234,1744.112060546875,0.03413022682070732,-0.7598706483840942,0.6491777300834656,-0.9901284575462341,0.06264635920524597,0.1253838986158371,-0.1359441727399826,-0.6470487117767334,-0.7502313852310181
410,1648560511.7877238,-49.1301155090332,-172.99114990234375,1707.9029541015625,-0.03976955637335777,0.9175577163696289,-0.3956086337566376,-0.9941394925117493,-0.0761655792593956,-0.07671679556369781,-0.10052385181188583,0.3902391791343689,0.9152094721794128
300,1648560511.8379345,77.45000457763672,-55.48057556152344,1838.5447998046875,0.8753144145011902,-0.007319369353353977,-0.48349881172180176,-0.06852972507476807,0.987915575504303,-0.1390199363231659,0.47867351770401,0.15482020378112793,0.8642351031303406
4,1648560511.837962,-47.05436325073242,-72.76787567138672,1744.1485595703125,0.032763686031103134,-0.7591848969459534,0.6500498652458191,-0.9901658892631531,0.06385119259357452,0.12447714060544968,-0.136007621884346,-0.6477354764938354,-0.7496269941329956
410,1648560511.8379815,-49.108150482177734,-172.92039489746094,1708.0938720703125,-0.040922217071056366,0.91651451587677,-0.3979026675224304,-0.9938227534294128,-0.07845263183116913,-0.07849544286727905,-0.10315872728824615,0.3922325074672699,0.9140633940696716
300,1648560511.8879514,77.43617248535156,-55.48209762573242,1838.5758056640625,0.8753570914268494,-0.0070911794900894165,-0.48342496156692505,-0.06838356703519821,0.9880242347717285,-0.13831783831119537,0.4786164164543152,0.1541358232498169,0.8643890619277954
4,1648560511.8879926,-46.875083923339844,-72.50389099121094,1744.0889892578125,0.03361991420388222,-0.7588862776756287,0.6503547430038452,-0.9887015223503113,0.06985663622617722,0.132625013589859,-0.1460788995027542,-0.6474655270576477,-0.7479634284973145
410,1648560511.888026,-49.13905715942383,-172.6789093017578,1707.477783203125,-0.04196317121386528,0.9181867241859436,-0.3939189910888672,-0.9933613538742065,-0.08060833066701889,-0.08206993341445923,-0.10710867494344711,0.3878600001335144,0.9154738187789917
300,1648560511.9380393,77.44552612304688,-55.488975524902344,1838.55615234375,0.8751921057701111,-0.0066885254345834255,-0.4837293326854706,-0.06833448261022568,0.98816978931427,-0.13729827105998993,0.47892504930496216,0.15321774780750275,0.8643813729286194
4,1648560511.9380662,-46.815853118896484,-72.45600891113281,1743.920166015625,0.03371772915124893,-0.7576831579208374,0.6517509818077087,-0.9888002276420593,0.0695735365152359,0.13203631341457367,-0.14538630843162537,-0.648903489112854,-0.7468514442443848
410,1648560511.9380853,-49.32644271850586,-172.4205322265625,1706.796142578125,-0.04058843106031418,0.9204760789871216,-0.3886854946613312,-0.9933069944381714,-0.07927276194095612,-0.08400598913431168,-0.10813767462968826,0.38267436623573303,0.9175328612327576
300,1648560511.973916,77.45174407958984,-55.47705841064453,1838.532958984375,0.8747545480728149,-0.006875806022435427,-0.48451751470565796,-0.06857948750257492,0.9880779385566711,-0.13783618807792664,0.4796887934207916,0.15380080044269562,0.8638541102409363
4,1648560511.9739416,-46.909393310546875,-72.4847412109375,1743.8955078125,0.034382518380880356,-0.7579585313796997,0.6513959765434265,-0.989264190196991,0.06681983917951584,0.12996713817119598,-0.14203587174415588,-0.6488713026046753,-0.747523844242096
410,1648560511.9739633,-49.26371383666992,-172.3824462890625,1706.868896484375,-0.04166704788804054,0.9198680520057678,-0.39000844955444336,-0.9932230114936829,-0.0805235505104065,-0.08380939811468124,-0.1084984615445137,0.3838732838630676,0.9169893264770508
300,1648560512.0384617,77.43553161621094,-55.488033294677734,1838.5634765625,0.8754808902740479,-0.006369429174810648,-0.4832107424736023,-0.06838306039571762,0.9882186055183411,-0.13692255318164825,0.4783899784088135,0.15291650593280792,0.864730954170227
4,1648560512.0385392,-47.00212097167969,-72.44105529785156,1744.02587890625,0.03602219372987747,-0.7579010128974915,0.6513742804527283,-0.9887474775314331,0.06766830384731293,0.13341443240642548,-0.14519232511520386,-0.6488505601882935,-0.7469351291656494
410,1648560512.0385857,-49.7851448059082,-172.42469787597656,1706.9266357421875,-0.04345359280705452,0.92082679271698,-0.3875432312488556,-0.9932370185852051,-0.08162198960781097,-0.08257141709327698,-0.1076660230755806,0.3813342750072479,0.9181460738182068
300,1648560512.0884671,77.4598617553711,-55.48283004760742,1838.5303955078125,0.8746192455291748,-0.006889199838042259,-0.4847615361213684,-0.06840523332357407,0.9881422519683838,-0.13746148347854614,0.4799603521823883,0.1533866822719574,0.8637769222259521
