4,1648561348.6806536,-217.86080932617188,-24.111928939819336,1552.1844482421875,0.1914423108100891,-0.9812400937080383,0.022753607481718063,-0.8322097659111023,-0.1499883085489273,0.5337887406349182,-0.520362138748169,-0.12112552672624588,-0.84531170129776
300,1648561348.6806803,77.79246520996094,-55.374603271484375,1838.8111572265625,0.87230384349823,-0.011674514040350914,-0.4888247847557068,-0.06575595587491989,0.9878329634666443,-0.14093321561813354,0.4845225512981415,0.15507973730564117,0.8609228730201721
410,1648561348.6806989,-176.31532287597656,-96.47389221191406,1492.8785400390625,0.14691062271595,0.8698582053184509,-0.470918208360672,-0.8674120903015137,-0.11552418023347855,-0.4839942455291748,-0.4754088222980499,0.47958406805992126,0.7375537753105164
4,1648561348.7218463,-217.88233947753906,-24.17003059387207,1552.2196044921875,0.1912221759557724,-0.9812178015708923,0.025410320609807968,-0.8324397802352905,-0.1484023779630661,0.5338733792304993,-0.5200750827789307,-0.12324098497629166,-0.8451825380325317
300,1648561348.7218738,77.79618835449219,-55.37676239013672,1838.797607421875,0.8721627593040466,-0.01180196925997734,-0.4890734851360321,-0.06580865383148193,0.9877923727035522,-0.14119300246238708,0.48476940393447876,0.15532854199409485,0.8607390522956848
410,1648561348.7218924,-176.35400390625,-96.76416015625,1493.0543212890625,0.14655672013759613,0.8695921897888184,-0.47151944041252136,-0.8689467906951904,-0.11461000144481659,-0.48145195841789246,-0.47270768880844116,0.4802853465080261,0.7388324737548828
4,1648561348.756783,-217.96177673339844,-24.18802261352539,1552.225341796875,0.19030429422855377,-0.9813864231109619,0.02578634023666382,-0.8330070972442627,-0.14752060174942017,0.5332324504852295,-0.5195030570030212,-0.12295663356781006,-0.8455756902694702
300,1648561348.7568092,77.78687286376953,-55.3697395324707,1838.8067626953125,0.8727657198905945,-0.011690537445247173,-0.48799929022789,-0.06583058089017868,0.9877615571022034,-0.14139802753925323,0.48367998003959656,0.1555326282978058,0.8613148331642151
410,1648561348.7568274,-176.46168518066406,-96.80890655517578,1493.112548828125,0.14697085320949554,0.8695104718208313,-0.47154122591018677,-0.868896484375,-0.11431476473808289,-0.4816129207611084,-0.47267159819602966,0.4805035889148712,0.7387136816978455
4,1648561348.7923944,-217.86947631835938,-24.161802291870117,1552.2213134765625,0.19077332317829132,-0.9812953472137451,0.02578764222562313,-0.832897961139679,-0.14790888130664825,0.5332953333854675,-0.51950603723526,-0.12321700155735016,-0.8455359935760498
300,1648561348.7924232,77.77849578857422,-55.372013092041016,1838.8138427734375,0.8728197813034058,-0.011343218386173248,-0.48791080713272095,-0.06574428826570511,0.9878845810890198,-0.1405763179063797,0.4835941791534424,0.15477514266967773,0.8614994883537292
410,1648561348.7924416,-176.5531005859375,-96.64826202392578,1492.963134765625,0.14615556597709656,0.8698238134384155,-0.4712165594100952,-0.86833256483078,-0.1154119074344635,-0.48236772418022156,-0.47395893931388855,0.4796734154224396,0.7384282946586609
4,1648561348.842331,-217.5480499267578,-23.90395736694336,1552.0350341796875,0.19314773380756378,-0.9808052182197571,0.026740148663520813,-0.8313269019126892,-0.14911425113677979,0.5354068875312805,-0.5211425423622131,-0.12564243376255035,-0.844170868396759
300,1648561348.842358,77.7904052734375,-55.373416900634766,1838.812744140625,0.8728638291358948,-0.011518840678036213,-0.4878278970718384,-0.06577516347169876,0.9878199696540833,-0.14101551473140717,0.48351046442985535,0.15517430007457733,0.8614746332168579
410,1648561348.8423772,-176.38589477539062,-96.21065521240234,1492.5062255859375,0.14517422020435333,0.8710086345672607,-0.46932756900787354,-0.8674719929695129,-0.11607770621776581,-0.48375439643859863,-0.4758327305316925,0.4773571789264679,0.7387241125106812
4,1648561348.8776476,-217.40213012695312,-23.785676956176758,1551.94775390625,0.19437545537948608,-0.980552613735199,0.027106106281280518,-0.8301838040351868,-0.1497228741645813,0.5370083451271057,-0.5225065350532532,-0.12688429653644562,-0.8431413173675537
300,1648561348.877673,77.78565979003906,-55.36687088012695,1838.818359375,0.8727970123291016,-0.011617636308073997,-0.4879451394081116,-0.06592879444360733,0.9877482056617737,-0.14144572615623474,0.4836101830005646,0.15562303364276886,0.8613377213478088
410,1648561348.877691,-176.25511169433594,-95.94757080078125,1492.28076171875,0.1454850286245346,0.8715208172798157,-0.4682793915271759,-0.8664460778236389,-0.11625310033559799,-0.48554757237434387,-0.4776037633419037,0.47637873888015747,0.7382127046585083
4,1648561348.9199035,-217.2874298095703,-23.65519142150879,1551.83349609375,0.19490817189216614,-0.9804108142852783,0.028380639851093292,-0.82996666431427,-0.14944235980510712,0.5374218821525574,-0.5226529836654663,-0.1283029019832611,-0.8428358435630798
300,1648561348.9199307,77.78683471679688,-55.36473846435547,1838.8048095703125,0.8729560375213623,-0.011358531191945076,-0.48766663670539856,-0.06578955054283142,0.9878531098365784,-0.1407763808965683,0.4833419919013977,0.15497495234012604,0.8616050481796265
410,1648561348.919949,-176.09033203125,-95.74066162109375,1492.12060546875,0.14634904265403748,0.8720492720603943,-0.46702468395233154,-0.8660717606544495,-0.11518224328756332,-0.48646968603134155,-0.47801849246025085,0.47567126154899597,0.738400399684906
4,1648561348.9560382,-217.1343231201172,-23.619443893432617,1551.854736328125,0.19592131674289703,-0.9801796674728394,0.029370276257395744,-0.8293121457099915,-0.14963339269161224,0.5383782982826233,-0.5233126878738403,-0.12983691692352295,-0.8421912789344788
300,1648561348.956064,77.79346466064453,-55.37160110473633,1838.8046875,0.8727288842201233,-0.011063833720982075,-0.4880797564983368,-0.06570446491241455,0.9879859685897827,-0.13988102972507477,0.48376354575157166,0.15414725244045258,0.8615169525146484
410,1648561348.9560819,-175.93360900878906,-95.67814636230469,1492.1307373046875,0.14734557271003723,0.8714425563812256,-0.46784302592277527,-0.8658571243286133,-0.11499407887458801,-0.4868960976600647,-0.4781011939048767,0.4768272042274475,0.7376009225845337
4,1648561348.9952576,-217.02110290527344,-23.612977981567383,1551.90576171875,0.1969749927520752,-0.9799754619598389,0.02913648821413517,-0.8288540244102478,-0.15057948231697083,0.5388198494911194,-0.5236428380012512,-0.130283921957016,-0.8419170379638672
300,1648561348.995285,77.78665161132812,-55.3682746887207,1838.817626953125,0.8728699088096619,-0.011406603269279003,-0.4878196716308594,-0.06570576876401901,0.9878740310668945,-0.14066852629184723,0.4835089445114136,0.15483787655830383,0.8615360260009766
410,1648561348.995305,-175.72520446777344,-95.63700103759766,1492.1781005859375,0.1479164958000183,0.8709568381309509,-0.4685668349266052,-0.8656817674636841,-0.11508163064718246,-0.4871871769428253,-0.478242427110672,0.47769275307655334,0.7369489669799805
4,1648561349.0294192,-216.82638549804688,-23.528162002563477,1551.8387451171875,0.19842933118343353,-0.9796657562255859,0.029677994549274445,-0.8287501335144043,-0.15154200792312622,0.5387097597122192,-0.5232580304145813,-0.13149146735668182,-0.8419685363769531
300,1648561349.0294452,77.79948425292969,-55.36063003540039,1838.78466796875,0.872627854347229,-0.0115971015766263,-0.4882480502128601,-0.06586921960115433,0.9877890348434448,-0.14118808507919312,0.48392343521118164,0.15536516904830933,0.8612083196640015
410,1648561349.0294635,-175.52359008789062,-95.52689361572266,1492.1253662109375,0.14798493683338165,0.8707078695297241,-0.4690077006816864,-0.8655588626861572,-0.11539211124181747,-0.4873320758342743,-0.4784436821937561,0.47807157039642334,0.7365726232528687
4,1648561349.0701227,-216.74322509765625,-23.50182342529297,1551.8094482421875,0.1988280862569809,-0.9796229004859924,0.02839694730937481,-0.8289391994476318,-0.1526462882757187,0.5381067991256714,-0.5228070616722107,-0.13053008913993835,-0.8423981666564941
300,1648561349.0701506,77.80337524414062,-55.36745071411133,1838.774169921875,0.8725857138633728,-0.011339102871716022,-0.48832938075065613,-0.06569192558526993,0.9879240393638611,-0.14032334089279175,0.48402348160743713,0.15452344715595245,0.8613035082817078
410,1648561349.070169,-175.43972778320312,-95.4017333984375,1492.04736328125,0.14846652746200562,0.8711155652999878,-0.46809765696525574,-0.8651641607284546,-0.11486133933067322,-0.48815760016441345,-0.4790079891681671,0.47745636105537415,0.7366048693656921
4,1648561349.101967,-216.77308654785156,-23.52189064025879,1551.8421630859375,0.1985560655593872,-0.9796791672706604,0.028358658775687218,-0.8290141820907593,-0.15244527161121368,0.538048267364502,-0.5227915644645691,-0.1303424835205078,-0.8424368500709534
300,1648561349.1019936,77.79508209228516,-55.3677864074707,1838.79052734375,0.8724867105484009,-0.01149373035877943,-0.4885026812553406,-0.06583951413631439,0.9878414869308472,-0.14083461463451385,0.4841819107532501,0.15503910183906555,0.8611217737197876
410,1648561349.1020133,-175.43809509277344,-95.3722915649414,1492.03125,0.14885079860687256,0.8713856339454651,-0.46747249364852905,-0.8650815486907959,-0.11426206678152084,-0.48844456672668457,-0.47903794050216675,0.4771071970462799,0.736811637878418
4,1648561349.1502843,-216.86891174316406,-23.527511596679688,1551.829833984375,0.19745030999183655,-0.9798625111579895,0.029713358730077744,-0.8287857174873352,-0.15066546201705933,0.5389009118080139,-0.5235720276832581,-0.13103215396404266,-0.841844916343689
300,1648561349.1503096,77.80573272705078,-55.3651123046875,1838.7862548828125,0.8723628520965576,-0.011967333033680916,-0.4887124300003052,-0.06581230461597443,0.987724781036377,-0.1416633576154709,0.4844087064266205,0.15574513375759125,0.8608667850494385
410,1648561349.1503272,-175.5968475341797,-95.32479858398438,1491.993408203125,0.14938420057296753,0.8718961477279663,-0.46634912490844727,-0.8645982146263123,-0.11365266889333725,-0.48944154381752014,-0.47974398732185364,0.47631946206092834,0.7368618845939636
4,1648561349.183248,-217.0316925048828,-23.545833587646484,1551.813720703125,0.19645079970359802,-0.9800591468811035,0.02985210344195366,-0.8286996483802795,-0.1496841013431549,0.5393065810203552,-0.5240839719772339,-0.13068564236164093,-0.8415802121162415
300,1648561349.1832743,77.78540802001953,-55.35993957519531,1838.8150634765625,0.8729144930839539,-0.01171658281236887,-0.48773249983787537,-0.06599210947751999,0.9876880645751953,-0.1418355256319046,0.48338940739631653,0.15599678456783295,0.8613940477371216
410,1648561349.1832933,-175.8560791015625,-95.23969268798828,1491.87890625,0.14919297397136688,0.8724178671836853,-0.46543365716934204,-0.8641194105148315,-0.11377774178981781,-0.4902573823928833,-0.48066529631614685,0.47533318400382996,0.7368983626365662
4,1648561349.2238364,-217.1886444091797,-23.554826736450195,1551.7884521484375,0.1954556405544281,-0.9802568554878235,0.029893094673752785,-0.8288953304290771,-0.1488310545682907,0.5392419695854187,-0.5241466164588928,-0.1301761269569397,-0.841620147228241
300,1648561349.223864,77.78387451171875,-55.36355209350586,1838.805419921875,0.872828483581543,-0.011594550684094429,-0.4878893494606018,-0.06602266430854797,0.9877217411994934,-0.14158672094345093,0.4835405647754669,0.15579266846179962,0.8613461256027222
410,1648561349.2238846,-176.0892333984375,-95.19789123535156,1491.7901611328125,0.14847077429294586,0.8728331923484802,-0.4648855924606323,-0.8634018301963806,-0.11479880660772324,-0.49128249287605286,-0.4821760058403015,0.47432416677474976,0.7365615367889404
4,1648561349.2584581,-217.31710815429688,-23.6007137298584,1551.791748046875,0.19420921802520752,-0.9805352091789246,0.02887103334069252,-0.8287996053695679,-0.148269385099411,0.5395436882972717,-0.5247608423233032,-0.12871265411376953,-0.8414624929428101
300,1648561349.258512,77.78507232666016,-55.36457061767578,1838.8101806640625,0.8726361989974976,-0.011611353605985641,-0.48823273181915283,-0.06587669998407364,0.9877817034721375,-0.14123566448688507,0.4839073121547699,0.1554105132818222,0.8612092137336731
410,1648561349.2585323,-176.2181396484375,-95.25794219970703,1491.8123779296875,0.14784421026706696,0.8716284036636353,-0.46733930706977844,-0.8633155822753906,-0.11680363118648529,-0.4909614324569702,-0.4825228452682495,0.4760470986366272,0.7352216243743896
4,1648561349.2984352,-217.49783325195312,-23.61164665222168,1551.7503662109375,0.19296401739120483,-0.9807963371276855,0.028344260528683662,-0.8289520740509033,-0.14749811589717865,0.5395208597183228,-0.5249793529510498,-0.127604141831398,-0.8414950370788574
300,1648561349.2984865,77.78968048095703,-55.36707305908203,1838.7760009765625,0.8726910948753357,-0.011477231979370117,-0.48813778162002563,-0.0658097118139267,0.9878368973731995,-0.14088068902492523,0.4838173985481262,0.1550695300102234,0.8613211512565613
410,1648561349.2985194,-176.37745666503906,-95.34832763671875,1491.8251953125,0.14689531922340393,0.8707494139671326,-0.46927309036254883,-0.8635270595550537,-0.11849746853113174,-0.4901829957962036,-0.4824342131614685,0.4772355854511261,0.7345089316368103
4,1648561349.3297215,-217.74700927734375,-23.65887451171875,1551.7330322265625,0.19145388901233673,-0.9810983538627625,0.02813173644244671,-0.8288195133209229,-0.14625220000743866,0.5400635004043579,-0.5257410407066345,-0.12671338021755219,-0.8411539793014526
300,1648561349.3297486,77.7839584350586,-55.37324905395508,1838.7830810546875,0.8727683424949646,-0.011241721920669079,-0.4880051612854004,-0.0657091736793518,0.9879297614097595,-0.1402749866247177,0.4836917519569397,0.15449398756027222,0.8614951372146606
410,1648561349.3297684,-176.58616638183594,-95.34683990478516,1491.7889404296875,0.14671215415000916,0.8707544207572937,-0.4693211317062378,-0.863114058971405,-0.11908958107233047,-0.4907665252685547,-0.4832283854484558,0.4770790636539459,0.7340884804725647
4,1648561349.3769805,-218.01612854003906,-23.74985122680664,1551.7962646484375,0.18955324590206146,-0.9814685583114624,0.028089655563235283,-0.8294745087623596,-0.144758939743042,0.5394598245620728,-0.5253966450691223,-0.12555602192878723,-0.841542661190033
300,1648561349.377008,77.7891845703125,-55.378726959228516,1838.7496337890625,0.8722690939903259,-0.01111364085227251,-0.48889994621276855,-0.06562767177820206,0.9880379438400269,-0.1395493894815445,0.48460260033607483,0.15380997955799103,0.8611055612564087
410,1648561349.377026,-176.86888122558594,-95.28827667236328,1491.704833984375,0.14619381725788116,0.870265007019043,-0.4703894257545471,-0.8624057769775391,-0.12083421647548676,-0.49158456921577454,-0.4846479594707489,0.4775331914424896,0.7328563332557678
4,1648561349.4272928,-218.87960815429688,-24.277315139770508,1551.795166015625,0.1812513917684555,-0.9832295179367065,0.020189501345157623,-0.832252562046051,-0.14241798222064972,0.5357917547225952,-0.5239309072494507,-0.11391577124595642,-0.8441087603569031
300,1648561349.4273195,77.7853775024414,-55.37379837036133,1838.7628173828125,0.8723509311676025,-0.011521280743181705,-0.4887444078922272,-0.0658712238073349,0.9878358840942383,-0.14085882902145386,0.48442214727401733,0.15507252514362335,0.8609806895256042
410,1648561349.4273398,-176.84339904785156,-95.48429107666016,1492.137451171875,0.15045569837093353,0.865507960319519,-0.4777646064758301,-0.8623457551002502,-0.12142837792634964,-0.4915434420108795,-0.48344895243644714,0.48595377802848816,0.7280975580215454
4,1648561349.4781797,-218.935791015625,-24.571704864501953,1551.84521484375,0.17816027998924255,-0.9837992191314697,0.019951315596699715,-0.8327664732933044,-0.1399463266134262,0.53564453125,-0.5241745710372925,-0.11204536259174347,-0.8442078232765198
300,1648561349.4782078,77.76739501953125,-55.382347106933594,1838.8118896484375,0.8723279237747192,-0.011702173389494419,-0.488781213760376,-0.06592417508363724,0.987768828868866,-0.14130359888076782,0.4844563901424408,0.15548557043075562,0.8608868718147278
410,1648561349.4782262,-176.68820190429688,-93.49168395996094,1493.51806640625,0.15393739938735962,0.8622114062309265,-0.4825916886329651,-0.8611841201782227,-0.12237615138292313,-0.4933416247367859,-0.4844224750995636,0.49154403805732727,0.723684549331665
4,1648561349.5097113,-218.5038604736328,-24.36635971069336,1551.727783203125,0.1783570796251297,-0.9836868643760681,0.023429084569215775,-0.8342474102973938,-0.1385500431060791,0.5336994528770447,-0.5217470526695251,-0.11473473161458969,-0.8453496098518372
300,1648561349.509738,77.8133773803711,-55.35810089111328,1838.7236328125,0.8722454309463501,-0.012081635184586048,-0.488919198513031,-0.06610337644815445,0.987608790397644,-0.1423349678516388,0.48458054661750793,0.15647022426128387,0.8606385588645935
410,1648561349.5097566,-176.9628448486328,-91.5861587524414,1493.9566650390625,0.15420936048030853,0.8650811910629272,-0.47734054923057556,-0.8591846227645874,-0.12114471197128296,-0.49711745977401733,-0.48787423968315125,0.48678380250930786,0.7245827913284302
4,1648561349.5800784,-217.8489227294922,-23.91916847229004,1551.6204833984375,0.18117207288742065,-0.9831716418266296,0.023456215858459473,-0.8283969163894653,-0.13970991969108582,0.5424386262893677,-0.5300332307815552,-0.11770579218864441,-0.8397678732872009
300,1648561349.5801046,77.77828979492188,-55.38124084472656,1838.7984619140625,0.8729714751243591,-0.01134788990020752,-0.48763927817344666,-0.06568065285682678,0.9878896474838257,-0.14057070016860962,0.4833289682865143,0.15474267303943634,0.8616541028022766
410,1648561349.5801227,-177.3914337158203,-89.52549743652344,1493.5537109375,0.14753994345664978,0.869523823261261,-0.47133883833885193,-0.8560373783111572,-0.12643809616565704,-0.5012118816375732,-0.49541085958480835,0.4774324595928192,0.7256902456283569
4,1648561349.6284306,-218.0911865234375,-23.98660659790039,1551.6090087890625,0.1840095967054367,-0.9824633598327637,0.03010295331478119,-0.8310614228248596,-0.1391533762216568,0.5384916663169861,-0.5248593688011169,-0.12410503625869751,-0.8420929312705994
300,1648561349.628458,77.78369903564453,-55.383785247802734,1838.7840576171875,0.8728899359703064,-0.011170348152518272,-0.48778924345970154,-0.06547581404447556,0.9880135655403137,-0.13979323208332062,0.48350390791893005,0.15396250784397125,0.8616957068443298
410,1648561349.6284773,-177.30340576171875,-89.39411926269531,1493.6553955078125,0.1505846381187439,0.8679656386375427,-0.4732440710067749,-0.8543902039527893,-0.12655971944332123,-0.5039841532707214,-0.4973345696926117,0.48022735118865967,0.7225233316421509
4,1648561349.6783779,-218.08724975585938,-23.854673385620117,1551.45068359375,0.1842857152223587,-0.9825132489204407,0.026580721139907837,-0.8296881914138794,-0.14100857079029083,0.5401241779327393,-0.5269310474395752,-0.12159087508916855,-0.8411654829978943
300,1648561349.6784105,77.76803588867188,-55.38996887207031,1838.805419921875,0.8729255199432373,-0.010976499877870083,-0.4877299666404724,-0.06559470295906067,0.9880279898643494,-0.13963542878627777,0.4834235608577728,0.15388382971286774,0.861754834651947
410,1648561349.6784286,-176.9119415283203,-89.202880859375,1493.4859619140625,0.15433049201965332,0.8666602969169617,-0.47442811727523804,-0.8546321392059326,-0.12384728342294693,-0.5042477250099182,-0.49576812982559204,0.48328232765197754,0.7215623259544373
4,1648561349.7284205,-217.3280487060547,-23.68238639831543,1551.506103515625,0.18961527943611145,-0.9815022945404053,0.02644312009215355,-0.828326404094696,-0.14544709026813507,0.5410364866256714,-0.5271824598312378,-0.12449231743812561,-0.840583324432373
300,1648561349.7284477,77.77561950683594,-55.388031005859375,1838.8135986328125,0.8728823065757751,-0.01103633176535368,-0.4878059923648834,-0.06570607423782349,0.9879792928695679,-0.1399272233247757,0.48348650336265564,0.15419180691242218,0.8616644740104675
410,1648561349.7284665,-176.42337036132812,-88.84611511230469,1493.353759765625,0.15300396084785461,0.8679561018943787,-0.47248485684394836,-0.8526002168655396,-0.12580212950706482,-0.5071949362754822,-0.4996625781059265,0.48044353723526,0.720771312713623
4,1648561349.7626612,-217.202880859375,-23.674367904663086,1551.57568359375,0.19154389202594757,-0.981105625629425,0.027252793312072754,-0.828463613986969,-0.14672993123531342,0.5404797792434692,-0.5262689590454102,-0.12610355019569397,-0.8409155011177063
300,1648561349.7626882,77.76654815673828,-55.391357421875,1838.8463134765625,0.8727058172225952,-0.011269056238234043,-0.4881163239479065,-0.06574467569589615,0.9879162907600403,-0.14035311341285706,0.4837997257709503,0.15457803010940552,0.8614194393157959
410,1648561349.7627058,-176.0739288330078,-88.73858642578125,1493.305908203125,0.1559802144765854,0.8673474788665771,-0.4726293683052063,-0.8529254198074341,-0.1230594739317894,-0.5073210000991821,-0.4981851279735565,0.4822496473789215,0.7205878496170044
4,1648561349.7991636,-216.73062133789062,-23.521953582763672,1551.498291015625,0.19672460854053497,-0.9800239205360413,0.02919846773147583,-0.8280425667762756,-0.15012238919734955,0.5401933193206787,-0.5250190496444702,-0.1304468959569931,-0.8410342335700989
300,1648561349.79919,77.78036499023438,-55.3822135925293,1838.83837890625,0.872791588306427,-0.01126155536621809,-0.48796316981315613,-0.065839983522892,0.9878801107406616,-0.14056317508220673,0.48363205790519714,0.154809832572937,0.861471951007843
410,1648561349.7992086,-175.3574676513672,-88.62313842773438,1493.367431640625,0.15646050870418549,0.8654852509498596,-0.47587326169013977,-0.8537245988845825,-0.12377221882343292,-0.5058010816574097,-0.49666327238082886,0.4854026138782501,0.719520628452301
4,1648561349.8486834,-216.35426330566406,-23.53136444091797,1551.6419677734375,0.1945585161447525,-0.9804225564002991,0.0303083173930645,-0.8281803727149963,-0.14763309061527252,0.5406678915023804,-0.525608479976654,-0.13029229640960693,-0.8406899571418762
300,1648561349.8487117,77.76978302001953,-55.37810516357422,1838.8038330078125,0.8730422854423523,-0.011328322812914848,-0.4875129461288452,-0.0657632127404213,0.9878622889518738,-0.14072424173355103,0.48318982124328613,0.1549186259508133,0.8617005348205566
410,1648561349.8487332,-174.7871551513672,-88.70865631103516,1493.8720703125,0.16063882410526276,0.8664010763168335,-0.4728047847747803,-0.8528444170951843,-0.11929048597812653,-0.5083563923835754,-0.4968416094779968,0.4848906695842743,0.7197425961494446
4,1648561349.8832362,-216.4158477783203,-23.494958877563477,1551.5694580078125,0.19378860294818878,-0.9807302951812744,0.024781521409749985,-0.8279621601104736,-0.14994803071022034,0.5403649210929871,-0.5262362957000732,-0.1252347230911255,-0.8410657644271851
300,1648561349.883262,77.76750183105469,-55.38643264770508,1838.81201171875,0.8729941844940186,-0.01128354948014021,-0.48760002851486206,-0.06586179882287979,0.9878480434417725,-0.1407780945301056,0.483263224363327,0.15501266717910767,0.8616424798965454
410,1648561349.8832848,-174.4673614501953,-88.84317016601562,1493.9820556640625,0.16134013235569,0.8643408417701721,-0.4763236939907074,-0.8537136912345886,-0.11990506201982498,-0.5067501664161682,-0.49511852860450745,0.48840317130088806,0.7185540795326233
4,1648561349.9190989,-216.1024169921875,-23.47059440612793,1551.684326171875,0.19758528470993042,-0.9798027873039246,0.03076617792248726,-0.8275135159492493,-0.1498851329088211,0.5410691499710083,-0.5255296230316162,-0.13236673176288605,-0.8404151797294617
300,1648561349.9191275,77.78799438476562,-55.38495635986328,1838.7606201171875,0.8728927373886108,-0.011347124353051186,-0.48778021335601807,-0.06573367863893509,0.9878801703453064,-0.1406126171350479,0.48346394300460815,0.1548033207654953,0.861567497253418
410,1648561349.9191465,-174.25596618652344,-88.83720397949219,1493.9278564453125,0.1630460023880005,0.8644178509712219,-0.47560250759124756,-0.854587972164154,-0.11716355383396149,-0.5059170722961426,-0.4930470287799835,0.48893195390701294,0.7196180820465088
4,1648561349.968979,-216.26934814453125,-23.37329864501953,1551.5550537109375,0.1993664652109146,-0.9794740080833435,0.029726315289735794,-0.8257879614830017,-0.15159808099269867,0.5432239174842834,-0.5275672674179077,-0.13284826278686523,-0.839061439037323
300,1648561349.969007,77.77528381347656,-55.37897872924805,1838.783203125,0.8730713129043579,-0.01156000979244709,-0.48745545744895935,-0.06583736836910248,0.9877687096595764,-0.14134488999843597,0.4831272065639496,0.15549695491790771,0.861631453037262
410,1648561349.9690256,-174.45458984375,-88.2896728515625,1493.6048583984375,0.165113627910614,0.8661978244781494,-0.471634179353714,-0.8507881760597229,-0.11679993569850922,-0.512364387512207,-0.4988957941532135,0.48585912585258484,0.7176656126976013
4,1648561350.018851,-216.3084716796875,-23.257375717163086,1551.4864501953125,0.19722947478294373,-0.9798582196235657,0.0312790609896183,-0.8260045647621155,-0.14890718460083008,0.5436387658119202,-0.5280312299728394,-0.13305823504924774,-0.8387362360954285
300,1648561350.0188782,77.7818832397461,-55.38239669799805,1838.800048828125,0.8729879260063171,-0.011171872727572918,-0.48761382699012756,-0.06585321575403214,0.9878835678100586,-0.1405324637889862,0.48327571153640747,0.15479408204555511,0.8616747856140137
410,1648561350.0188973,-174.53353881835938,-87.80029296875,1493.1195068359375,0.16509443521499634,0.8674134612083435,-0.46940141916275024,-0.84820955991745,-0.11798524111509323,-0.516352653503418,-0.5032736659049988,0.4833977222442627,0.7162696719169617
4,1648561350.068995,-216.34478759765625,-23.203807830810547,1551.513427734375,0.19932261109352112,-0.9795453548431396,0.027593575417995453,-0.8238916397094727,-0.1522713154554367,0.5459084510803223,-0.530540406703949,-0.1315460056066513,-0.8373903036117554
300,1648561350.0690234,77.75630950927734,-55.3871955871582,1838.7901611328125,0.8729251623153687,-0.011312326416373253,-0.4877229332923889,-0.06598509103059769,0.9878065586090088,-0.1410112828016281,0.4833710789680481,0.15527473390102386,0.8615347743034363
410,1648561350.0690417,-174.35189819335938,-87.84601593017578,1493.0703125,0.16841532289981842,0.8672849535942078,-0.46845823526382446,-0.8490885496139526,-0.11375493556261063,-0.5158569812774658,-0.5006844401359558,0.4846407473087311,0.7172436118125916
4,1648561350.1190648,-216.22824096679688,-23.282623291015625,1551.760498046875,0.19606512784957886,-0.9802970886230469,0.024002525955438614,-0.8240215182304382,-0.15144172310829163,0.5459431409835815,-0.5315514802932739,-0.12681901454925537,-0.8374783396720886
300,1648561350.1190927,77.76555633544922,-55.39366912841797,1838.818359375,0.8731809258460999,-0.011229475028812885,-0.48726686835289,-0.06577291339635849,0.9878748655319214,-0.1406312882900238,0.48293793201446533,0.15484552085399628,0.8618548512458801
410,1648561350.1191118,-174.11199951171875,-87.96636962890625,1493.2904052734375,0.16793061792850494,0.8678635954856873,-0.46755969524383545,-0.8486840128898621,-0.11402395367622375,-0.5164629817008972,-0.5015324354171753,0.4835403561592102,0.7173938751220703
4,1648561350.1690857,-216.3260498046875,-23.332603454589844,1551.6505126953125,0.19672676920890808,-0.9801357984542847,0.025146359577775,-0.8261735439300537,-0.15190471708774567,0.5425516366958618,-0.5279544591903687,-0.1275096833705902,-0.8396459817886353
300,1648561350.1691146,77.75242614746094,-55.404396057128906,1838.8502197265625,0.8730961084365845,-0.01077235396951437,-0.487429141998291,-0.06567072868347168,0.9880466461181641,-0.13946734368801117,0.4831051230430603,0.15377822518348694,0.8619522452354431
410,1648561350.1691465,-174.06459045410156,-87.99305725097656,1493.20068359375,0.17458820343017578,0.8671474456787109,-0.4664485454559326,-0.8484250903129578,-0.10792486369609833,-0.5181960463523865,-0.49969375133514404,0.48621755838394165,0.7168672680854797
4,1648561350.2191594,-215.97207641601562,-23.18965721130371,1551.5269775390625,0.20240220427513123,-0.9789109230041504,0.027690034359693527,-0.8267016410827637,-0.15563684701919556,0.5406862497329712,-0.5249741077423096,-0.13232748210430145,-0.8407685160636902
300,1648561350.2191865,77.76473236083984,-55.39395523071289,1838.830810546875,0.8728556036949158,-0.011105865240097046,-0.48785215616226196,-0.06573934853076935,0.9879511594772339,-0.1401101052761078,0.4835301637649536,0.15436697006225586,0.861608624458313
410,1648561350.2192054,-173.5398712158203,-87.6297378540039,1492.9683837890625,0.1711757630109787,0.8696758151054382,-0.4629932940006256,-0.8469398021697998,-0.11020926386117935,-0.5201412439346313,-0.5033804178237915,0.48116302490234375,0.7176979184150696
4,1648561350.2691689,-215.78172302246094,-23.20374298095703,1551.585693359375,0.20470300316810608,-0.9783421754837036,0.030712882056832314,-0.8268378973007202,-0.15603961050510406,0.5403617024421692,-0.5238661766052246,-0.13600823283195496,-0.8408721685409546
300,1648561350.269197,77.7603988647461,-55.38777542114258,1838.8099365234375,0.8728345036506653,-0.011323263868689537,-0.48788490891456604,-0.06574471294879913,0.9878888726234436,-0.14054621756076813,0.4835675060749054,0.15474943816661835,0.8615190386772156
410,1648561350.2692163,-173.13963317871094,-87.712158203125,1492.800537109375,0.17596495151519775,0.8673982620239258,-0.465463787317276,-0.846118688583374,-0.10839106887578964,-0.5218568444252014,-0.5031098127365112,0.4856661260128021,0.7148488759994507
4,1648561350.3192677,-215.2200164794922,-22.966068267822266,1551.432861328125,0.21026413142681122,-0.977159857749939,0.030783092603087425,-0.8266051411628723,-0.16087864339351654,0.5392977595329285,-0.5220277309417725,-0.1388404369354248,-0.8415523767471313
300,1648561350.319295,77.75141143798828,-55.386077880859375,1838.8155517578125,0.8730630278587341,-0.011208785697817802,-0.48747849464416504,-0.06591031700372696,0.9878476858139038,-0.14075787365436554,0.4831322133541107,0.1550203561782837,0.8617145419120789
410,1648561350.3193145,-172.94821166992188,-87.18183898925781,1492.315673828125,0.17387597262859344,0.8687674403190613,-0.4636920094490051,-0.8443576097488403,-0.11079327017068863,-0.5241994261741638,-0.5067813396453857,0.48266759514808655,0.7142861485481262
4,1648561350.3692038,-215.36277770996094,-22.841907501220703,1551.591064453125,0.20584899187088013,-0.978162944316864,0.02869654819369316,-0.8224114775657654,-0.15703065693378448,0.5467912554740906,-0.5303447246551514,-0.13615679740905762,-0.8367770314216614
300,1648561350.369231,77.7615737915039,-55.39024353027344,1838.8111572265625,0.873129665851593,-0.011078731156885624,-0.48736217617988586,-0.06584274023771286,0.9879006743431091,-0.14041699469089508,0.483021080493927,0.15469150245189667,0.8618359565734863
410,1648561350.369249,-172.3746337890625,-87.0921859741211,1492.9727783203125,0.17673534154891968,0.8656997680664062,-0.46832525730133057,-0.8440730571746826,-0.11143489181995392,-0.5245215892791748,-0.5062659978866577,0.4880022406578064,0.7110193967819214
4,1648561350.419277,-215.66796875,-22.69319725036621,1551.4844970703125,0.1990189105272293,-0.9797155261039734,0.02342871017754078,-0.8207924365997314,-0.15357813239097595,0.5501940846443176,-0.5354355573654175,-0.12872913479804993,-0.8347080945968628
300,1648561350.419304,77.75567626953125,-55.39765930175781,1838.791015625,0.8727836608886719,-0.011203879490494728,-0.48797863721847534,-0.06599006056785583,0.9878493547439575,-0.14070861041545868,0.4836258590221405,0.1550099104642868,0.8614394664764404
410,1648561350.4193223,-172.67266845703125,-86.82478332519531,1492.395263671875,0.18052884936332703,0.8683528304100037,-0.461922824382782,-0.8427765965461731,-0.10555923730134964,-0.5278114080429077,-0.5070867538452148,0.48458293080329895,0.712770938873291
4,1648561350.4692554,-214.9759979248047,-22.424829483032227,1551.3914794921875,0.203572079539299,-0.9787120223045349,0.026098407804965973,-0.8193198442459106,-0.15570445358753204,0.5517890453338623,-0.5359789133071899,-0.1337117850780487,-0.8335753083229065
300,1648561350.4692833,77.76273345947266,-55.38606643676758,1838.781494140625,0.8727934956550598,-0.011158116161823273,-0.48796209692955017,-0.0658525675535202,0.9879056811332703,-0.14037741720676422,0.4836268723011017,0.15465405583381653,0.8615028858184814
410,1648561350.4693015,-172.13568115234375,-86.5747299194336,1492.83740234375,0.17840728163719177,0.8677092790603638,-0.4639520049095154,-0.8456661701202393,-0.10582724213600159,-0.5231150388717651,-0.5030105113983154,0.4856760501861572,0.7149119973182678
4,1648561350.519338,-214.8096160888672,-22.697511672973633,1551.6080322265625,0.20598670840263367,-0.9782475233078003,0.02452143467962742,-0.8223488926887512,-0.15946868062019348,0.546179473400116,-0.5303882956504822,-0.13267087936401367,-0.8373091816902161
300,1648561350.5193799,77.78102111816406,-55.382904052734375,1838.7962646484375,0.8728157877922058,-0.011287336237728596,-0.48791927099227905,-0.06579048186540604,0.9878863096237183,-0.1405428797006607,0.4835951030254364,0.15476848185062408,0.8615001440048218
410,1648561350.5193996,-171.9921112060547,-86.95162963867188,1493.430419921875,0.1745898425579071,0.8659483790397644,-0.46867018938064575,-0.8473936915397644,-0.11025699973106384,-0.5193912386894226,-0.5014402270317078,0.4878286123275757,0.7145494818687439
4,1648561350.5692947,-214.9069366455078,-22.91646957397461,1551.74755859375,0.21476781368255615,-0.9763702750205994,0.023997778072953224,-0.8242685198783875,-0.16802118718624115,0.5406942963600159,-0.5238856673240662,-0.13590434193611145,-0.8408768177032471
300,1648561350.5693226,77.79601287841797,-55.36845779418945,1838.783447265625,0.872947633266449,-0.011267470195889473,-0.4876837730407715,-0.06556741893291473,0.9879511594772339,-0.1401905119419098,0.4833873510360718,0.15435513854026794,0.861690878868103
410,1648561350.5693405,-172.27584838867188,-86.72979736328125,1493.5101318359375,0.1710006594657898,0.8679543733596802,-0.46627670526504517,-0.8456996083259583,-0.11351227015256882,-0.5214471220970154,-0.5055204629898071,0.48349782824516296,0.7146180272102356
4,1648561350.6193712,-214.71798706054688,-22.635866165161133,1551.5592041015625,0.21893362700939178,-0.9753022789955139,0.029215319082140923,-0.8206859230995178,-0.16786526143550873,0.5461646914482117,-0.5277714133262634,-0.14355041086673737,-0.8371682167053223
300,1648561350.6193979,77.76702880859375,-55.37375259399414,1838.810302734375,0.872891902923584,-0.011502263136208057,-0.48777803778648376,-0.06571229547262192,0.987842321395874,-0.14088815450668335,0.48346832394599915,0.155033141374588,0.8615236878395081
410,1648561350.619416,-172.32760620117188,-86.52261352539062,1493.1634521484375,0.17296183109283447,0.867817759513855,-0.46580734848976135,-0.8471189141273499,-0.11019778251647949,-0.5198519229888916,-0.502467691898346,0.484508752822876,0.7160848379135132
4,1648561350.6693547,-214.97300720214844,-22.478952407836914,1551.35546875,0.21385006606578827,-0.9764657616615295,0.027978185564279556,-0.8207061886787415,-0.16405683755874634,0.5472902655601501,-0.5298202037811279,-0.13999994099140167,-0.8364750742912292
300,1648561350.6693826,77.77293395996094,-55.377437591552734,1838.8170166015625,0.8730376362800598,-0.011429438367486,-0.48751887679100037,-0.06567177176475525,0.9878628253936768,-0.1407630443572998,0.48321062326431274,0.15490767359733582,0.8616908192634583
410,1648561350.6694002,-172.8433837890625,-85.9880599975586,1492.7491455078125,0.17514465749263763,0.870712161064148,-0.45954829454421997,-0.8454095125198364,-0.10621440410614014,-0.5234512686729431,-0.5045860409736633,0.48018622398376465,0.7175055146217346
4,1648561350.7194011,-214.74339294433594,-22.47542381286621,1551.398681640625,0.21184319257736206,-0.9768708944320679,0.029081912711262703,-0.8206470012664795,-0.16164758801460266,0.5480954051017761,-0.5307173728942871,-0.13997626304626465,-0.8359100818634033
300,1648561350.7194278,77.75548553466797,-55.393646240234375,1838.814208984375,0.8732362389564514,-0.01082106027752161,-0.48717695474624634,-0.06563495099544525,0.9880313277244568,-0.1395927369594574,0.4828566312789917,0.1538732796907425,0.8620744943618774
410,1648561350.7194462,-172.4879150390625,-86.23851776123047,1493.1968994140625,0.1747952550649643,0.8702884912490845,-0.46048295497894287,-0.8457682728767395,-0.10673296451568604,-0.5227658152580261,-0.504105806350708,0.4808388650417328,0.7174059748649597
4,1648561350.7694657,-214.90846252441406,-22.73752784729004,1551.6470947265625,0.20345786213874817,-0.9788535833358765,0.02122645638883114,-0.8238528966903687,-0.15944567322731018,0.5439149141311646,-0.529028594493866,-0.12815125286579132,-0.8388718366622925
300,1648561350.7694938,77.76761627197266,-55.39014434814453,1838.804443359375,0.873198926448822,-0.011086310259997845,-0.4872378706932068,-0.06591016799211502,0.9878705143928528,-0.14059770107269287,0.4828866422176361,0.15488369762897491,0.8618767261505127
410,1648561350.7695117,-172.4674530029297,-86.5160140991211,1493.5633544921875,0.1726636290550232,0.8679907917976379,-0.4655956029891968,-0.8479143381118774,-0.10955801606178284,-0.518688976764679,-0.5012270212173462,0.48434391617774963,0.717065155506134
4,1648561350.8195124,-214.9334716796875,-22.81451416015625,1551.685302734375,0.21083030104637146,-0.9771895408630371,0.02551751583814621,-0.8238101005554199,-0.16356535255908966,0.5427553057670593,-0.526201069355011,-0.13545085489749908,-0.8395031094551086
300,1648561350.8195393,77.77686309814453,-55.38220977783203,1838.7982177734375,0.872988760471344,-0.01140868104994297,-0.4876069128513336,-0.06594524532556534,0.9877855777740479,-0.14117680490016937,0.48326173424720764,0.15540112555027008,0.861573338508606
410,1648561350.8195581,-173.0427703857422,-86.16849517822266,1493.6065673828125,0.17168690264225006,0.8711042404174805,-0.4601098299026489,-0.8475369215011597,-0.1074800118803978,-0.51973956823349,-0.5021999478340149,0.4791925549507141,0.7198400497436523
4,1648561350.869454,-215.00579833984375,-22.701772689819336,1551.577392578125,0.21425208449363708,-0.9763290286064148,0.02962455339729786,-0.8221843242645264,-0.16388511657714844,0.5451189279556274,-0.5273603796958923,-0.14114971458911896,-0.8378351926803589
300,1648561350.8694808,77.7582778930664,-55.38113021850586,1838.82080078125,0.873478353023529,-0.011218049563467503,-0.48673367500305176,-0.06574738025665283,0.987858772277832,-0.14075616002082825,0.4824031591415405,0.15494893491268158,0.8621357083320618
410,1648561350.8695147,-173.140625,-85.4908447265625,1493.8800048828125,0.1721244603395462,0.869414210319519,-0.46313291788101196,-0.8476734161376953,-0.10877981036901474,-0.5192462801933289,-0.5018196105957031,0.4819604456424713,0.7182556390762329
4,1648561350.9196606,-215.15316772460938,-22.57162094116211,1551.5091552734375,0.21234385669231415,-0.976759135723114,0.02918286621570587,-0.8216824531555176,-0.16230742633342743,0.5463463068008423,-0.5289121270179749,-0.13999232649803162,-0.8370507955551147
300,1648561350.9196877,77.76092529296875,-55.38241958618164,1838.82861328125,0.8732728362083435,-0.010998171754181385,-0.4871073365211487,-0.06545624136924744,0.988034188747406,-0.13965654373168945,0.48281463980674744,0.153842493891716,0.8621035218238831
410,1648561350.9197066,-173.54440307617188,-83.73795318603516,1494.588623046875,0.1765112429857254,0.871589183807373,-0.4573576748371124,-0.845430850982666,-0.10370761156082153,-0.5239192843437195,-0.5040738582611084,0.4791419208049774,0.7185628414154053
4,1648561350.9696388,-214.64120483398438,-22.273845672607422,1551.4888916015625,0.20924139022827148,-0.9774089455604553,0.029829086735844612,-0.8197875022888184,-0.1587057262659073,0.5502371788024902,-0.5330726504325867,-0.13958589732646942,-0.8344754576683044
300,1648561350.9696665,77.7793197631836,-55.36747741699219,1838.829833984375,0.8729578256607056,-0.011529982089996338,-0.48765939474105835,-0.06568407267332077,0.9878372550010681,-0.14093683660030365,0.4833531081676483,0.15506337583065033,0.8615829348564148
