300,1648560711.5144193,77.69300842285156,-55.44643783569336,1838.766357421875,0.8742052316665649,-0.010165360756218433,-0.4854501783847809,-0.06626763194799423,0.9879282116889954,-0.14002293348312378,0.48101332783699036,0.15457841753959656,0.8629783987998962
4,1648560711.5144467,-220.16574096679688,-74.77598571777344,1695.610107421875,-0.18812188506126404,-0.8542394638061523,0.4846494197845459,-0.9791778326034546,0.12479497492313385,-0.16011570394039154,0.07629533857107162,-0.504679262638092,-0.8599290251731873
410,1648560711.5144918,-245.19996643066406,-182.32801818847656,1682.9002685546875,-0.19671401381492615,0.9572424292564392,-0.21210971474647522,-0.9745348691940308,-0.1671452820301056,0.14947976171970367,0.10763523727655411,0.23611308634281158,0.9657459855079651
300,1648560711.555909,77.7085952758789,-55.42699432373047,1838.7783203125,0.8736370205879211,-0.010485248640179634,-0.4864652156829834,-0.06621669977903366,0.987904965877533,-0.14021103084087372,0.4820515513420105,0.15470567345619202,0.8623760342597961
4,1648560711.5559351,-220.17340087890625,-74.7354507446289,1695.6063232421875,-0.18722286820411682,-0.8547443151473999,0.48410719633102417,-0.9791334271430969,0.12273284792900085,-0.16197027266025543,0.07902731001377106,-0.5043300986289978,-0.8598871231079102
410,1648560711.5559545,-245.0180206298828,-181.69398498535156,1682.9345703125,-0.1977235972881317,0.9571685791015625,-0.21150335669517517,-0.9742591977119446,-0.1680517941713333,0.15025830268859863,0.10827901214361191,0.23576870560646057,0.9657581448554993
300,1648560711.586702,77.71696472167969,-55.429012298583984,1838.7554931640625,0.8737668991088867,-0.010307677090168,-0.486235648393631,-0.06620525568723679,0.9879477620124817,-0.13991448283195496,0.4818176329135895,0.15444400906562805,0.8625536561012268
4,1648560711.586729,-219.7836151123047,-74.83811950683594,1695.4798583984375,-0.1848408579826355,-0.8530371189117432,0.4880179166793823,-0.9794317483901978,0.1190110296010971,-0.1629411280155182,0.08091531693935394,-0.5080984234809875,-0.8574897646903992
410,1648560711.5867474,-244.9775848388672,-181.8624725341797,1682.8939208984375,-0.19702142477035522,0.9575981497764587,-0.21021032333374023,-0.9740617275238037,-0.16685540974140167,0.15284977853298187,0.11129393428564072,0.234872505068779,0.965633749961853
300,1648560711.6260464,77.70925903320312,-55.422760009765625,1838.726318359375,0.8734117746353149,-0.010297304019331932,-0.4868735074996948,-0.06629733741283417,0.9879539608955383,-0.139827162027359,0.4824484586715698,0.15440510213375092,0.8622079491615295
4,1648560711.626075,-219.76522827148438,-74.82721710205078,1695.61279296875,-0.18402314186096191,-0.8534690141677856,0.48757168650627136,-0.9795936346054077,0.11845941096544266,-0.16236886382102966,0.08081934601068497,-0.5075017213821411,-0.8578521013259888
410,1648560711.6260948,-244.92628479003906,-181.7963104248047,1682.9622802734375,-0.1967019885778427,0.9578019976615906,-0.20957979559898376,-0.9742323160171509,-0.16687394678592682,0.15173810720443726,0.11036165058612823,0.23402659595012665,0.9659460783004761
300,1648560711.6756344,77.73896026611328,-55.40456008911133,1838.7242431640625,0.8735105991363525,-0.010524202138185501,-0.48669129610061646,-0.06616465747356415,0.9879221320152283,-0.14011473953723907,0.4822877049446106,0.15459346771240234,0.8622641563415527
4,1648560711.6756628,-219.99789428710938,-74.78556060791016,1695.700439453125,-0.1871984452009201,-0.8541547060012817,0.4851561188697815,-0.9788268804550171,0.12056843936443329,-0.16541224718093872,0.08279313147068024,-0.50584876537323,-0.8586397767066956
410,1648560711.675681,-244.83460998535156,-181.49923706054688,1682.8265380859375,-0.1972787082195282,0.957935094833374,-0.20842614769935608,-0.974277675151825,-0.16795337200164795,0.15024890005588531,0.1089228168129921,0.23270584642887115,0.9664283990859985
300,1648560711.7068298,77.72151947021484,-55.420249938964844,1838.744384765625,0.8738167881965637,-0.010320918634533882,-0.4861457943916321,-0.06632521748542786,0.9879008531570435,-0.14018866419792175,0.4817107319831848,0.15474292635917664,0.8625597953796387
4,1648560711.706857,-219.74864196777344,-74.74234771728516,1695.6435546875,-0.18404527008533478,-0.8529701828956604,0.48843544721603394,-0.9798295497894287,0.11985128372907639,-0.1599053144454956,0.07785484939813614,-0.5080133080482483,-0.8578234910964966
410,1648560711.7068758,-244.91261291503906,-181.38075256347656,1682.827392578125,-0.19706019759178162,0.9582086801528931,-0.20737265050411224,-0.974246621131897,-0.16774939000606537,0.15067718923091888,0.10959354788064957,0.2317245900630951,0.9665883183479309
300,1648560711.7542799,77.71478271484375,-55.4173583984375,1838.7508544921875,0.8741153478622437,-0.010512782260775566,-0.4856046438217163,-0.06620295345783234,0.9878569841384888,-0.14055496454238892,0.48118555545806885,0.1550097018480301,0.8628050088882446
4,1648560711.7543054,-220.11656188964844,-74.7271957397461,1695.83447265625,-0.18839691579341888,-0.8546696901321411,0.4837833344936371,-0.978699803352356,0.12247335910797119,-0.16476334631443024,0.0815676748752594,-0.5045195817947388,-0.8595386743545532
410,1648560711.754323,-244.90403747558594,-181.25926208496094,1683.170166015625,-0.1973109245300293,0.9581422805786133,-0.20744097232818604,-0.9739014506340027,-0.16736292839050293,0.15331542491912842,0.11218006163835526,0.23227787017822266,0.9661586880683899
300,1648560711.7870836,77.71804809570312,-55.41914749145508,1838.7603759765625,0.874260425567627,-0.010334228165447712,-0.485347181558609,-0.06609884649515152,0.9879286289215088,-0.1400998830795288,0.480936199426651,0.15456466376781464,0.8630238175392151
4,1648560711.78711,-220.11932373046875,-74.71124267578125,1695.9068603515625,-0.1870083212852478,-0.8543477058410645,0.48488953709602356,-0.979024350643158,0.1214556097984314,-0.1635844111442566,0.08086540549993515,-0.5053102970123291,-0.8591404557228088
410,1648560711.7871287,-244.9976806640625,-181.17300415039062,1683.49853515625,-0.19749383628368378,0.9580038189888,-0.20790600776672363,-0.9736670851707458,-0.16705721616744995,0.15512681007385254,0.11387988179922104,0.2330678254365921,0.9657695293426514
300,1648560711.8274748,77.73908233642578,-55.414817810058594,1838.7655029296875,0.8738168478012085,-0.010554097592830658,-0.4861406087875366,-0.06629244983196259,0.9878440499305725,-0.1406038999557495,0.48171505331993103,0.15508951246738434,0.8624951243400574
4,1648560711.8275042,-220.4668426513672,-74.6827392578125,1696.0089111328125,-0.19067232310771942,-0.855974555015564,0.48057425022125244,-0.978096067905426,0.12401679903268814,-0.16717630624771118,0.08349937945604324,-0.501923680305481,-0.8608719110488892
410,1648560711.8275251,-245.28793334960938,-180.99737548828125,1683.6944580078125,-0.19843320548534393,0.9581692218780518,-0.20624245703220367,-0.9735151529312134,-0.1683063507080078,0.15472939610481262,0.11354503780603409,0.2314836084842682,0.9661898612976074
300,1648560711.861974,77.73310852050781,-55.4037971496582,1838.770263671875,0.8737754821777344,-0.010674186050891876,-0.4862123727798462,-0.06624356657266617,0.9878289103507996,-0.14073330163955688,0.48179686069488525,0.1551777422428131,0.8624335527420044
4,1648560711.8620014,-220.26400756835938,-74.62434387207031,1695.9310302734375,-0.18643656373023987,-0.8551025390625,0.48377785086631775,-0.9791327118873596,0.12118300795555115,-0.16313736140727997,0.0808735191822052,-0.5040975213050842,-0.8598518371582031
410,1648560711.8620195,-245.55213928222656,-180.8402862548828,1683.5313720703125,-0.19998058676719666,0.9583178162574768,-0.2040458619594574,-0.9731577038764954,-0.1700623631477356,0.15505759418010712,0.11389392614364624,0.22957731783390045,0.9666035771369934
300,1648560711.9020956,77.72747039794922,-55.410648345947266,1838.7762451171875,0.8739598989486694,-0.010562519542872906,-0.48588329553604126,-0.06619302183389664,0.9878603219985962,-0.14053650200366974,0.4814692437648773,0.15498535335063934,0.8626511096954346
4,1648560711.902121,-220.5371856689453,-74.6352767944336,1695.94287109375,-0.18825675547122955,-0.8558579683303833,0.4817328155040741,-0.9785923957824707,0.12193012237548828,-0.16580095887184143,0.08316432684659958,-0.5026332139968872,-0.8604902625083923
410,1648560711.90214,-245.9775390625,-180.5869598388672,1683.149658203125,-0.20060160756111145,0.9585411548614502,-0.20238055288791656,-0.9732694029808044,-0.17141082882881165,0.1528559923171997,0.1118285283446312,0.22763396799564362,0.9673040509223938
300,1648560711.936205,77.72264099121094,-55.40434265136719,1838.7376708984375,0.8738819360733032,-0.010532149113714695,-0.48602405190467834,-0.0662202462553978,0.9878675937652588,-0.14047256112098694,0.4816069006919861,0.15494106709957123,0.8625822067260742
4,1648560711.9362302,-220.17808532714844,-74.62303924560547,1695.7412109375,-0.18893305957317352,-0.8538008332252502,0.4851066470146179,-0.9787977337837219,0.12393556535243988,-0.16307954490184784,0.07911548018455505,-0.5056324005126953,-0.859113872051239
410,1648560711.936248,-246.00782775878906,-180.55722045898438,1682.8165283203125,-0.20087949931621552,0.9585041403770447,-0.20228002965450287,-0.973285436630249,-0.1718432456254959,0.1522672474384308,0.11118833720684052,0.22746358811855316,0.9674179553985596
300,1648560711.9696765,77.73169708251953,-55.39409255981445,1838.71044921875,0.8740895986557007,-0.010666930116713047,-0.48564761877059937,-0.0661572515964508,0.9878295063972473,-0.14076972007751465,0.48123860359191895,0.15517444908618927,0.8627457618713379
4,1648560711.9697025,-219.83384704589844,-74.6327896118164,1695.718994140625,-0.18426865339279175,-0.85270094871521,0.48882120847702026,-0.9797711968421936,0.11985983699560165,-0.16025599837303162,0.07806041091680527,-0.5084631443023682,-0.8575382232666016
410,1648560711.9697213,-245.8748779296875,-180.58926391601562,1682.510009765625,-0.2010578066110611,0.9587187170982361,-0.20108237862586975,-0.9732199907302856,-0.17214633524417877,0.15234331786632538,0.11143878847360611,0.22632719576358795,0.967655599117279
300,1648560712.0053322,77.73656463623047,-55.408050537109375,1838.7474365234375,0.8745476007461548,-0.010409065522253513,-0.4848279356956482,-0.06607607752084732,0.9878876209259033,-0.14039963483810425,0.4804169237613678,0.15482169389724731,0.8632669448852539
4,1648560712.0053592,-219.62596130371094,-74.62870025634766,1695.5843505859375,-0.18521901965141296,-0.8513689637184143,0.490779846906662,-0.9796702265739441,0.12080243229866028,-0.16016574203968048,0.07707273960113525,-0.5104681253433228,-0.8564357161521912
410,1648560712.0053797,-245.9494171142578,-180.44473266601562,1682.3280029296875,-0.20052528381347656,0.9595758318901062,-0.1974937617778778,-0.9734413623809814,-0.1724269688129425,0.15060146152973175,0.11046026647090912,0.22244800627231598,0.9686668515205383
300,1648560712.0391617,77.75486755371094,-55.4123649597168,1838.75732421875,0.8740298748016357,-0.01053559873253107,-0.4857580065727234,-0.06613277643918991,0.9878809452056885,-0.1404195874929428,0.48135048151016235,0.15485544502735138,0.862740695476532
4,1648560712.039187,-219.8325958251953,-74.5984878540039,1695.6510009765625,-0.18496297299861908,-0.8529935479164124,0.48804786801338196,-0.979659378528595,0.1207122653722763,-0.16029971837997437,0.0778212621808052,-0.5077701807022095,-0.8579704165458679
410,1648560712.0392046,-245.74203491210938,-180.3690643310547,1682.4063720703125,-0.20050238072872162,0.9593102335929871,-0.19880320131778717,-0.9735450148582458,-0.17240038514137268,0.14996054768562317,0.10958494246006012,0.22361131012439728,0.9684984087944031
300,1648560712.0794377,77.74374389648438,-55.40065383911133,1838.73388671875,0.8739755153656006,-0.01076468825340271,-0.4858507513999939,-0.06627775728702545,0.9877729415893555,-0.14110958576202393,0.48142921924591064,0.15552742779254913,0.862575888633728
4,1648560712.0794647,-219.77780151367188,-74.58418273925781,1695.6416015625,-0.18526935577392578,-0.8524739146232605,0.48883888125419617,-0.9795759916305542,0.12065430730581284,-0.1608520895242691,0.0781417042016983,-0.5086557865142822,-0.857416570186615
410,1648560712.0794854,-245.59083557128906,-180.41488647460938,1682.7767333984375,-0.19917671382427216,0.9593167304992676,-0.20010022819042206,-0.9737023115158081,-0.17068912088871002,0.1508939266204834,0.11060014367103577,0.22489261627197266,0.9680862426757812
300,1648560712.1115499,77.75003051757812,-55.399627685546875,1838.7615966796875,0.8740959167480469,-0.010341639630496502,-0.48564326763153076,-0.0659712553024292,0.9879826307296753,-0.13977865874767303,0.48125267028808594,0.15421845018863678,0.8629093766212463
4,1648560712.1115928,-219.8900604248047,-74.5962142944336,1695.692626953125,-0.18688608705997467,-0.853757381439209,0.4859752655029297,-0.9789609909057617,0.12060549855232239,-0.16458936035633087,0.08190809190273285,-0.506510317325592,-0.8583346605300903
410,1648560712.1116242,-245.3914794921875,-180.3590087890625,1682.8045654296875,-0.20021817088127136,0.9588419795036316,-0.20133240520954132,-0.9732972383499146,-0.1711062639951706,0.1530202329158783,0.11227298527956009,0.22659370303153992,0.9674968123435974
300,1648560712.155852,77.76392364501953,-55.401649475097656,1838.7159423828125,0.8738275170326233,-0.010419189929962158,-0.48612433671951294,-0.06591372191905975,0.9880034923553467,-0.13965855538845062,0.48174765706062317,0.15407975018024445,0.862657904624939
4,1648560712.1558774,-219.61900329589844,-74.55644226074219,1695.8145751953125,-0.18382082879543304,-0.8529663681983948,0.4885266423225403,-0.9797645211219788,0.11895228922367096,-0.16097143292427063,0.07919185608625412,-0.508230984210968,-0.8575721383094788
410,1648560712.1558955,-245.41921997070312,-180.31674194335938,1683.1502685546875,-0.19878511130809784,0.9597293734550476,-0.19850431382656097,-0.9734379649162292,-0.1698767989873886,0.1534939706325531,0.11359140276908875,0.22374394536018372,0.9680060148239136
300,1648560712.189804,77.75833129882812,-55.40526580810547,1838.7227783203125,0.8739635944366455,-0.010798104107379913,-0.4858713746070862,-0.06617986410856247,0.9877959489822388,-0.1409943550825119,0.4814642369747162,0.15537883341312408,0.8625831007957458
4,1648560712.1898305,-219.80844116210938,-74.6100845336914,1696.073974609375,-0.1855284869670868,-0.8544709086418152,0.48524078726768494,-0.9791309833526611,0.119065061211586,-0.16469980776309967,0.0829559713602066,-0.5056707859039307,-0.8587289452552795
410,1648560712.1898491,-245.28684997558594,-180.26675415039062,1683.4163818359375,-0.1996690034866333,0.9592165350914001,-0.20008984208106995,-0.9732778072357178,-0.17051288485527039,0.15380407869815826,0.11341351270675659,0.22545291483402252,0.9676302671432495
300,1648560712.2282772,77.7815170288086,-55.40656661987305,1838.712890625,0.873370349407196,-0.010593129321932793,-0.48694151639938354,-0.06612937152385712,0.9879265427589417,-0.14010033011436462,0.48254653811454773,0.1545606106519699,0.8621252179145813
4,1648560712.2283123,-219.6483154296875,-74.60348510742188,1695.942626953125,-0.18489450216293335,-0.8534973859786987,0.4871922433376312,-0.9792273640632629,0.11801254749298096,-0.1648842990398407,0.08323351293802261,-0.5075581669807434,-0.8575878143310547
410,1648560712.2283342,-245.12066650390625,-180.24075317382812,1683.3162841796875,-0.19943280518054962,0.959877610206604,-0.197133406996727,-0.973107099533081,-0.1703324019908905,0.15507885813713074,0.11527851223945618,0.22275972366333008,0.9680335521697998
300,1648560712.2827973,77.75691223144531,-55.397666931152344,1838.7244873046875,0.8736886978149414,-0.010864749550819397,-0.48636406660079956,-0.0662446916103363,0.9877814054489136,-0.1410655975341797,0.48195403814315796,0.1554664522409439,0.8622937202453613
4,1648560712.2828248,-219.4874267578125,-74.6038589477539,1695.8887939453125,-0.18351756036281586,-0.8537352085113525,0.48729607462882996,-0.9795535802841187,0.11724893748760223,-0.1634853035211563,0.08243820816278458,-0.5073350667953491,-0.8577966690063477
410,1648560712.2828436,-245.1142578125,-180.0773468017578,1683.205078125,-0.19891370832920074,0.9593716859817505,-0.20009836554527283,-0.9734601378440857,-0.16984130442142487,0.1533927321434021,0.11317567527294159,0.22529970109462738,0.9676938056945801
300,1648560712.3357089,77.76123046875,-55.391502380371094,1838.708740234375,0.8739631772041321,-0.010769459418952465,-0.4858727753162384,-0.06614098697900772,0.9878168106079102,-0.14086617529392242,0.48147034645080566,0.15524795651435852,0.8626032471656799
4,1648560712.33575,-219.64138793945312,-74.53231048583984,1695.8564453125,-0.18547949194908142,-0.8532918095588684,0.48732990026474,-0.9793174862861633,0.1197190061211586,-0.16310936212539673,0.08083722740411758,-0.5075041055679321,-0.8578490018844604
410,1648560712.3357785,-245.32763671875,-179.79110717773438,1682.7552490234375,-0.20026935636997223,0.9605223536491394,-0.19310355186462402,-0.9732560515403748,-0.1724017858505249,0.15182317793369293,0.1125381588935852,0.21834473311901093,0.9693610072135925
300,1648560712.3835998,77.79280853271484,-55.3808708190918,1838.6986083984375,0.8730655312538147,-0.010947882197797298,-0.4874799847602844,-0.06608821451663971,0.987865686416626,-0.14054808020591736,0.4831034541130066,0.15492436289787292,0.8617479205131531
4,1648560712.3836308,-219.58740234375,-74.51763916015625,1695.7867431640625,-0.18328231573104858,-0.8540534377098083,0.4868267774581909,-0.9797406196594238,0.11802917718887329,-0.161794513463974,0.0807214081287384,-0.5066180229187012,-0.8583834767341614
410,1648560712.3836646,-245.40951538085938,-179.60716247558594,1682.90869140625,-0.1995752900838852,0.9607858657836914,-0.19251035153865814,-0.9731703400611877,-0.17138953506946564,0.1535092294216156,0.11449524015188217,0.21798200905323029,0.9692134261131287
300,1648560712.4352593,77.78809356689453,-55.3851432800293,1838.6644287109375,0.8726372718811035,-0.011267428286373615,-0.4882388710975647,-0.06612783670425415,0.9878004193305969,-0.14098751544952393,0.48387113213539124,0.15531714260578156,0.8612463474273682
4,1648560712.435284,-219.7864227294922,-74.5353012084961,1695.9281005859375,-0.18552803993225098,-0.855739176273346,0.48300081491470337,-0.9791423082351685,0.11956403404474258,-0.16427037119865417,0.08282306790351868,-0.5034033060073853,-0.860072910785675
410,1648560712.4353015,-245.32386779785156,-179.35952758789062,1683.3895263671875,-0.1987113356590271,0.9605465531349182,-0.19458720088005066,-0.973077118396759,-0.16971242427825928,0.1559443324804306,0.11676792055368423,0.22033625841140747,0.9684095978736877
300,1648560712.4833074,77.76324462890625,-55.40074157714844,1838.6727294921875,0.8737053275108337,-0.009608429856598377,-0.4863606095314026,-0.06573072075843811,0.9883038401603699,-0.13760434091091156,0.48199424147605896,0.15219447016716003,0.8628547787666321
4,1648560712.4833443,-220.15325927734375,-74.49348449707031,1695.969482421875,-0.1878805011510849,-0.8560164570808411,0.4815981388092041,-0.9790483713150024,0.12402262538671494,-0.16150124371051788,0.07851865142583847,-0.5018508434295654,-0.8613829612731934
410,1648560712.4833639,-245.04217529296875,-178.42550659179688,1683.2919921875,-0.19628162682056427,0.9601494669914246,-0.19896374642848969,-0.973739743232727,-0.16699501872062683,0.1547369658946991,0.11534465104341507,0.2241109311580658,0.9677137732505798
300,1648560712.5350552,77.7913589477539,-55.36670684814453,1838.6629638671875,0.8729081153869629,-0.011359218508005142,-0.48775243759155273,-0.06623151898384094,0.9877152442932129,-0.14153431355953217,0.4833682179450989,0.15585103631019592,0.8614323139190674
4,1648560712.535092,-219.57115173339844,-74.477783203125,1695.8145751953125,-0.18641625344753265,-0.8538421988487244,0.4860067069530487,-0.979482889175415,0.12296636402606964,-0.15966376662254333,0.07656518369913101,-0.5057991743087769,-0.8592467308044434
410,1648560712.5351264,-244.7857208251953,-176.5214385986328,1682.45849609375,-0.1977025717496872,0.9614481925964355,-0.19113114476203918,-0.9736174941062927,-0.169930100440979,0.15229175984859467,0.11394169181585312,0.21619710326194763,0.9696783423423767
300,1648560712.5829892,77.75717163085938,-55.39152526855469,1838.7247314453125,0.8733474016189575,-0.011003080755472183,-0.48697352409362793,-0.06624013930559158,0.987774670124054,-0.14111489057540894,0.4825728237628937,0.15549951791763306,0.8619416356086731
4,1648560712.5830305,-220.3674774169922,-74.75739288330078,1695.936767578125,-0.18798966705799103,-0.8581246137619019,0.4777887165546417,-0.9783456921577454,0.12071489542722702,-0.16812968254089355,0.08659999817609787,-0.4990491569042206,-0.8622356653213501
410,1648560712.5830579,-244.1712646484375,-172.76075744628906,1682.24462890625,-0.19352717697620392,0.9602071642875671,-0.2013687789440155,-0.9748967289924622,-0.1651754230260849,0.14931008219718933,0.11010744422674179,0.2252093255519867,0.9680687785148621
300,1648560712.6349807,77.75502014160156,-55.400638580322266,1838.753662109375,0.8740413188934326,-0.010503449477255344,-0.4857380986213684,-0.06605814397335052,0.987913191318512,-0.14022791385650635,0.4813399314880371,0.154651939868927,0.8627830743789673
4,1648560712.635017,-220.2557830810547,-74.6211166381836,1695.980224609375,-0.18598143756389618,-0.8571990728378296,0.48022979497909546,-0.9788832068443298,0.1194431409239769,-0.16589465737342834,0.08484459668397903,-0.5009422302246094,-0.8613119721412659
410,1648560712.6350358,-243.28736877441406,-169.3517303466797,1681.661865234375,-0.19448772072792053,0.9606050848960876,-0.19852550327777863,-0.9748657941818237,-0.16686633229255676,0.147622212767601,0.10867942869663239,0.2222464382648468,0.9689145088195801
300,1648560712.6687875,77.71026611328125,-55.41777420043945,1838.7589111328125,0.8744308948516846,-0.010448519140481949,-0.48503753542900085,-0.06638514995574951,0.9877873063087463,-0.14095845818519592,0.4805867075920105,0.15545772016048431,0.8630580902099609
4,1648560712.6688125,-220.11810302734375,-74.6397933959961,1696.068359375,-0.18790662288665771,-0.854995846748352,0.48339757323265076,-0.9789361953735352,0.1230228915810585,-0.16293945908546448,0.07984359562397003,-0.5038327574729919,-0.860103189945221
410,1648560712.6688313,-243.03839111328125,-166.84512329101562,1681.129150390625,-0.19395990669727325,0.9615263342857361,-0.1945420652627945,-0.9751837849617004,-0.16739913821220398,0.14489345252513885,0.10675269365310669,0.21781779825687408,0.9701336622238159
300,1648560712.73273,77.72521209716797,-55.39360046386719,1838.787353515625,0.8741944432258606,-0.011241476982831955,-0.48544585704803467,-0.06652619689702988,0.9875321388244629,-0.14266915619373322,0.480997234582901,0.15701545774936676,0.8625472784042358
4,1648560712.732773,-218.99497985839844,-74.43618774414062,1695.672607421875,-0.1743401139974594,-0.8507848381996155,0.4957526624202728,-0.9821376204490662,0.11404881626367569,-0.14966130256652832,0.07078955322504044,-0.512989342212677,-0.8554710745811462
410,1648560712.7328055,-241.45852661132812,-162.89517211914062,1680.0517578125,-0.1933697909116745,0.9623040556907654,-0.19125646352767944,-0.9749553799629211,-0.16663898527622223,0.1472867876291275,0.10986389219760895,0.21494734287261963,0.9704264998435974
300,1648560712.7827346,77.72853088378906,-55.43831253051758,1838.7685546875,0.8735781908035278,-0.010377513244748116,-0.48657315969467163,-0.0659852921962738,0.9880154132843018,-0.13954007625579834,0.4821898937225342,0.15400584042072296,0.8624239563941956
4,1648560712.7827616,-218.75450134277344,-74.57991027832031,1695.639892578125,-0.1799609661102295,-0.852527379989624,0.4907251000404358,-0.9812033772468567,0.12024291604757309,-0.15093567967414856,0.06967058032751083,-0.5086636543273926,-0.8581417798995972
410,1648560712.7827795,-241.1824493408203,-162.34828186035156,1679.5848388671875,-0.19206415116786957,0.9635774493217468,-0.18609113991260529,-0.9762267470359802,-0.16817769408226013,0.1367390751838684,0.10046230256557465,0.2079298347234726,0.9729709625244141
300,1648560712.8326492,77.73530578613281,-55.41852951049805,1838.7835693359375,0.8731396794319153,-0.010608436539769173,-0.4873546063899994,-0.0660683885216713,0.9879628419876099,-0.13987284898757935,0.48297208547592163,0.15432727336883545,0.8619287014007568
4,1648560712.8326764,-218.35321044921875,-74.65711212158203,1695.4390869140625,-0.1735365092754364,-0.8522867560386658,0.49344947934150696,-0.981862485408783,0.11087863147258759,-0.15379205346107483,0.07636191695928574,-0.5111880898475647,-0.8560698628425598
410,1648560712.832695,-240.76873779296875,-162.28326416015625,1678.9537353515625,-0.19506768882274628,0.9629678726196289,-0.18612217903137207,-0.9759894609451294,-0.17183353006839752,0.13385742902755737,0.09691836684942245,0.20776455104351044,0.9733656644821167
300,1648560712.8824918,77.74696350097656,-55.4137077331543,1838.67822265625,0.8742666244506836,-0.009923223406076431,-0.4853445887565613,-0.06583143025636673,0.9881317019462585,-0.13878732919692993,0.4809615910053253,0.1532880663871765,0.8632373213768005
4,1648560712.8825233,-218.38845825195312,-74.67276763916016,1695.314697265625,-0.177237868309021,-0.8514354825019836,0.4936034679412842,-0.9813247323036194,0.11479451507329941,-0.1543501913547516,0.07475624978542328,-0.5117419958114624,-0.855880618095398
410,1648560712.8825421,-240.5711669921875,-162.27801513671875,1678.8211669921875,-0.19535064697265625,0.962524950504303,-0.18810606002807617,-0.9756167531013489,-0.17115671932697296,0.13739457726478577,0.10005009174346924,0.21035955846309662,0.9724910259246826
300,1648560712.9322195,77.72734069824219,-55.408287048339844,1838.680419921875,0.8741873502731323,-0.010364089161157608,-0.48547816276550293,-0.06633420288562775,0.9878510236740112,-0.14053504168987274,0.48103663325309753,0.15505777299404144,0.8628793954849243
4,1648560712.9322534,-218.23037719726562,-74.5901870727539,1695.0604248046875,-0.17124702036380768,-0.8504951000213623,0.49732542037963867,-0.9823818206787109,0.1090591624379158,-0.1517631709575653,0.07483593374490738,-0.5145524144172668,-0.8541869521141052
410,1648560712.9322877,-240.82470703125,-162.0965118408203,1678.6575927734375,-0.19361509382724762,0.9631933569908142,-0.18647173047065735,-0.976012110710144,-0.16981472074985504,0.13624729216098785,0.09956683963537216,0.20837819576263428,0.9729670882225037
300,1648560712.9821115,77.74515533447266,-55.40238952636719,1838.623779296875,0.8740304112434387,-0.010581469163298607,-0.4857560098171234,-0.06630527228116989,0.9878120422363281,-0.1408223956823349,0.48132574558258057,0.15529122948646545,0.8626761436462402
4,1648560712.9821377,-218.54946899414062,-74.5174331665039,1695.0865478515625,-0.17491623759269714,-0.8529636859893799,0.4917898178100586,-0.9820127487182617,0.11506746709346771,-0.149701327085495,0.07110079377889633,-0.5091290473937988,-0.8577483892440796
410,1648560712.9821558,-240.8190155029297,-161.97509765625,1678.7086181640625,-0.19481714069843292,0.9631794095039368,-0.1852882206439972,-0.9757710695266724,-0.17114107310771942,0.1363140344619751,0.0995844379067421,0.20735520124435425,0.973183810710907
300,1648560713.032185,77.72156524658203,-55.40560531616211,1838.682861328125,0.8745351433753967,-0.01051839254796505,-0.4848480820655823,-0.0662013366818428,0.9878166317939758,-0.14083924889564514,0.48042240738868713,0.15526646375656128,0.8631840348243713
4,1648560713.032212,-218.55645751953125,-74.5248794555664,1695.1142578125,-0.17696329951286316,-0.8531032204627991,0.49081456661224365,-0.9815407395362854,0.11621806025505066,-0.1518917828798294,0.0725378468632698,-0.5086337327957153,-0.8579218983650208
410,1648560713.0322452,-240.60694885253906,-162.05722045898438,1678.96728515625,-0.19504283368587494,0.9624931812286377,-0.18858735263347626,-0.9755187630653381,-0.170456662774086,0.13895192742347717,0.10159430652856827,0.21107208728790283,0.9721764922142029
300,1648560713.081611,77.75592803955078,-55.40473937988281,1838.7060546875,0.8738245368003845,-0.01052369549870491,-0.48612743616104126,-0.06609755009412766,0.9879147410392761,-0.14019817113876343,0.4817278981208801,0.15464043617248535,0.8625686168670654
4,1648560713.0816371,-218.36634826660156,-74.53700256347656,1695.1005859375,-0.17553631961345673,-0.8526794910430908,0.49206167459487915,-0.9817370772361755,0.11437753587961197,-0.15201985836029053,0.0733434185385704,-0.5097602009773254,-0.8571845293045044
410,1648560713.0816674,-240.70054626464844,-162.08306884765625,1678.8890380859375,-0.19585014879703522,0.9623706340789795,-0.18837599456310272,-0.9750472903251648,-0.17063233256340027,0.14201180636882782,0.10452495515346527,0.2114885449409485,0.971775233745575
300,1648560713.1315463,77.747802734375,-55.403995513916016,1838.681396484375,0.873487651348114,-0.010917764157056808,-0.48672381043434143,-0.06622649729251862,0.9877907037734985,-0.141009122133255,0.48232075572013855,0.1554037481546402,0.8620999455451965
4,1648560713.131573,-218.32957458496094,-74.53247833251953,1695.1572265625,-0.17241281270980835,-0.8543357849121094,0.4902898967266083,-0.9822111129760742,0.11151628941297531,-0.1510808765888214,0.07439848780632019,-0.5076164603233337,-0.8583649396896362
410,1648560713.1315918,-240.60398864746094,-162.1275634765625,1679.208740234375,-0.19584284722805023,0.9620253443717957,-0.19013887643814087,-0.974979817867279,-0.17022453248500824,0.1429612785577774,0.10516607761383057,0.21337951719760895,0.9712925553321838
300,1648560713.181379,77.76915740966797,-55.39729690551758,1838.626953125,0.8732621669769287,-0.010448175482451916,-0.4871385991573334,-0.06618556380271912,0.987960159778595,-0.13983644545078278,0.4827345609664917,0.15435542166233063,0.8620566725730896
4,1648560713.181405,-218.39979553222656,-74.52101135253906,1695.2906494140625,-0.17239850759506226,-0.853857159614563,0.49112799763679504,-0.9821167588233948,0.11069927364587784,-0.1522904336452484,0.07566677033901215,-0.5085996389389038,-0.8576717972755432
410,1648560713.181423,-240.39370727539062,-162.11558532714844,1679.551513671875,-0.19519062340259552,0.9617869853973389,-0.1920062005519867,-0.9750685691833496,-0.16923175752162933,0.14353357255458832,0.10555517673492432,0.2152356207370758,0.9708407521247864
300,1648560713.2312913,77.74370574951172,-55.39378356933594,1838.69873046875,0.8738478422164917,-0.010725690051913261,-0.4860811233520508,-0.06628663837909698,0.9877933263778687,-0.14096248149871826,0.4816596210002899,0.15540045499801636,0.8624701499938965
4,1648560713.231321,-218.2931365966797,-74.52626037597656,1695.3155517578125,-0.1730940192937851,-0.8526949286460876,0.4928993880748749,-0.9819802641868591,0.11087238043546677,-0.15304258465766907,0.07584971189498901,-0.5105082392692566,-0.85652095079422
410,1648560713.2313406,-240.3628692626953,-162.060546875,1679.56689453125,-0.19624334573745728,0.9616923332214355,-0.1914065182209015,-0.9747003316879272,-0.17001929879188538,0.14509540796279907,0.10699433833360672,0.215038001537323,0.9707269668579102
300,1648560713.2810647,77.74251556396484,-55.393775939941406,1838.6903076171875,0.8739240765571594,-0.01011558249592781,-0.48595720529556274,-0.0658406913280487,0.9881049990653992,-0.1389731913805008,0.48158252239227295,0.15344777703285217,0.8628627061843872
4,1648560713.281091,-218.24485778808594,-74.52776336669922,1695.192138671875,-0.17453190684318542,-0.8525559306144714,0.4926326870918274,-0.9817274808883667,0.1121404767036438,-0.15373879671096802,0.07582686096429825,-0.5104633569717407,-0.8565497398376465
410,1648560713.2811093,-240.5395965576172,-162.03729248046875,1679.5081787109375,-0.19493216276168823,0.962023913860321,-0.19107979536056519,-0.9745090007781982,-0.16790860891342163,0.14879147708415985,0.11105701327323914,0.21521322429180145,0.9702317118644714
300,1648560713.3310173,77.74873352050781,-55.390419006347656,1838.698974609375,0.8738095760345459,-0.010838602669537067,-0.486147403717041,-0.06617465615272522,0.9878003001213074,-0.14096634089946747,0.4817444384098053,0.15534837543964386,0.8624321222305298
4,1648560713.3310432,-218.36094665527344,-74.56151580810547,1695.1015625,-0.17796491086483002,-0.852075457572937,0.49223557114601135,-0.9809553027153015,0.1140606552362442,-0.15721605718135834,0.0778152346611023,-0.5108400583267212,-0.8561467528343201
410,1648560713.3310733,-240.75836181640625,-161.78176879882812,1679.293212890625,-0.1963857263326645,0.9625406861305237,-0.1869439333677292,-0.9744184017181396,-0.17033429443836212,0.14661172032356262,0.10927677899599075,0.21095405519008636,0.9713686108589172
300,1648560713.38086,77.74513244628906,-55.39792251586914,1838.732421875,0.87416011095047,-0.010664365254342556,-0.48552069067955017,-0.06600652635097504,0.9878722429275513,-0.1405404657125473,0.4811311960220337,0.1549023985862732,0.8628545999526978
4,1648560713.3809009,-218.3498077392578,-74.56376647949219,1695.0576171875,-0.1758536398410797,-0.8522859811782837,0.4926297962665558,-0.9814919829368591,0.11325377225875854,-0.15442496538162231,0.07582204788923264,-0.5106683969497681,-0.8564279675483704
410,1648560713.3809192,-240.79776000976562,-161.59564208984375,1678.815185546875,-0.1982870101928711,0.9624554514884949,-0.18536923825740814,-0.9743099808692932,-0.17294549942016602,0.14425626397132874,0.10678145289421082,0.20921124517917633,0.9720228314399719
300,1648560713.4306827,77.73531341552734,-55.41252517700195,1838.79931640625,0.8740797638893127,-0.010093274526298046,-0.485677570104599,-0.06600762158632278,0.9880438446998596,-0.13932807743549347,0.4812770187854767,0.1538422852754593,0.8629629015922546
4,1648560713.430712,-218.2838897705078,-74.48939514160156,1694.945556640625,-0.17484718561172485,-0.851695716381073,0.4940069317817688,-0.9819774627685547,0.11427915096282959,-0.15053418278694153,0.07175462692975998,-0.51142418384552,-0.8563274145126343
410,1648560713.4307308,-240.96861267089844,-161.54144287109375,1678.6529541015625,-0.19728031754493713,0.9631065726280212,-0.1830468773841858,-0.9745847582817078,-0.1724570095539093,0.14297932386398315,0.10613661259412766,0.20660170912742615,0.9726514220237732
300,1648560713.4664197,77.74900817871094,-55.42510986328125,1838.7564697265625,0.8735058307647705,-0.00987428892403841,-0.4867134988307953,-0.06596720218658447,0.9881715178489685,-0.13843920826911926,0.48232337832450867,0.15303458273410797,0.8625221848487854
4,1648560713.4664614,-218.3636016845703,-74.34483337402344,1694.9302978515625,-0.1743946224451065,-0.8514645099639893,0.49456512928009033,-0.9824386239051819,0.11662087589502335,-0.14565013349056244,0.06633929908275604,-0.5112804770469666,-0.8568496704101562
410,1648560713.4665082,-240.81411743164062,-161.47543334960938,1678.8626708984375,-0.19736069440841675,0.9623928666114807,-0.18667812645435333,-0.9745118618011475,-0.17188216745853424,0.14416348934173584,0.10665526986122131,0.21037225425243378,0.9717860817909241
300,1648560713.5301473,77.78107452392578,-55.40898513793945,1838.652099609375,0.8728747963905334,-0.010790200904011726,-0.4878249764442444,-0.06625809520483017,0.9878742694854736,-0.14040769636631012,0.48342475295066833,0.15488068759441376,0.8615756034851074
4,1648560713.5301738,-218.68170166015625,-74.31987762451172,1695.041015625,-0.17431479692459106,-0.8527792692184448,0.4923229515552521,-0.9822909832000732,0.11571649461984634,-0.1473570019006729,0.06869310140609741,-0.5092909336090088,-0.8578484654426575
410,1648560713.5301926,-240.90521240234375,-161.32772827148438,1679.041259765625,-0.19880659878253937,0.9619078040122986,-0.18764130771160126,-0.9740200042724609,-0.17274361848831177,0.14643988013267517,0.1084478348493576,0.21187961101531982,0.9712600708007812
300,1648560713.5799465,77.78199005126953,-55.40367126464844,1838.6436767578125,0.8730482459068298,-0.010843205265700817,-0.4875132143497467,-0.06597182899713516,0.9879346489906311,-0.14011715352535248,0.48315054178237915,0.15449118614196777,0.8617992997169495
4,1648560713.5799742,-218.45907592773438,-74.38372039794922,1694.99267578125,-0.1733260601758957,-0.8524486422538757,0.4932437539100647,-0.9823242425918579,0.11368768662214279,-0.14870837330818176,0.07069052010774612,-0.51030033826828,-0.8570860028266907
410,1648560713.579995,-240.8721160888672,-161.19024658203125,1678.8629150390625,-0.20012937486171722,0.9620506167411804,-0.1854909211397171,-0.973824679851532,-0.1744939088821411,0.14566189050674438,0.10776707530021667,0.20978686213493347,0.9717899560928345
300,1648560713.6300719,77.77857208251953,-55.3917121887207,1838.6842041015625,0.8732222318649292,-0.010910061188042164,-0.4872000217437744,-0.06626433879137039,0.9878054857254028,-0.14088775217533112,0.48279595375061035,0.15531030297279358,0.8618507981300354
4,1648560713.630098,-218.2052459716797,-74.51371765136719,1694.9759521484375,-0.1756974160671234,-0.8512375354766846,0.4944947063922882,-0.9816679954528809,0.11379756778478622,-0.15289904177188873,0.0738811120390892,-0.5122935771942139,-0.8556265830993652
410,1648560713.6301174,-240.817138671875,-161.12965393066406,1678.7376708984375,-0.19876830279827118,0.9626671075820923,-0.18374773859977722,-0.9741074442863464,-0.17345088720321655,0.14501528441905975,0.10773023217916489,0.20781449973583221,0.9722177386283875
300,1648560713.6797447,77.76738739013672,-55.39457321166992,1838.7181396484375,0.8737785816192627,-0.011189188808202744,-0.48619526624679565,-0.06651905179023743,0.9875895380973816,-0.1422746181488037,0.48175331950187683,0.15665775537490845,0.862190306186676
4,1648560713.6797836,-218.21014404296875,-74.5094985961914,1694.9951171875,-0.17486801743507385,-0.8512653112411499,0.4947408437728882,-0.9817557334899902,0.11264140158891678,-0.1531912386417389,0.07467808574438095,-0.512502908706665,-0.8554320335388184
410,1648560713.6798065,-240.74635314941406,-160.83912658691406,1678.654541015625,-0.19855791330337524,0.9629409909248352,-0.1825360506772995,-0.9744346737861633,-0.17398114502429962,0.1421535611152649,0.10512766242027283,0.20609517395496368,0.9728684425354004
300,1648560713.729412,77.77105712890625,-55.40263748168945,1838.7083740234375,0.8738183975219727,-0.010888923890888691,-0.4861305356025696,-0.0663461685180664,0.9877294898033142,-0.1413813978433609,0.4817049503326416,0.15579456090927124,0.8623737096786499
4,1648560713.7294543,-218.17579650878906,-74.53236389160156,1695.0703125,-0.17333421111106873,-0.851886510848999,0.4942110776901245,-0.9817790985107422,0.10978057980537415,-0.15510642528533936,0.07787828892469406,-0.5120913982391357,-0.85539311170578
410,1648560713.7295034,-240.52120971679688,-160.64617919921875,1678.7525634765625,-0.19693103432655334,0.9628949761390686,-0.18453045189380646,-0.974797248840332,-0.17217865586280823,0.14186206459999084,0.10482605546712875,0.20781682431697845,0.9725346565246582
300,1648560713.7794487,77.7509994506836,-55.4097900390625,1838.6773681640625,0.8733934760093689,-0.01081834640353918,-0.48689502477645874,-0.06627970188856125,0.9878111481666565,-0.14084091782569885,0.48248398303985596,0.15528079867362976,0.8620308041572571
4,1648560713.7794766,-218.07907104492188,-74.38430786132812,1695.1524658203125,-0.17062178254127502,-0.8514020442962646,0.4959867000579834,-0.9828960299491882,0.11165761947631836,-0.1464514136314392,0.0693083330988884,-0.5124911069869995,-0.8558908700942993
410,1648560713.779495,-240.10263061523438,-159.86370849609375,1678.9444580078125,-0.19845107197761536,0.9614066481590271,-0.1905633807182312,-0.9742656350135803,-0.17230024933815002,0.14532414078712463,0.10688148438930511,0.2144990861415863,0.970858633518219
300,1648560713.8293252,77.74671173095703,-55.402835845947266,1838.667724609375,0.8735185265541077,-0.01104685477912426,-0.4866654872894287,-0.06649632751941681,0.9876631498336792,-0.14177365601062775,0.48222774267196655,0.15620337426662445,0.8620074987411499
4,1648560713.8293514,-218.25668334960938,-74.33853149414062,1695.2532958984375,-0.17049814760684967,-0.8504310250282288,0.4976921081542969,-0.9828483462333679,0.11075106263160706,-0.14745600521564484,0.07028122991323471,-0.51429682970047,-0.8547276258468628
