[fiducial0]
x=0
y=0
z=0
[fiducial1]
x=7.14502
y=26.0744
z=0
[fiducial2]
x=39.5336
y=-23.6263
z=0.383401
[fiducial3]
x=63.2606
y=0
z=0
[geometry]
count=4
id=600
