[fiducial0]
x=0
y=0
z=0
[fiducial1]
x=9.46599
y=18.9818
z=0
[fiducial2]
x=32.4511
y=21.7646
z=-0.191247
[fiducial3]
x=50.2989
y=0
z=0
[geometry]
count=4
id=602
