[fiducial0]
x=0
y=0
z=0
[fiducial1]
x=4.26567
y=19.5652
z=0
[fiducial2]
x=20.9527
y=-16.9896
z=0.0914562
[fiducial3]
x=52.6988
y=0
z=0
[geometry]
count=4
id=601
