[fiducial0]
x=0
y=0
z=0
[fiducial1]
x=9.85218
y=24.0362
z=0
[fiducial2]
x=21.1679
y=-22.042
z=0.581793
[fiducial3]
x=60.5807
y=0
z=0
[geometry]
count=4
id=300
