300,1650641112.2747998,35.931983947753906,102.111083984375,1026.81005859375,-0.0968557596206665,0.8136534690856934,0.5732250809669495,-0.6029877066612244,-0.5061758160591125,0.6165969967842102,0.7918489575386047,-0.2859266996383667,0.5396490693092346
300,1650641112.3046381,35.92876052856445,102.11087799072266,1026.8150634765625,-0.09685038775205612,0.8136184811592102,0.573275625705719,-0.6029516458511353,-0.5062243342399597,0.6165924072265625,0.7918770909309387,-0.2859402596950531,0.539600670337677
300,1650641112.3344927,35.92472457885742,102.10882568359375,1026.8243408203125,-0.09691578149795532,0.8135638236999512,0.5733421444892883,-0.6029213070869446,-0.5063194632530212,0.6165439486503601,0.7918921709060669,-0.28592735528945923,0.5395853519439697
300,1650641112.366366,35.92116928100586,102.11004638671875,1026.82568359375,-0.09681627154350281,0.8135624527931213,0.5733609199523926,-0.6028828024864197,-0.5062962174415588,0.6166006922721863,0.7919336557388306,-0.2859724462032318,0.5395005345344543
300,1650641112.396612,35.92221450805664,102.11009979248047,1026.8275146484375,-0.09686332941055298,0.8135942816734314,0.5733078122138977,-0.6029079556465149,-0.5062711834907532,0.6165966987609863,0.7919088006019592,-0.2859262228012085,0.5395615696907043
300,1650641112.4268863,35.924442291259766,102.10717010498047,1026.81640625,-0.09683748334646225,0.8135149478912354,0.573424756526947,-0.6028587818145752,-0.5063642859458923,0.616568386554718,0.7919493913650513,-0.2859872281551361,0.5394696593284607
300,1650641112.4566565,35.927913665771484,102.1054916381836,1026.8206787109375,-0.09685961157083511,0.8136160969734192,0.573277473449707,-0.6029303073883057,-0.5062382221221924,0.6166018843650818,0.7918922305107117,-0.2859225571155548,0.5395877957344055
300,1650641112.4865048,35.933067321777344,102.10655212402344,1026.81591796875,-0.0968443900346756,0.8134569525718689,0.5735058188438416,-0.6029360890388489,-0.5064013600349426,0.6164622902870178,0.7918896675109863,-0.28608646988868713,0.5395047068595886
300,1650641112.5187476,35.9297981262207,102.10697937011719,1026.822509765625,-0.09682062268257141,0.8134327530860901,0.5735442042350769,-0.6029626131057739,-0.5064085721969604,0.616430401802063,0.7918723821640015,-0.2861425280570984,0.53950035572052
300,1650641112.5489066,35.93190002441406,102.10950469970703,1026.8192138671875,-0.09680354595184326,0.8134642243385315,0.5735024809837341,-0.6029821634292603,-0.5063610672950745,0.616450309753418,0.7918595671653748,-0.2861371636390686,0.5395219326019287
300,1650641112.5788937,35.93581771850586,102.1102066040039,1026.8218994140625,-0.09683359414339066,0.8135438561439514,0.5733843445777893,-0.6029393672943115,-0.506302535533905,0.6165401935577393,0.7918884754180908,-0.28601422905921936,0.5395447611808777
300,1650641112.608283,35.938594818115234,102.10985565185547,1026.8074951171875,-0.09684643149375916,0.8135700225830078,0.5733451247215271,-0.6029059886932373,-0.5062914490699768,0.6165819764137268,0.791912317276001,-0.2859594225883484,0.5395387411117554
300,1650641112.6386552,35.938453674316406,102.1152114868164,1026.81103515625,-0.09678030014038086,0.813442051410675,0.5735378265380859,-0.6030207872390747,-0.5063619017601013,0.6164118051528931,0.7918329834938049,-0.2861987352371216,0.5395283102989197
300,1650641112.6705608,35.94017791748047,102.11146545410156,1026.806640625,-0.09680397063493729,0.8135671615600586,0.5733563303947449,-0.6029453873634338,-0.506263792514801,0.6165661215782166,0.7918875217437744,-0.2860165238380432,0.539544939994812
300,1650641112.7007396,35.93842315673828,102.10986328125,1026.8134765625,-0.0967998132109642,0.8135069012641907,0.5734425187110901,-0.602982759475708,-0.5063134431838989,0.6164888143539429,0.7918595671653748,-0.28609997034072876,0.5395417213439941
300,1650641112.7308862,35.936222076416016,102.11490631103516,1026.820556640625,-0.0967717096209526,0.8135035037994385,0.5734520554542542,-0.6030464172363281,-0.506283164024353,0.6164513826370239,0.7918145060539246,-0.2861631512641907,0.5395743250846863
300,1650641112.7607908,35.934722900390625,102.1102066040039,1026.81982421875,-0.09680525213479996,0.8135998845100403,0.5733096599578857,-0.6029461622238159,-0.5062288641929626,0.6165940761566162,0.7918867468833923,-0.2859853506088257,0.5395625233650208
300,1650641112.7902114,35.93482208251953,102.10688781738281,1026.818115234375,-0.09678899496793747,0.8135747313499451,0.5733481645584106,-0.6029581427574158,-0.5062452554702759,0.616568922996521,0.7918796539306641,-0.28602784872055054,0.5395504236221313
300,1650641112.822465,35.935157775878906,102.10649871826172,1026.8134765625,-0.09678798913955688,0.8134713768959045,0.5734949111938477,-0.6028332114219666,-0.5064011216163635,0.616563081741333,0.7919749021530151,-0.2860459089279175,0.539401113986969
300,1650641112.8524823,35.938194274902344,102.10662078857422,1026.8050537109375,-0.09679815173149109,0.8136018514633179,0.5733080506324768,-0.6029961705207825,-0.5062058568000793,0.6165640354156494,0.7918495535850525,-0.28602030873298645,0.5395985841751099
300,1650641112.8821921,35.94062042236328,102.10897827148438,1026.806884765625,-0.09680783003568649,0.8135368824005127,0.5733985900878906,-0.6029615998268127,-0.5062919855117798,0.6165271401405334,0.7918747067451477,-0.2860527038574219,0.5395445823669434
300,1650641112.9148004,35.94134521484375,102.11360931396484,1026.8072509765625,-0.09679988771677017,0.8135616183280945,0.5733648538589478,-0.6030150055885315,-0.5062429904937744,0.6165151596069336,0.7918350100517273,-0.28606900572776794,0.5395941734313965
300,1650641112.9451132,35.94261169433594,102.11067199707031,1026.7977294921875,-0.09681207686662674,0.8135964870452881,0.5733133554458618,-0.6029220223426819,-0.506243884563446,0.6166053414344788,0.7919043302536011,-0.2859683930873871,0.5395457744598389
300,1650641112.974719,35.94359588623047,102.11041259765625,1026.7974853515625,-0.09681427478790283,0.813612699508667,0.5732899308204651,-0.6029444336891174,-0.5062191486358643,0.6166037321090698,0.7918869853019714,-0.2859659194946289,0.5395724773406982
300,1650641113.0042636,35.94322204589844,102.11369323730469,1026.8179931640625,-0.09681165218353271,0.8134960532188416,0.5734558701515198,-0.6029634475708008,-0.5063366889953613,0.6164886355400085,0.7918727993965149,-0.2860896587371826,0.5395277142524719
300,1650641113.0343392,35.940040588378906,102.11100769042969,1026.8280029296875,-0.09680590033531189,0.8135704398155212,0.5733513236045837,-0.6030040383338928,-0.5062398314476013,0.6165285110473633,0.7918426394462585,-0.28604957461357117,0.5395932197570801
300,1650641113.066189,35.93842697143555,102.1092300415039,1026.8292236328125,-0.09677916765213013,0.8135960102081299,0.5733196139335632,-0.6029489636421204,-0.5062218904495239,0.616597056388855,0.7918878197669983,-0.28600871562957764,0.5395485758781433
300,1650641113.096492,35.939815521240234,102.10658264160156,1026.818603515625,-0.09677104651927948,0.8134731650352478,0.5734952092170715,-0.602878749370575,-0.5063761472702026,0.6165390610694885,0.7919422388076782,-0.28608497977256775,0.5394282341003418
300,1650641113.1268163,35.94057846069336,102.10789489746094,1026.816650390625,-0.09681478142738342,0.8134475350379944,0.5735242366790771,-0.6029609441757202,-0.5063909888267517,0.6164464354515076,0.791874349117279,-0.2861315608024597,0.5395032167434692
300,1650641113.1564033,35.93998718261719,102.10735321044922,1026.81103515625,-0.0967690721154213,0.8134211897850037,0.5735692977905273,-0.6028825044631958,-0.50642991065979,0.6164911985397339,0.7919396758079529,-0.2861376106739044,0.5394041538238525
300,1650641113.1861482,35.93938446044922,102.10800170898438,1026.8143310546875,-0.09679552167654037,0.8135770559310913,0.5733436942100525,-0.6030087471008301,-0.5062269568443298,0.616534411907196,0.7918403148651123,-0.28605347871780396,0.5395945906639099
300,1650641113.2184339,35.9407844543457,102.10523986816406,1026.8045654296875,-0.09680493175983429,0.8136158585548401,0.5732870101928711,-0.6029415130615234,-0.5062131881713867,0.6166114807128906,0.7918903231620789,-0.28596752882003784,0.5395667552947998
300,1650641113.248734,35.945350646972656,102.10761260986328,1026.802001953125,-0.09682062268257141,0.8135706186294556,0.5733485817909241,-0.6028859615325928,-0.5062879920005798,0.6166043877601624,0.7919307351112366,-0.2859638035297394,0.5395094156265259
300,1650641113.2788427,35.94452667236328,102.10572052001953,1026.798828125,-0.0967579185962677,0.8135525584220886,0.5733848214149475,-0.6028924584388733,-0.5062807202339172,0.6166040301322937,0.7919334769248962,-0.28602805733680725,0.5394713878631592
300,1650641113.3083656,35.94456481933594,102.10977935791016,1026.80224609375,-0.09680669754743576,0.8135731220245361,0.5733474493026733,-0.6029289364814758,-0.5062643885612488,0.6165817379951477,0.7918997406959534,-0.28599849343299866,0.5395365357398987
300,1650641113.3389575,35.94453430175781,102.11158752441406,1026.798583984375,-0.09680072218179703,0.8135663866996765,0.5733579397201538,-0.6029492616653442,-0.506261944770813,0.6165639162063599,0.7918850183486938,-0.286021888256073,0.5395457744598389
300,1650641113.3711522,35.94378662109375,102.11090850830078,1026.80078125,-0.09675925225019455,0.8135691285133362,0.5733610391616821,-0.6029284596443176,-0.5062504410743713,0.6165937185287476,0.7919058799743652,-0.28603455424308777,0.5395084023475647
300,1650641113.4004278,35.94683074951172,102.11387634277344,1026.8011474609375,-0.09681050479412079,0.8135541081428528,0.5733736753463745,-0.6029654741287231,-0.506273090839386,0.6165388822555542,0.7918714284896851,-0.2860370874404907,0.5395575761795044
300,1650641113.4308224,35.946044921875,102.11256408691406,1026.800048828125,-0.0967961922287941,0.8135933876037598,0.5733203887939453,-0.6029090881347656,-0.5062456727027893,0.6166165471076965,0.7919161319732666,-0.2859739363193512,0.5395255088806152
300,1650641113.4609902,35.945587158203125,102.11204528808594,1026.7994384765625,-0.09677388519048691,0.813632071018219,0.5732693076133728,-0.6029156446456909,-0.5061930418014526,0.616653323173523,0.7919138669967651,-0.28595706820487976,0.5395377278327942
300,1650641113.4907277,35.9455680847168,102.11133575439453,1026.80224609375,-0.09677930176258087,0.8135380744934082,0.5734017491340637,-0.6029240489006042,-0.5062932372093201,0.6165628433227539,0.7919067740440369,-0.28604719042778015,0.53950035572052
300,1650641113.5222743,35.94594955444336,102.11541748046875,1026.7972412109375,-0.09674347937107086,0.8135952353477478,0.5733266472816467,-0.6029679775238037,-0.5062019228935242,0.6165948510169983,0.7918776869773865,-0.2860460877418518,0.539543628692627
300,1650641113.552745,35.950538635253906,102.1187515258789,1026.790771484375,-0.09677772969007492,0.8135626912117004,0.5733671188354492,-0.6029483675956726,-0.5062573552131653,0.6165685057640076,0.7918884754180908,-0.28604066371917725,0.5395307540893555
300,1650641113.5824695,35.94882583618164,102.11873626708984,1026.795654296875,-0.09674915671348572,0.8135049939155579,0.5734537839889526,-0.6029996275901794,-0.5062897801399231,0.6164917945861816,0.7918529510498047,-0.2861473560333252,0.5395262837409973
300,1650641113.615088,35.94633865356445,102.1131820678711,1026.79736328125,-0.0967639684677124,0.8136832118034363,0.5731983780860901,-0.6028613448143005,-0.5061538219451904,0.6167386174201965,0.7919564247131348,-0.28588107228279114,0.5395156145095825
300,1650641113.6446352,35.94572448730469,102.11861419677734,1026.80224609375,-0.0967756137251854,0.8136222958564758,0.5732828974723816,-0.6030303239822388,-0.5061628222465515,0.6165659427642822,0.7918263077735901,-0.28603842854499817,0.5396231412887573
300,1650641113.6747563,35.943878173828125,102.11474609375,1026.799072265625,-0.0967542827129364,0.813541054725647,0.573401689529419,-0.6029353737831116,-0.5062761902809143,0.6165658235549927,0.7919012308120728,-0.28606876730918884,0.5394970774650574
300,1650641113.704548,35.94351577758789,102.12036895751953,1026.8023681640625,-0.09675265103578568,0.813509464263916,0.5734468102455139,-0.6029950976371765,-0.5062879323959351,0.6164976954460144,0.7918559312820435,-0.2861378490924835,0.5395269393920898
300,1650641113.7351022,35.951419830322266,102.12042999267578,1026.78125,-0.09678846597671509,0.8135568499565125,0.5733736157417297,-0.6030641198158264,-0.5062260031700134,0.6164810657501221,0.791799008846283,-0.28611278533935547,0.5396237969398499
300,1650641113.7672322,35.95670700073242,102.11925506591797,1026.7747802734375,-0.09678780287504196,0.8135449290275574,0.5733906030654907,-0.6029519438743591,-0.5062790513038635,0.6165472269058228,0.7918845415115356,-0.2860527038574219,0.5395300984382629
300,1650641113.7968092,35.952598571777344,102.11650848388672,1026.792724609375,-0.09677563607692719,0.8133536577224731,0.5736638903617859,-0.6029186844825745,-0.5064919590950012,0.6164048910140991,0.7919113636016846,-0.28621968626976013,0.539402186870575
300,1650641113.8263762,35.94602584838867,102.11190795898438,1026.800048828125,-0.09680607169866562,0.81341952085495,0.5735653638839722,-0.6029185056686401,-0.5064330101013184,0.6164534687995911,0.7919077277183533,-0.2861367166042328,0.5394514799118042
300,1650641113.8564427,35.9415168762207,102.11518859863281,1026.81201171875,-0.09683480858802795,0.8134781718254089,0.5734773278236389,-0.6029396653175354,-0.5063734650611877,0.6164816617965698,0.7918881177902222,-0.2860753536224365,0.5395128726959229
300,1650641113.8862188,35.940731048583984,102.11273956298828,1026.818359375,-0.09681430459022522,0.8135343790054321,0.5734010338783264,-0.6029602885246277,-0.5062976479530334,0.616523802280426,0.791874885559082,-0.2860497534275055,0.5395457744598389
300,1650641113.9185667,35.940372467041016,102.11168670654297,1026.8123779296875,-0.09681826829910278,0.8135499358177185,0.5733783841133118,-0.602913498878479,-0.5062994360923767,0.6165680885314941,0.7919100522994995,-0.2860025465488434,0.5395192503929138
300,1650641113.948348,35.94350051879883,102.11621856689453,1026.8138427734375,-0.09677385538816452,0.813496470451355,0.5734617114067078,-0.6030014753341675,-0.50630784034729,0.6164751052856445,0.7918484807014465,-0.2861396074295044,0.5395369529724121
300,1650641113.978502,35.94237518310547,102.11200714111328,1026.8157958984375,-0.09682999551296234,0.8135780096054077,0.5733364820480347,-0.6029074788093567,-0.5062759518623352,0.6165933012962341,0.7919132113456726,-0.28596413135528564,0.5395349264144897
300,1650641114.008144,35.94242858886719,102.11180114746094,1026.8167724609375,-0.09685813635587692,0.8135586380958557,0.5733593106269836,-0.6029436588287354,-0.5062946677207947,0.6165425181388855,0.7918822169303894,-0.28598618507385254,0.5395687818527222
300,1650641114.0390482,35.94504165649414,102.11259460449219,1026.81494140625,-0.0968150645494461,0.8135104775428772,0.5734348893165588,-0.6029251217842102,-0.5063363909721375,0.6165263652801514,0.7919015884399414,-0.2860492765903473,0.5395068526268005
300,1650641114.07115,35.94413375854492,102.11031341552734,1026.8135986328125,-0.09680444747209549,0.813495397567749,0.5734580159187317,-0.6029812693595886,-0.5063281655311584,0.6164782047271729,0.7918601632118225,-0.28610658645629883,0.5395373106002808
300,1650641114.1002655,35.944515228271484,102.1120834350586,1026.79833984375,-0.09683919697999954,0.8135451674461365,0.5733815431594849,-0.6029340028762817,-0.5063052177429199,0.6165432333946228,0.791891872882843,-0.2860057055950165,0.5395442843437195
300,1650641114.1307316,35.942413330078125,102.1033706665039,1026.7952880859375,-0.09684479981660843,0.8136736750602722,0.5731982588768005,-0.6029070615768433,-0.5061789155006409,0.6166732907295227,0.7919117212295532,-0.2858636677265167,0.5395904183387756
300,1650641114.1607866,35.94694519042969,102.10964965820312,1026.7926025390625,-0.09682308882474899,0.8133599162101746,0.5736470818519592,-0.6029835939407349,-0.5064802169799805,0.6163510084152222,0.7918561100959778,-0.28622275590896606,0.5394816398620605
300,1650641114.190617,35.946022033691406,102.10588836669922,1026.798583984375,-0.09686869382858276,0.8135889768600464,0.5733144283294678,-0.6029342412948608,-0.5062695145606995,0.616572380065918,0.7918881177902222,-0.2859443426132202,0.5395823121070862
300,1650641114.222184,35.9464225769043,102.10493469238281,1026.8031005859375,-0.09688052535057068,0.813428521156311,0.5735400319099426,-0.6029123067855835,-0.5064545273780823,0.6164418458938599,0.7919033169746399,-0.28607311844825745,0.5394916534423828
300,1650641114.252457,35.939945220947266,102.10089874267578,1026.7991943359375,-0.09690036624670029,0.8136063814163208,0.573284387588501,-0.6029172539710999,-0.5062692165374756,0.6165891885757446,0.791897177696228,-0.28589534759521484,0.5395950078964233
300,1650641114.28319,35.94447326660156,102.10262298583984,1026.7899169921875,-0.09686402976512909,0.8134053349494934,0.5735757350921631,-0.6029711365699768,-0.5064517855644226,0.6163865327835083,0.7918605804443359,-0.2861439287662506,0.5395169258117676
300,1650641114.314995,35.942142486572266,102.1039810180664,1026.798095703125,-0.09692952036857605,0.8134914040565491,0.5734426379203796,-0.6030076146125793,-0.5063715577125549,0.6164167523384094,0.7918247580528259,-0.2860412895679474,0.5396238565444946
300,1650641114.3444355,35.93915939331055,102.10063934326172,1026.7977294921875,-0.09691927582025528,0.8135694861412048,0.5733335614204407,-0.602879524230957,-0.5063298344612122,0.6165763139724731,0.7919235825538635,-0.28589290380477905,0.5395575165748596
300,1650641114.3745172,35.937461853027344,102.10528564453125,1026.798583984375,-0.09689164906740189,0.8133800029754639,0.5736069679260254,-0.603049635887146,-0.5064613223075867,0.6163018941879272,0.791797399520874,-0.2861989736557007,0.5395804047584534
300,1650641114.404218,35.935791015625,102.10655975341797,1026.8056640625,-0.09691008925437927,0.8135204315185547,0.5734046697616577,-0.6030647158622742,-0.5063121318817139,0.6164097189903259,0.7917836904525757,-0.2860637903213501,0.5396722555160522
300,1650641114.434747,35.93647766113281,102.10391998291016,1026.810546875,-0.09692761301994324,0.8134303689002991,0.5735294818878174,-0.6029861569404602,-0.5064440965652466,0.616378128528595,0.7918413281440735,-0.2860862910747528,0.5395756959915161
300,1650641114.4667273,35.9326286315918,102.10100555419922,1026.812744140625,-0.09694409370422363,0.81353360414505,0.5733802914619446,-0.6030048131942749,-0.5063328742980957,0.6164513230323792,0.7918251156806946,-0.28598976135253906,0.5396506786346436
300,1650641114.496359,35.931358337402344,102.10066223144531,1026.8095703125,-0.0969356894493103,0.8135268092155457,0.5733912587165833,-0.6029361486434937,-0.5063616633415222,0.6164948344230652,0.7918784618377686,-0.2859579622745514,0.5395892262458801
300,1650641114.5266972,35.934898376464844,102.09715270996094,1026.8094482421875,-0.09697620570659637,0.813614547252655,0.5732600092887878,-0.6028674840927124,-0.50630784034729,0.6166061758995056,0.7919257879257202,-0.2858036756515503,0.5396015644073486
300,1650641114.5564747,35.93557357788086,102.10072326660156,1026.7965087890625,-0.09698481112718582,0.8134037256240845,0.5735575556755066,-0.6030703783035278,-0.5064645409584045,0.6162790060043335,0.7917702198028564,-0.28612586855888367,0.5396590828895569
4,1650641114.5564823,-58.4157829284668,2.0640368461608887,1059.089111328125,-0.2561105787754059,0.14884082973003387,-0.955119788646698,-0.7841805815696716,-0.6097350716590881,0.1152561753988266,-0.5652151703834534,0.7785046696662903,0.27287766337394714
300,1650641114.5863395,35.93379211425781,102.1033706665039,1026.792236328125,-0.09699473530054092,0.813514769077301,0.5733984112739563,-0.6030206680297852,-0.506367027759552,0.6164076924324036,0.7918068170547485,-0.28598281741142273,0.5396811366081238
4,1650641114.5863473,-60.454978942871094,3.1081418991088867,1057.4012451171875,-0.2659124732017517,0.17755946516990662,-0.9475036859512329,-0.782659113407135,-0.6135877370834351,0.10466505587100983,-0.5627923607826233,0.7694041728973389,0.30212917923927307
300,1650641114.618804,35.93704605102539,102.10286712646484,1026.7952880859375,-0.09703020751476288,0.8135575652122498,0.5733317136764526,-0.6030461192131042,-0.5063256025314331,0.616416871547699,0.7917831540107727,-0.2859343886375427,0.539741575717926
4,1650641114.6188111,-62.393123626708984,4.764367580413818,1055.03271484375,-0.2732292711734772,0.22717268764972687,-0.9347397089004517,-0.7833395004272461,-0.6165360808372498,0.07913552969694138,-0.5583233833312988,0.7538406848907471,0.34640905261039734
300,1650641114.6483788,35.94039535522461,102.10740661621094,1026.79150390625,-0.09701646119356155,0.8135635852813721,0.573325514793396,-0.603010356426239,-0.5063267350196838,0.6164509654045105,0.7918120622634888,-0.2859153151512146,0.5397092700004578
4,1650641114.6483862,-64.03665161132812,5.791098594665527,1053.632568359375,-0.27940070629119873,0.26040592789649963,-0.9241883158683777,-0.7837679386138916,-0.6178649663925171,0.06285472214221954,-0.5546558499336243,0.7419108152389526,0.37672972679138184
300,1650641114.6786635,35.934295654296875,102.10486602783203,1026.7879638671875,-0.09706403315067291,0.8135992288589478,0.5732668042182922,-0.6030125021934509,-0.5063060522079468,0.6164658069610596,0.7918045520782471,-0.2858504056930542,0.5397546291351318
4,1650641114.6786711,-65.14434814453125,5.896635055541992,1053.290283203125,-0.28437691926956177,0.271287739276886,-0.9195285439491272,-0.7840983867645264,-0.6177049279212952,0.060252297669649124,-0.5516515970230103,0.7381352186203003,0.38837730884552
300,1650641114.7084935,35.92876434326172,102.10115051269531,1026.79296875,-0.097054623067379,0.8135634064674377,0.5733192563056946,-0.6029917597770691,-0.5063484311103821,0.6164512634277344,0.7918215394020081,-0.28587737679481506,0.5397155284881592
4,1650641114.7085004,-65.96641540527344,6.228614330291748,1052.7657470703125,-0.28719085454940796,0.2868339717388153,-0.9139188528060913,-0.7849099040031433,-0.6173478960990906,0.052895937114953995,-0.549033522605896,0.7325352430343628,0.4024355113506317
300,1650641114.7383847,35.93168258666992,102.09911346435547,1026.7803955078125,-0.09706111252307892,0.8135560154914856,0.5733286738395691,-0.6030236482620239,-0.5063473582267761,0.6164209842681885,0.7917964458465576,-0.2859002351760864,0.5397401452064514
4,1650641114.7383916,-67.2165298461914,7.0532732009887695,1051.666015625,-0.2899271547794342,0.31495580077171326,-0.9037395119667053,-0.7857915759086609,-0.6173880100250244,0.0369269996881485,-0.5463275909423828,0.7208570241928101,0.42648717761039734
300,1650641114.7705061,35.927799224853516,102.09324645996094,1026.78369140625,-0.09705725312232971,0.8135550022125244,0.5733307003974915,-0.6029362678527832,-0.5063784718513489,0.6164808869361877,0.7918635010719299,-0.285847932100296,0.5396695137023926
4,1650641114.770513,-68.58512115478516,7.957798480987549,1050.6142578125,-0.29320359230041504,0.33873608708381653,-0.8940299153327942,-0.7852921485900879,-0.6186932325363159,0.023127565160393715,-0.5452961325645447,0.7088557481765747,0.44740989804267883
300,1650641114.800816,35.92192840576172,102.09786987304688,1026.797119140625,-0.09709474444389343,0.8136075139045715,0.573249876499176,-0.6030346155166626,-0.5063011050224304,0.6164482831954956,0.7917839884757996,-0.2858356237411499,0.5397926568984985
4,1650641114.800823,-69.19801330566406,8.048908233642578,1050.4666748046875,-0.29711833596229553,0.3400854170322418,-0.8922234177589417,-0.7842945456504822,-0.6198889017105103,0.02489634044468403,-0.5446125268936157,0.7071630954742432,0.45090746879577637
300,1650641114.8310099,35.91966247558594,102.09681701660156,1026.8072509765625,-0.09707684814929962,0.8134515881538391,0.5734741687774658,-0.6029735803604126,-0.5064838528633118,0.6163578033447266,0.7918326258659363,-0.2859557271003723,0.539657711982727
4,1650641114.831017,-69.61080169677734,8.319643020629883,1050.180908203125,-0.29843565821647644,0.344581663608551,-0.8900559544563293,-0.783391535282135,-0.6211318373680115,0.02220233529806137,-0.5451915860176086,0.7038882970809937,0.45531025528907776
300,1650641114.8609483,35.921077728271484,102.09581756591797,1026.8028564453125,-0.09705278277397156,0.8135691285133362,0.573311448097229,-0.6030197143554688,-0.5063314437866211,0.6164379119873047,0.7918004989624023,-0.2858910858631134,0.5397391319274902
4,1650641114.860956,-69.68045043945312,8.689603805541992,1049.8231201171875,-0.29706716537475586,0.3514310419559479,-0.8878329396247864,-0.7830792665481567,-0.6217181086540222,0.015922019258141518,-0.5463863015174866,0.699973464012146,0.4598903954029083
300,1650641114.8906739,35.922149658203125,102.09761047363281,1026.80615234375,-0.09700672328472137,0.8135010004043579,0.5734158754348755,-0.6030048727989197,-0.5063921809196472,0.6164025664329529,0.7918174266815186,-0.2859773635864258,0.5396685004234314
4,1650641114.8906815,-69.44208526611328,8.927321434020996,1049.5703125,-0.29573309421539307,0.35515841841697693,-0.8867944478988647,-0.7830797433853149,-0.6218032836914062,0.012115451507270336,-0.5471088290214539,0.6980137228965759,0.4620051681995392
300,1650641114.9223194,35.92612075805664,102.09416961669922,1026.7947998046875,-0.09703119099140167,0.8137248158454895,0.5730941295623779,-0.6029007434844971,-0.5061985850334167,0.61666339635849,0.791893720626831,-0.285683274269104,0.5397123098373413
4,1650641114.9223258,-69.2619400024414,9.027039527893066,1049.483642578125,-0.2943614721298218,0.3567391335964203,-0.8866163492202759,-0.7832211256027222,-0.6216644048690796,0.009900659322738647,-0.5476458668708801,0.6973310112953186,0.4623996615409851
300,1650641114.9528341,35.9295654296875,102.1008071899414,1026.7908935546875,-0.09704805910587311,0.8136321306228638,0.573222815990448,-0.6029641032218933,-0.5062819123268127,0.6165329813957214,0.7918434143066406,-0.28579944372177124,0.5397246479988098
4,1650641114.9528418,-69.15498352050781,8.975777626037598,1049.5579833984375,-0.2936205267906189,0.35625529289245605,-0.8870564699172974,-0.7837316989898682,-0.6210188269615173,0.010008913464844227,-0.5473130345344543,0.6981530785560608,0.4615524709224701
300,1650641114.9826531,35.92892837524414,102.10437774658203,1026.7906494140625,-0.09700235724449158,0.8135335445404053,0.5733704566955566,-0.6030524373054504,-0.5063382983207703,0.6164002418518066,0.7917817234992981,-0.2859801948070526,0.5397194027900696
4,1650641114.9826603,-69.04560089111328,8.937857627868652,1049.635986328125,-0.29239746928215027,0.3571270704269409,-0.8871098756790161,-0.7843143939971924,-0.6203011274337769,0.008798492141067982,-0.5471330881118774,0.6983457207679749,0.46147438883781433
300,1650641115.0143042,35.93190002441406,102.1008071899414,1026.7825927734375,-0.09701443463563919,0.8136147856712341,0.5732531547546387,-0.602997362613678,-0.5062755346298218,0.6165056824684143,0.7918221950531006,-0.28586021065711975,0.5397235751152039
4,1650641115.0143108,-68.6898193359375,8.88111686706543,1049.72705078125,-0.2907264530658722,0.35680681467056274,-0.8877876996994019,-0.7853043079376221,-0.6190534234046936,0.00836488138884306,-0.5466033816337585,0.6996154189109802,0.46017715334892273
300,1650641115.0450583,35.93130111694336,102.10047912597656,1026.783203125,-0.09701129049062729,0.8134931325912476,0.573426365852356,-0.6029716730117798,-0.5064144134521484,0.6164166927337646,0.7918421030044556,-0.28596046566963196,0.539641261100769
4,1650641115.0450656,-68.1414794921875,8.660078048706055,1050.0328369140625,-0.28801965713500977,0.3537099361419678,-0.8899067044258118,-0.7865085601806641,-0.6175121068954468,0.009113057516515255,-0.5463048219680786,0.7025440335273743,0.4560515284538269
300,1650641115.0747426,35.92643737792969,102.09861755371094,1026.7830810546875,-0.09705440700054169,0.8136703968048096,0.5731674432754517,-0.6030064821243286,-0.506227970123291,0.6165358424186707,0.7918103933334351,-0.28578612208366394,0.5397801399230957
4,1650641115.0747497,-67.31524658203125,8.398040771484375,1050.4112548828125,-0.28326573967933655,0.3512304425239563,-0.8924111723899841,-0.788709282875061,-0.6147087216377258,0.008415303193032742,-0.5456172227859497,0.7062367796897888,0.45114463567733765
300,1650641115.1045818,35.926605224609375,102.09878540039062,1026.7855224609375,-0.09705737233161926,0.8135353922843933,0.5733585953712463,-0.6030233502388,-0.5063682198524475,0.6164041757583618,0.7917971611022949,-0.28592202067375183,0.5397275686264038
4,1650641115.1045892,-66.24629974365234,8.035015106201172,1050.941650390625,-0.2778159976005554,0.3495979309082031,-0.8947622776031494,-0.7920290231704712,-0.6104384064674377,0.007410151418298483,-0.543606698513031,0.7107363939285278,0.44648128747940063
300,1650641115.1343076,35.92723083496094,102.09467315673828,1026.7880859375,-0.09702872484922409,0.8136396408081055,0.5732154250144958,-0.6029801964759827,-0.5062605738639832,0.6165348291397095,0.7918335199356079,-0.285815954208374,0.5397303700447083
4,1650641115.1343145,-65.12760162353516,7.559157848358154,1051.6357421875,-0.27113035321235657,0.348101407289505,-0.897392749786377,-0.7956917881965637,-0.6056771278381348,0.005459308158606291,-0.5416298508644104,0.7155281901359558,0.4411988854408264
300,1650641115.1664667,35.92441177368164,102.0938491821289,1026.78955078125,-0.09704219549894333,0.813561201095581,0.5733245015144348,-0.6029838919639587,-0.5063487887382507,0.6164586544036865,0.7918290495872498,-0.2858829200267792,0.539701521396637
4,1650641115.1664743,-63.81650924682617,6.974550247192383,1052.5042724609375,-0.26380425691604614,0.3467821180820465,-0.900083065032959,-0.8005354404449463,-0.5992737412452698,0.003741039428859949,-0.5380988121032715,0.7215352654457092,0.4357023537158966
300,1650641115.197158,35.92372131347656,102.09428405761719,1026.7890625,-0.09707649797201157,0.8136235475540161,0.5732301473617554,-0.6030125617980957,-0.5062847137451172,0.6164833307266235,0.7918030023574829,-0.2858189344406128,0.5397735834121704
4,1650641115.1971653,-62.37468338012695,6.477746486663818,1053.3004150390625,-0.25550806522369385,0.34591662883758545,-0.9028052687644958,-0.8053070306777954,-0.5928575396537781,0.0007567253196612,-0.5349730849266052,0.7272287607192993,0.43004897236824036
300,1650641115.2266827,35.92407989501953,102.09913635253906,1026.7960205078125,-0.09705392271280289,0.8134828805923462,0.5734336972236633,-0.6030664443969727,-0.5064077973365784,0.6163294911384583,0.7917647361755371,-0.28600141406059265,0.5397330522537231
4,1650641115.2266898,-60.86271286010742,5.963287830352783,1054.205810546875,-0.24672576785087585,0.3438645899295807,-0.9060262441635132,-0.8101320862770081,-0.5862443447113037,-0.0018853875808417797,-0.5318011045455933,0.7335357666015625,0.4232173264026642
300,1650641115.2569869,35.92321014404297,102.0904769897461,1026.7802734375,-0.09707137942314148,0.8135457634925842,0.573341429233551,-0.6029632091522217,-0.5063841938972473,0.6164498329162598,0.7918412089347839,-0.2858641743659973,0.5396935939788818
4,1650641115.2569997,-59.246482849121094,5.485171318054199,1055.0732421875,-0.23688864707946777,0.34189561009407043,-0.9093905687332153,-0.8146340250968933,-0.5799460411071777,-0.005831887945532799,-0.529391348361969,0.7394389510154724,0.41590240597724915
300,1650641115.2861958,35.92452621459961,102.09331512451172,1026.7821044921875,-0.09709295630455017,0.8135195970535278,0.5733749270439148,-0.602972686290741,-0.5064172744750977,0.616413414478302,0.791831374168396,-0.28588002920150757,0.5396996736526489
4,1650641115.286203,-57.47450637817383,5.259772300720215,1055.7781982421875,-0.22603709995746613,0.34226319193840027,-0.9120104908943176,-0.8191322088241577,-0.5734750032424927,-0.012198453769087791,-0.5271903276443481,0.7442998886108398,0.4099854528903961
300,1650641115.318512,35.92498779296875,102.09397888183594,1026.7806396484375,-0.09710776060819626,0.8135982155799866,0.5732608437538147,-0.6030448079109192,-0.5063124895095825,0.6164289712905884,0.7917746305465698,-0.2858419418334961,0.5398030281066895
4,1650641115.3185189,-55.2762565612793,5.130988121032715,1056.4683837890625,-0.21266451478004456,0.34284764528274536,-0.9150023460388184,-0.8239935040473938,-0.5662229061126709,-0.0206491407006979,-0.5251747965812683,0.7495646476745605,0.402919739484787
300,1650641115.3482463,35.92300796508789,102.08863067626953,1026.7762451171875,-0.09707549959421158,0.8136059045791626,0.5732554197311401,-0.6029555201530457,-0.5063239336013794,0.6165068745613098,0.7918465733528137,-0.2857997715473175,0.539719820022583
4,1650641115.348254,-53.13926696777344,5.110734462738037,1057.0880126953125,-0.19907701015472412,0.3446391820907593,-0.9173833131790161,-0.828522801399231,-0.5591370463371277,-0.0302607249468565,-0.5233719944953918,0.7540488243103027,0.3968527615070343
300,1650641115.3784397,35.925071716308594,102.0915298461914,1026.7796630859375,-0.0970989316701889,0.8135337233543396,0.5733538866043091,-0.603084921836853,-0.5063639283180237,0.6163474321365356,0.791745126247406,-0.2859343886375427,0.539797306060791
4,1650641115.3784468,-51.060699462890625,5.264316558837891,1057.5634765625,-0.18543840944766998,0.3492388129234314,-0.9185014367103577,-0.8327277302742004,-0.5521024465560913,-0.04180276021361351,-0.5217059850692749,0.7571097612380981,0.3932018280029297
300,1650641115.4082522,35.9273796081543,102.09054565429688,1026.7747802734375,-0.09711437672376633,0.8135050535202026,0.5733919739723206,-0.6030329465866089,-0.5064194798469543,0.6163526177406311,0.7917828559875488,-0.2859175503253937,0.5397509336471558
4,1650641115.4082596,-49.163169860839844,5.4181599617004395,1058.021728515625,-0.17327968776226044,0.3512301743030548,-0.9201149344444275,-0.8359507322311401,-0.5464155673980713,-0.05115051940083504,-0.52073073387146,0.7603074312210083,0.3882938325405121
300,1650641115.438748,35.92362976074219,102.08914184570312,1026.771728515625,-0.09710387885570526,0.8136430978775024,0.5731977820396423,-0.6030377149581909,-0.5062652230262756,0.6164746880531311,0.7917805314064026,-0.2857978045940399,0.5398178100585938
4,1650641115.4387546,-47.64920425415039,5.598122596740723,1058.353271484375,-0.16327722370624542,0.3532860279083252,-0.921156644821167,-0.8385053277015686,-0.5416767597198486,-0.05911915376782417,-0.5198551416397095,0.7627419233322144,0.38467568159103394
300,1650641115.4708176,35.926517486572266,102.09098052978516,1026.76708984375,-0.09713271260261536,0.8135231733322144,0.5733631253242493,-0.6030772924423218,-0.5063911080360413,0.6163325905799866,0.7917468547821045,-0.28591620922088623,0.5398044586181641
4,1650641115.470825,-46.42000961303711,5.89804220199585,1058.4573974609375,-0.15477217733860016,0.3572825789451599,-0.9210834503173828,-0.8398893475532532,-0.5385117530822754,-0.06775645911693573,-0.5202224850654602,0.7631213665008545,0.3834244906902313
300,1650641115.5002997,35.925716400146484,102.09253692626953,1026.767822265625,-0.09716533869504929,0.8134850263595581,0.573411762714386,-0.6030967831611633,-0.5064377784729004,0.6162751913070679,0.7917279601097107,-0.2859421968460083,0.5398183465003967
4,1650641115.5003068,-45.82481002807617,6.068451881408691,1058.5252685546875,-0.15114136040210724,0.35703715682029724,-0.9217813014984131,-0.8405264616012573,-0.5371958017349243,-0.07025587558746338,-0.5202609896659851,0.7641630172729492,0.3812916874885559
300,1650641115.5307996,35.923362731933594,102.08870697021484,1026.7607421875,-0.0971531793475151,0.8135274648666382,0.5733535289764404,-0.603011965751648,-0.506417989730835,0.6163743734359741,0.7917940616607666,-0.28585633635520935,0.5397669672966003
4,1650641115.5308063,-45.613895416259766,6.059376239776611,1058.62353515625,-0.15006837248802185,0.3553970158100128,-0.9225900769233704,-0.8407527804374695,-0.5368679761886597,-0.07005372643470764,-0.5202059745788574,0.7651573419570923,0.3793679475784302
300,1650641115.560802,35.92313003540039,102.09135437011719,1026.76611328125,-0.09710804373025894,0.813441812992096,0.5734827518463135,-0.6030640006065369,-0.5064737796783447,0.6162776350975037,0.7917599678039551,-0.2860012948513031,0.5397401452064514
4,1650641115.5608091,-45.81272888183594,6.013155460357666,1058.6424560546875,-0.1504558026790619,0.3565269410610199,-0.9220908880233765,-0.8407208323478699,-0.5368723273277283,-0.07040315121412277,-0.5201457142829895,0.7646284699440002,0.3805151581764221
300,1650641115.5905204,35.919193267822266,102.08836364746094,1026.76904296875,-0.09713158011436462,0.8135231137275696,0.5733633637428284,-0.6030318737030029,-0.5064070820808411,0.6163638234138489,0.7917815446853638,-0.28588801622390747,0.5397685170173645
4,1650641115.5905273,-46.158599853515625,5.784600734710693,1058.7860107421875,-0.15305736660957336,0.3555302619934082,-0.9220475554466248,-0.8409605622291565,-0.5368801355361938,-0.06741726398468018,-0.5189979076385498,0.7650868892669678,0.3811603784561157
300,1650641115.6229253,35.919864654541016,102.0917739868164,1026.7816162109375,-0.09710892289876938,0.8134487867355347,0.5734727382659912,-0.6031086444854736,-0.5064505338668823,0.6162530779838562,0.7917258739471436,-0.2860226631164551,0.5397788286209106
4,1650641115.6229327,-46.60359573364258,5.348187446594238,1059.151611328125,-0.15650831162929535,0.3534577786922455,-0.9222649931907654,-0.8420573472976685,-0.5357624888420105,-0.06243372708559036,-0.5161826610565186,0.7668286561965942,0.3814830183982849
300,1650641115.652815,35.92279052734375,102.09117126464844,1026.7845458984375,-0.0971071869134903,0.8135486245155334,0.573331356048584,-0.602986216545105,-0.5063866972923279,0.6164252758026123,0.7918193340301514,-0.2858515679836273,0.5397323966026306
4,1650641115.6528227,-46.94807434082031,4.923929214477539,1059.550537109375,-0.15898023545742035,0.35263746976852417,-0.9221562147140503,-0.8432955741882324,-0.5342127084732056,-0.05890118330717087,-0.5133983492851257,0.7682861089706421,0.38230687379837036
300,1650641115.6826975,35.921241760253906,102.09491729736328,1026.7857666015625,-0.09711943566799164,0.8135187029838562,0.5733717083930969,-0.6030793190002441,-0.5063900351524353,0.6163314580917358,0.7917469143867493,-0.285930871963501,0.5397966504096985
4,1650641115.6827047,-47.15338897705078,4.413670063018799,1060.072021484375,-0.16108782589435577,0.3494183123111725,-0.9230154752731323,-0.8448309898376465,-0.532294750213623,-0.05406360328197479,-0.5102071166038513,0.7710831165313721,0.38094562292099
300,1650641115.7145176,35.92255783081055,102.09990692138672,1026.794677734375,-0.09710490703582764,0.8135276436805725,0.5733614563941956,-0.6030740737915039,-0.5063766241073608,0.61634761095047,0.7917526364326477,-0.2859290838241577,0.5397891402244568
4,1650641115.7145247,-47.3047981262207,4.0174102783203125,1060.52001953125,-0.16257892549037933,0.34692448377609253,-0.9236944913864136,-0.8459864854812622,-0.530811071395874,-0.05046234279870987,-0.5078138709068298,0.7732289433479309,0.37979212403297424
300,1650641115.7443688,35.91704177856445,102.10287475585938,1026.804443359375,-0.09711053967475891,0.8135555386543274,0.5733209848403931,-0.6030107140541077,-0.5063717365264893,0.6164135932922363,0.7918002605438232,-0.2858584225177765,0.5397567749023438
4,1650641115.7443764,-47.337547302246094,3.7332351207733154,1060.868408203125,-0.16315162181854248,0.3453327715396881,-0.9241898059844971,-0.847124457359314,-0.5292044281959534,-0.048195626586675644,-0.5057289004325867,0.7750406265258789,0.37888041138648987
300,1650641115.7748852,35.917991638183594,102.09612274169922,1026.7874755859375,-0.09715554118156433,0.8135742545127869,0.573286771774292,-0.6029880046844482,-0.5063772797584534,0.6164312958717346,0.791812002658844,-0.28579533100128174,0.5397728681564331
4,1650641115.7748926,-47.06634521484375,3.4840383529663086,1061.2462158203125,-0.16165411472320557,0.34378665685653687,-0.9250290393829346,-0.8486530184745789,-0.526814341545105,-0.04748336598277092,-0.5036426782608032,0.7773528099060059,0.37691730260849
