300,1650639721.357643,33.69195556640625,-69.20015716552734,1503.288330078125,-0.6409507989883423,0.7040565609931946,0.30575546622276306,-0.5128630995750427,-0.6891825199127197,0.5118582844734192,0.5710985064506531,0.17126530408859253,0.8028167486190796
4,1650639721.3576686,-145.7239990234375,-175.23924255371094,1549.97998046875,-0.007820610888302326,0.9558199048042297,0.29384878277778625,-0.9942829608917236,-0.03872676193714142,0.0995066687464714,0.10649026930332184,-0.29139062762260437,0.95065838098526
300,1650639721.387473,33.68415832519531,-69.20597076416016,1503.2890625,-0.6407959461212158,0.704180121421814,0.3057955205440521,-0.5127964615821838,-0.6890334486961365,0.5121256709098816,0.5713320970535278,0.171357199549675,0.8026309013366699
4,1650639721.3874974,-145.66644287109375,-175.2681121826172,1549.9383544921875,-0.008258255198597908,0.9561036825180054,0.29291215538978577,-0.9943047165870667,-0.0389765240252018,0.09919144213199615,0.10625400394201279,-0.29042479395866394,0.9509803056716919
300,1650639721.4196074,33.68376541137695,-69.22303771972656,1503.30029296875,-0.6408697366714478,0.7041428685188293,0.3057267665863037,-0.5128252506256104,-0.6890674233436584,0.5120511054992676,0.5712234973907471,0.171373650431633,0.8027046918869019
4,1650639721.4196332,-145.76097106933594,-175.31346130371094,1550.034912109375,-0.008790427818894386,0.956158459186554,0.2927178740501404,-0.9942418932914734,-0.03962127864360809,0.09956484287977219,0.10679762810468674,-0.29015716910362244,0.9510011076927185
300,1650639721.4851167,33.68516159057617,-69.2144546508789,1503.2987060546875,-0.6409119367599487,0.7038596272468567,0.3062898814678192,-0.5129941701889038,-0.6895703673362732,0.5112041234970093,0.5710244178771973,0.1705119013786316,0.8030297756195068
4,1650639721.4851422,-145.99746704101562,-175.39297485351562,1550.103759765625,-0.00939708761870861,0.9553685188293457,0.2952671945095062,-0.9942220449447632,-0.040502551943063736,0.09940849989652634,0.10693082958459854,-0.2926270067691803,0.9502290487289429
300,1650639721.5159733,33.685638427734375,-69.22216796875,1503.3111572265625,-0.6410079002380371,0.7039247155189514,0.3059392273426056,-0.5129880905151367,-0.6894118785858154,0.5114240050315857,0.5709221363067627,0.1708836406469345,0.8030234575271606
4,1650639721.5159996,-145.71908569335938,-175.77525329589844,1549.6624755859375,-0.013209199532866478,0.9544841647148132,0.29796886444091797,-0.9936496615409851,-0.04583095759153366,0.10276109725236893,0.11174003779888153,-0.29471927881240845,0.9490283131599426
300,1650639721.5482984,33.68003845214844,-69.22277069091797,1503.2874755859375,-0.6407526731491089,0.7040576338768005,0.3061681091785431,-0.5127875804901123,-0.6892574429512024,0.5118330717086792,0.5713886022567749,0.17095918953418732,0.8026755452156067
4,1650639721.5483212,-145.6431884765625,-175.9768524169922,1549.2882080078125,-0.01519014872610569,0.9530882239341736,0.3023112714290619,-0.9932515621185303,-0.04915124550461769,0.10505010932683945,0.11498099565505981,-0.29867541790008545,0.9474029541015625
300,1650639721.5753937,33.68437194824219,-69.21744537353516,1503.2896728515625,-0.6408084630966187,0.7040067315101624,0.3061683475971222,-0.5128332376480103,-0.6893282532691956,0.5116919279098511,0.5712850093841553,0.1708832085132599,0.802765429019928
4,1650639721.5754194,-145.6317596435547,-175.9486846923828,1549.2607421875,-0.014994594268500805,0.9530072808265686,0.3025761842727661,-0.9932478070259094,-0.04901258647441864,0.10515039414167404,0.11503912508487701,-0.29895642399787903,0.947307288646698
300,1650639721.6125052,33.68317794799805,-69.22345733642578,1503.3162841796875,-0.6408808827400208,0.704009473323822,0.306010365486145,-0.512920081615448,-0.6893134713172913,0.511624813079834,0.5711257457733154,0.17093171179294586,0.8028684258460999
4,1650639721.6125302,-145.5348663330078,-175.8243865966797,1549.380126953125,-0.014164447784423828,0.9542774558067322,0.29858651757240295,-0.9935080409049988,-0.04714201018214226,0.10353469848632812,0.11287679523229599,-0.29518160223960876,0.9487500786781311
300,1650639721.6380732,33.68141174316406,-69.22653198242188,1503.329833984375,-0.6409537196159363,0.7039669156074524,0.3059557378292084,-0.5129057168960571,-0.6893438100814819,0.5115982890129089,0.5710569620132446,0.17098434269428253,0.8029061555862427
4,1650639721.6380987,-145.3386688232422,-175.7677001953125,1549.150390625,-0.011949052102863789,0.9550048112869263,0.2963494658470154,-0.9934450387954712,-0.04503341019153595,0.10506649315357208,0.11368463188409805,-0.2931514382362366,0.9492828845977783
300,1650639721.6778824,33.68169403076172,-69.20388793945312,1503.3134765625,-0.6408811807632446,0.7039779424667358,0.30608224868774414,-0.5128936767578125,-0.689358115196228,0.5115911364555359,0.5711491703987122,0.1708814799785614,0.8028624653816223
4,1650639721.6779077,-144.9933624267578,-175.7290802001953,1548.8902587890625,-0.00974818505346775,0.9550136923789978,0.2964015305042267,-0.9937219023704529,-0.042289990931749344,0.10357751697301865,0.11145276576280594,-0.29353100061416626,0.9494302868843079
300,1650639721.703502,33.68305206298828,-69.20092010498047,1503.303955078125,-0.6408080458641052,0.703883171081543,0.306453138589859,-0.5130183100700378,-0.6895900368690491,0.5111533999443054,0.5711193084716797,0.17033512890338898,0.8029997944831848
4,1650639721.7035453,-144.77764892578125,-175.7239532470703,1548.8692626953125,-0.008520161733031273,0.954763650894165,0.297243595123291,-0.9938046336174011,-0.041026100516319275,0.10329189151525497,0.11081409454345703,-0.2945220172405243,0.9491980671882629
300,1650639721.743027,33.70235061645508,-69.17264556884766,1503.2894287109375,-0.6409985423088074,0.7042022943496704,0.30531948804855347,-0.5130070447921753,-0.6889575123786926,0.5120168924331665,0.5709156394004822,0.1715710461139679,0.8028814792633057
4,1650639721.7430527,-144.39846801757812,-175.702880859375,1548.8798828125,-0.006518601439893246,0.954668402671814,0.2975998818874359,-0.9939579963684082,-0.03879433125257492,0.10267647355794907,0.10956718027591705,-0.29513248801231384,0.9491532444953918
300,1650639721.772474,33.710662841796875,-69.15803527832031,1503.29248046875,-0.6409885883331299,0.7041242718696594,0.30552029609680176,-0.5130245685577393,-0.689098596572876,0.5118094086647034,0.5709110498428345,0.17132458090782166,0.802937388420105
4,1650639721.772498,-144.2533721923828,-175.6649932861328,1548.84033203125,-0.004666776396334171,0.9542416930198669,0.29899999499320984,-0.9938766956329346,-0.03743521496653557,0.10396000742912292,0.11039610207080841,-0.2966839671134949,0.9485732913017273
300,1650639721.8082259,33.713836669921875,-69.1389389038086,1503.3026123046875,-0.6409881114959717,0.7040432095527649,0.30570805072784424,-0.5131193399429321,-0.6892629861831665,0.5114930272102356,0.5708264112472534,0.17099623382091522,0.8030675053596497
4,1650639721.8082514,-144.23716735839844,-175.58050537109375,1548.7440185546875,-0.0038768562953919172,0.9537816047668457,0.30047568678855896,-0.9940809607505798,-0.036299802362918854,0.10239821672439575,0.10857273638248444,-0.298300176858902,0.9482768177986145
300,1650639721.835232,33.714786529541016,-69.1207504272461,1503.3145751953125,-0.6409180164337158,0.7039466500282288,0.30607718229293823,-0.5131990909576416,-0.6894832849502563,0.5111159682273865,0.5708334445953369,0.1705048829317093,0.8031669855117798
4,1650639721.8352568,-144.24449157714844,-175.50563049316406,1548.6453857421875,-0.003659938694909215,0.9536005854606628,0.3010523319244385,-0.9941276907920837,-0.036029357463121414,0.10203929990530014,0.10815145820379257,-0.2989110052585602,0.9481326341629028
300,1650639721.8626633,33.7175407409668,-69.1150131225586,1503.29833984375,-0.6409547924995422,0.7041042447090149,0.30563732981681824,-0.513119637966156,-0.6891776323318481,0.5116077065467834,0.5708635449409485,0.17108887434005737,0.8030214309692383
4,1650639721.8626864,-144.3087615966797,-175.448486328125,1548.583740234375,-0.003293721005320549,0.9529821872711182,0.30300843715667725,-0.9941874146461487,-0.0357285737991333,0.10156191885471344,0.10761275142431259,-0.30091264843940735,0.9475606083869934
300,1650639721.8942862,33.731903076171875,-69.09476470947266,1503.275634765625,-0.6410276293754578,0.7042679190635681,0.3051069974899292,-0.5131174921989441,-0.6888660192489624,0.5120293498039246,0.5707836747169495,0.17166921496391296,0.802954375743866
4,1650639721.8943129,-144.28628540039062,-175.38697814941406,1548.548828125,-0.003020279575139284,0.9529888033866882,0.30299052596092224,-0.9942427277565002,-0.03531501814723015,0.10116463154554367,0.10710887610912323,-0.3009405732154846,0.9476088285446167
300,1650639721.91991,33.738189697265625,-69.07862854003906,1503.2857666015625,-0.6410532593727112,0.7040972113609314,0.3054470121860504,-0.5133129358291626,-0.6891979575157166,0.5113863945007324,0.5705791711807251,0.1710360199213028,0.8032347559928894
4,1650639721.9199352,-144.1905517578125,-175.37472534179688,1548.5684814453125,-0.0024036706890910864,0.9534767866134644,0.30145689845085144,-0.9940503239631653,-0.03510555624961853,0.10310914367437363,0.10889498889446259,-0.2994154989719391,0.9478883147239685
300,1650639721.9629927,33.730587005615234,-69.05570220947266,1503.2789306640625,-0.6407376527786255,0.7040560245513916,0.30620327591896057,-0.5132555365562439,-0.689407467842102,0.5111615061759949,0.5709851384162903,0.17035987973213196,0.80308997631073
4,1650639721.9630175,-143.80517578125,-175.33718872070312,1548.600830078125,-0.0012350502656772733,0.9547299742698669,0.2974713146686554,-0.9941294193267822,-0.033355820924043655,0.10292758047580719,0.10819043964147568,-0.2955978512763977,0.9491663575172424
300,1650639721.9908838,33.741947174072266,-69.04095458984375,1503.285400390625,-0.6409284472465515,0.7041413187980652,0.30560725927352905,-0.5133107304573059,-0.6891860961914062,0.5114045739173889,0.5707213282585144,0.17090223729610443,0.8031622171401978
4,1650639721.9909084,-143.8069305419922,-175.28932189941406,1548.6351318359375,0.0001041076029650867,0.9540072679519653,0.2997834384441376,-0.9941127300262451,-0.03238297253847122,0.10339825600385666,0.10835056751966476,-0.2980293035507202,0.9483873844146729
300,1650639722.0264206,33.76091384887695,-69.00210571289062,1503.289794921875,-0.6410596370697021,0.7039106488227844,0.30586329102516174,-0.5135364532470703,-0.6895735263824463,0.5106551647186279,0.5703708529472351,0.17028844356536865,0.8035414814949036
4,1650639722.0264456,-143.78053283691406,-175.1750946044922,1548.58544921875,0.0005346665275283158,0.9538419246673584,0.3003086745738983,-0.99425208568573,-0.03164497762918472,0.10228109359741211,0.10706325620412827,-0.2986372113227844,0.9483423829078674
300,1650639722.053039,33.76676940917969,-69.00537872314453,1503.28271484375,-0.641148567199707,0.7041693329811096,0.30508047342300415,-0.5134274363517761,-0.689063549041748,0.5114524960517883,0.5703690052032471,0.17128033936023712,0.8033319711685181
4,1650639722.0530648,-143.8663330078125,-175.0809783935547,1548.40869140625,0.0005634595290757716,0.9536099433898926,0.30104443430900574,-0.9942956566810608,-0.03157443925738335,0.10187846422195435,0.10665763169527054,-0.29938456416130066,0.9481524229049683
300,1650639722.0914555,33.77220153808594,-68.98518371582031,1503.239501953125,-0.6409988403320312,0.7041746973991394,0.30538246035575867,-0.5133416652679443,-0.6891040802001953,0.5114840269088745,0.5706143975257874,0.1710951179265976,0.8031971454620361
4,1650639722.091481,-144.2713165283203,-174.9004669189453,1548.238037109375,-0.00015797661035321653,0.9520977139472961,0.30579397082328796,-0.9945827722549438,-0.03193603456020355,0.09891989827156067,0.10394725203514099,-0.30412179231643677,0.9469450116157532
300,1650639722.123905,33.770442962646484,-68.96902465820312,1503.2510986328125,-0.64106285572052,0.7041144967079163,0.305387020111084,-0.5134359002113342,-0.6892010569572449,0.5112587213516235,0.5704577565193176,0.17095230519771576,0.8033388257026672
4,1650639722.1239312,-144.56385803222656,-174.76780700683594,1548.0966796875,-0.0006203023949638009,0.9510307908058167,0.3090955913066864,-0.9946426153182983,-0.03253854066133499,0.09811907261610031,0.10337177664041519,-0.30737876892089844,0.9459558725357056
300,1650639722.1771495,33.782325744628906,-68.9352798461914,1503.255859375,-0.6410276293754578,0.7043549418449402,0.30490610003471375,-0.5134682059288025,-0.6888254284858704,0.511732280254364,0.5704682469367981,0.17147494852542877,0.8032199740409851
4,1650639722.177175,-144.77032470703125,-174.5889892578125,1547.9793701171875,-0.0006059185252524912,0.9498883485794067,0.31258881092071533,-0.9948396682739258,-0.03228715807199478,0.09618515521287918,0.10145775973796844,-0.310917466878891,0.9450061321258545
300,1650639722.2041028,33.79732131958008,-68.89668273925781,1503.278076171875,-0.6411685347557068,0.7040749192237854,0.3052562475204468,-0.513796329498291,-0.6893222332000732,0.5107330083847046,0.5700141787528992,0.17062638700008392,0.8037228584289551
4,1650639722.2041283,-144.82737731933594,-174.50181579589844,1547.94091796875,-0.0007017413736321032,0.9497437477111816,0.31302765011787415,-0.9948992133140564,-0.032238688319921494,0.09558367729187012,0.10087160021066666,-0.3113638758659363,0.9449219107627869
300,1650639722.2408888,33.80451202392578,-68.86400604248047,1503.296630859375,-0.6412116289138794,0.7039092183113098,0.3055478036403656,-0.5138485431671143,-0.6895933151245117,0.5103142857551575,0.5699186325073242,0.17021417617797852,0.8038780093193054
4,1650639722.2409136,-145.03097534179688,-174.3926239013672,1547.9754638671875,-0.0008752042194828391,0.9491093754768372,0.3149454891681671,-0.9948792457580566,-0.03265700116753578,0.09564939141273499,0.10106690227985382,-0.31324902176856995,0.9442777633666992
300,1650639722.2702236,33.810333251953125,-68.8473892211914,1503.2979736328125,-0.6410906314849854,0.7041856646537781,0.3051644265651703,-0.5137179493904114,-0.6891524195671082,0.5110409259796143,0.5701724886894226,0.17085511982440948,0.8035619854927063
4,1650639722.2702498,-145.2328338623047,-174.28353881835938,1547.9781494140625,-0.001818355405703187,0.949183464050293,0.31471797823905945,-0.9948615431785583,-0.033575624227523804,0.0955154076218605,0.1012284979224205,-0.31292712688446045,0.9443671703338623
300,1650639722.2959335,33.80937576293945,-68.85399627685547,1503.3023681640625,-0.6412202715873718,0.7041982412338257,0.30486294627189636,-0.5137457847595215,-0.6890745759010315,0.5111178755760193,0.5700016021728516,0.17111706733703613,0.8036274909973145
4,1650639722.2959585,-145.50721740722656,-174.23077392578125,1548.0135498046875,-0.003301218617707491,0.9489463567733765,0.3154202103614807,-0.9950181841850281,-0.034545499831438065,0.09351668506860733,0.0996386706829071,-0.31354013085365295,0.9443329572677612
300,1650639722.3296049,33.81723403930664,-68.83645629882812,1503.253173828125,-0.6411042213439941,0.7042001485824585,0.30510249733924866,-0.5136831998825073,-0.6891109943389893,0.5111317038536072,0.5701885223388672,0.17096267640590668,0.8035277724266052
4,1650639722.3296335,-146.0438995361328,-174.1306915283203,1548.0728759765625,-0.0060575492680072784,0.948768138885498,0.31591498851776123,-0.9948179125785828,-0.0377817377448082,0.094392329454422,0.1014922559261322,-0.31370609998703003,0.9440804123878479
300,1650639722.3785326,33.829586029052734,-68.81970977783203,1503.2269287109375,-0.641213059425354,0.7045618891716003,0.3040367364883423,-0.5136157274246216,-0.6884279251098633,0.5121189951896667,0.5701268911361694,0.17221935093402863,0.803303062915802
4,1650639722.3785577,-147.0364227294922,-173.9940948486328,1548.4146728515625,-0.010867401957511902,0.9474248290061951,0.3197937607765198,-0.9946842193603516,-0.04299238696694374,0.0935678705573082,0.10239722579717636,-0.3170769512653351,0.9428557753562927
300,1650639722.4083776,33.829566955566406,-68.81558990478516,1503.212158203125,-0.6412462592124939,0.7044470906257629,0.30423271656036377,-0.5137144327163696,-0.6886341571807861,0.5117425918579102,0.5700006484985352,0.17186427116394043,0.8034687042236328
4,1650639722.4084022,-147.49427795410156,-174.01565551757812,1548.6883544921875,-0.013148907572031021,0.9472679495811462,0.3201727569103241,-0.9944086670875549,-0.04594101384282112,0.09508323669433594,0.10477836430072784,-0.3171323239803314,0.9425755143165588
300,1650639722.4460104,33.824989318847656,-68.81521606445312,1503.201171875,-0.641200065612793,0.7043587565422058,0.30453452467918396,-0.5137090682983398,-0.6888043880462646,0.5115188360214233,0.5700574517250061,0.17154374718666077,0.8034968972206116
4,1650639722.4460344,-147.60813903808594,-174.10650634765625,1549.104248046875,-0.015095943585038185,0.9482254981994629,0.31723883748054504,-0.9941004514694214,-0.04831474646925926,0.09710787981748581,0.10740748792886734,-0.3139013648033142,0.9433608055114746
300,1650639722.4742484,33.827945709228516,-68.82457733154297,1503.2171630859375,-0.6413010954856873,0.7042548656463623,0.3045618534088135,-0.5137646198272705,-0.6889444589614868,0.5112743377685547,0.5698936581611633,0.17140769958496094,0.8036420941352844
4,1650639722.4742732,-147.4072265625,-174.22479248046875,1549.31640625,-0.014702416956424713,0.9488523006439209,0.315377801656723,-0.9939374327659607,-0.04823968559503555,0.09879913926124573,0.10895951837301254,-0.3120132088661194,0.9438090920448303
300,1650639722.5095098,33.820030212402344,-68.83625793457031,1503.2247314453125,-0.6411768794059753,0.7042413949966431,0.30485454201698303,-0.5137103796005249,-0.6890134215354919,0.5112358331680298,0.5700823664665222,0.17118564248085022,0.8035556077957153
4,1650639722.509536,-146.92698669433594,-174.41891479492188,1549.522705078125,-0.013498841784894466,0.9509130120277405,0.30916374921798706,-0.9935976266860962,-0.047440849244594574,0.10253369808197021,0.11216761916875839,-0.30580025911331177,0.9454652667045593
300,1650639722.5364118,33.8131217956543,-68.83890533447266,1503.246826171875,-0.6411126852035522,0.7042731046676636,0.30491626262664795,-0.5136783719062805,-0.6889829635620117,0.5113091468811035,0.5701833963394165,0.17117789387702942,0.8034855723381042
4,1650639722.5364373,-146.70884704589844,-174.55108642578125,1549.841552734375,-0.012338491156697273,0.9510277509689331,0.30885910987854004,-0.9933762550354004,-0.04694853350520134,0.10487822443246841,0.11424258351325989,-0.3055192828178406,0.9453076720237732
300,1650639722.5764692,33.805877685546875,-68.84908294677734,1503.243896484375,-0.6410025954246521,0.7040284872055054,0.305711567401886,-0.5137190818786621,-0.6894597411155701,0.5106251239776611,0.5702704191207886,0.1702621579170227,0.803618311882019
4,1650639722.576498,-146.7924346923828,-174.75112915039062,1550.46044921875,-0.011582516133785248,0.9499921798706055,0.31205883622169495,-0.9930087924003601,-0.04759062081575394,0.10802186280488968,0.11747099459171295,-0.3086259961128235,0.943901777267456
300,1650639722.6051328,33.800689697265625,-68.86861419677734,1503.2362060546875,-0.6410931348800659,0.7040802836418152,0.3054022490978241,-0.5136738419532776,-0.6893143057823181,0.5108668804168701,0.5702094435691833,0.17063608765602112,0.8035823106765747
4,1650639722.6051593,-147.07054138183594,-174.90538024902344,1551.061767578125,-0.011438515037298203,0.9483038783073425,0.317157506942749,-0.9926303029060364,-0.04903583973646164,0.11081768572330475,0.12064092606306076,-0.3135525584220886,0.9418761134147644
300,1650639722.6454616,33.79286193847656,-68.88514709472656,1503.2420654296875,-0.6410632133483887,0.7041022181510925,0.30541443824768066,-0.5136818885803223,-0.6892949938774109,0.5108848214149475,0.5702357888221741,0.1706235706806183,0.8035662770271301
4,1650639722.6454885,-147.44549560546875,-175.1087646484375,1551.922607421875,-0.010149619542062283,0.9446411728858948,0.32794827222824097,-0.9922941327095032,-0.05001679062843323,0.11336090415716171,0.12348829954862595,-0.3242705762386322,0.9378695487976074
300,1650639722.6751754,33.80421829223633,-68.87754821777344,1503.248779296875,-0.641234815120697,0.7041769027709961,0.30488166213035583,-0.5136886239051819,-0.689085841178894,0.511160135269165,0.5700368285179138,0.17115944623947144,0.8035934567451477
4,1650639722.675202,-147.84999084472656,-175.24752807617188,1552.712158203125,-0.010271098464727402,0.9419106841087341,0.33570632338523865,-0.9918935894966125,-0.05212051793932915,0.11589009314775467,0.12665531039237976,-0.3317946493625641,0.9348105192184448
300,1650639722.71575,33.78424835205078,-68.93002319335938,1503.2926025390625,-0.6412904262542725,0.7040084004402161,0.3051537871360779,-0.513677179813385,-0.6893368363380432,0.5108331441879272,0.5699845552444458,0.17084185779094696,0.8036981225013733
4,1650639722.7157767,-147.44264221191406,-175.8356170654297,1554.2919921875,-0.013972128741443157,0.9470217823982239,0.3208652436733246,-0.9900339841842651,-0.058075450360774994,0.12829633057117462,0.1401338130235672,-0.31587493419647217,0.9383952021598816
300,1650639722.777983,33.8026123046875,-68.88956451416016,1503.256103515625,-0.6412644386291504,0.704338550567627,0.3044455945491791,-0.5135143399238586,-0.6887471079826355,0.511791467666626,0.570160448551178,0.17185649275779724,0.803356945514679
4,1650639722.7780092,-147.56101989746094,-176.46823120117188,1557.5167236328125,-0.019069716334342957,0.9494351148605347,0.31338369846343994,-0.9865022301673889,-0.06885279715061188,0.14856848120689392,0.16263347864151,-0.30632057785987854,0.9379328489303589
300,1650639722.817339,33.79450225830078,-68.92166900634766,1503.258544921875,-0.641254723072052,0.7040016651153564,0.30524423718452454,-0.5136991143226624,-0.6893725395202637,0.5107628703117371,0.5700048804283142,0.17072539031505585,0.8037084341049194
4,1650639722.817377,-147.88214111328125,-176.6514434814453,1557.8472900390625,-0.019332995638251305,0.9473033547401428,0.3197539746761322,-0.9863404035568237,-0.07039613276720047,0.14891941845417023,0.16358131170272827,-0.3125072121620178,0.9357245564460754
300,1650639722.8542838,33.802433013916016,-68.89069366455078,1503.2738037109375,-0.6412925124168396,0.7039853930473328,0.30520233511924744,-0.5137977600097656,-0.6894103288650513,0.5106126070022583,0.5698734521865845,0.1706397831439972,0.8038198351860046
4,1650639722.8543067,-149.19378662109375,-176.5084228515625,1558.28125,-0.020439989864826202,0.9411575198173523,0.3373495042324066,-0.9863782525062561,-0.07406771928071976,0.14687389135360718,0.1632181704044342,-0.329752117395401,0.9298512935638428
300,1650639722.888874,33.79386901855469,-68.897705078125,1503.2447509765625,-0.6412702798843384,0.7041186094284058,0.30494171380996704,-0.513667643070221,-0.6891595125198364,0.5110819339752197,0.5700157880783081,0.17110294103622437,0.803620457649231
4,1650639722.8889031,-150.02920532226562,-176.3677215576172,1558.265380859375,-0.02048834227025509,0.9364662170410156,0.35015881061553955,-0.9868538975715637,-0.07510022819042206,0.14310601353645325,0.16031095385551453,-0.34262359142303467,0.9256940484046936
300,1650639722.9156327,33.795066833496094,-68.89286041259766,1503.24072265625,-0.6413248777389526,0.7042524218559265,0.30451759696006775,-0.5136616826057434,-0.688905656337738,0.511430025100708,0.5699597001075745,0.17157375812530518,0.8035598397254944
4,1650639722.9156585,-150.2362060546875,-176.2042694091797,1557.810791015625,-0.018111107870936394,0.9332649111747742,0.3587318956851959,-0.9875584244728088,-0.07275211811065674,0.13941113650798798,0.15620604157447815,-0.35174381732940674,0.922971248626709
300,1650639722.9428303,33.805816650390625,-68.8542251586914,1503.2398681640625,-0.6413173079490662,0.7040940523147583,0.3048993945121765,-0.5138098001480103,-0.6892195343971252,0.5108579993247986,0.5698347091674805,0.17096178233623505,0.803778886795044
4,1650639722.9428551,-150.0362091064453,-175.99034118652344,1557.0467529296875,-0.015060125850141048,0.9317471385002136,0.3627953827381134,-0.988573431968689,-0.06830155849456787,0.13437806069850922,0.14998584985733032,-0.35662612318992615,0.9221290946006775
300,1650639722.9784513,33.80849838256836,-68.85826873779297,1503.2359619140625,-0.6413325667381287,0.7040541768074036,0.30495941638946533,-0.5138471126556396,-0.689289927482605,0.5107254981994629,0.5697838664054871,0.17084236443042755,0.8038402795791626
4,1650639722.978476,-149.02793884277344,-175.76263427734375,1555.5201416015625,-0.010827260091900826,0.9347853064537048,0.35504814982414246,-0.9899895191192627,-0.059991028159856796,0.12775692343711853,0.1407250016927719,-0.3501106798648834,0.9260771870613098
300,1650639723.0053518,33.81596755981445,-68.8372573852539,1503.2281494140625,-0.641321063041687,0.7042238116264343,0.30459171533584595,-0.5137768387794495,-0.6889902353286743,0.5112003684043884,0.5698601603507996,0.1713513731956482,0.8036778569221497
4,1650639723.0053775,-148.43447875976562,-175.52874755859375,1554.5079345703125,-0.006453395821154118,0.9349759221076965,0.3546524941921234,-0.990892767906189,-0.05368127301335335,0.123490110039711,0.1344984769821167,-0.3506256639957428,0.9268073439598083
300,1650639723.0318878,33.83781051635742,-68.79118347167969,1503.227783203125,-0.6414192914962769,0.7041454315185547,0.30456605553627014,-0.5139471888542175,-0.6891233921051025,0.5108494758605957,0.5695959329605103,0.17113785445690155,0.8039106130599976
4,1650639723.0319118,-147.58932495117188,-175.32107543945312,1553.6080322265625,-0.0017528777243569493,0.9363619089126587,0.35103172063827515,-0.9916132092475891,-0.04699130728840828,0.12039565294981003,0.129229336977005,-0.3478766679763794,0.9285911917686462
300,1650639723.0654309,33.826377868652344,-68.80766296386719,1503.21728515625,-0.6412113308906555,0.7042204141616821,0.30483055114746094,-0.5138152241706848,-0.689062774181366,0.5110639929771423,0.5699490904808044,0.17107345163822174,0.8036739826202393
4,1650639723.0654552,-146.5552978515625,-175.1918487548828,1552.664794921875,0.0034871860407292843,0.9382347464561462,0.34598174691200256,-0.9922308921813965,-0.03978076949715614,0.11787845194339752,0.1243610829114914,-0.34370484948158264,0.9308068156242371
300,1650639723.0945096,33.83940505981445,-68.77993774414062,1503.207763671875,-0.6412799954414368,0.7043503522872925,0.30438554286956787,-0.5138450860977173,-0.6888189911842346,0.5113624930381775,0.5698449015617371,0.17151948809623718,0.803652822971344
4,1650639723.0945358,-146.4466552734375,-175.00390625,1552.287841796875,0.006616877857595682,0.9354661703109741,0.3533543646335602,-0.9928056001663208,-0.036101359874010086,0.11416549235582352,0.11955452710390091,-0.3515675961971283,0.9284971356391907
300,1650639723.1336577,33.85342788696289,-68.76008605957031,1503.1978759765625,-0.641288161277771,0.7043456435203552,0.30437925457954407,-0.5138638019561768,-0.6888284087181091,0.5113310217857361,0.5698188543319702,0.1715010553598404,0.8036752343177795
4,1650639723.133683,-146.6623077392578,-174.8206329345703,1552.015869140625,0.009108198806643486,0.9319238662719727,0.3625395596027374,-0.9930707812309265,-0.034050244837999344,0.1124768927693367,0.11716446280479431,-0.36105188727378845,0.9251562356948853
300,1650639723.1617792,33.859161376953125,-68.75469970703125,1503.18603515625,-0.6413502097129822,0.7042380571365356,0.30449745059013367,-0.5138686299324036,-0.6889792084693909,0.5111229419708252,0.5697446465492249,0.1713370829820633,0.8037627935409546
4,1650639723.1618145,-146.8185272216797,-174.77166748046875,1551.956787109375,0.010648373514413834,0.9292677044868469,0.3692535161972046,-0.9932222962379456,-0.032913465052843094,0.11147251725196838,0.11574122309684753,-0.3679378628730774,0.9226189255714417
300,1650639723.2002494,33.867942810058594,-68.73033142089844,1503.21337890625,-0.6414126753807068,0.7042015194892883,0.3044503927230835,-0.5140805840492249,-0.6890727281570435,0.5107836127281189,0.5694830417633057,0.171111062169075,0.8039963245391846
4,1650639723.2002752,-147.09742736816406,-174.67514038085938,1552.008544921875,0.012090399861335754,0.9259073138237,0.37755724787712097,-0.9933019876480103,-0.0322713777422905,0.1109493225812912,0.11491308361291885,-0.37636977434158325,0.9193153977394104
300,1650639723.228608,33.868751525878906,-68.72695922851562,1503.2017822265625,-0.6413608193397522,0.7043139338493347,0.30429938435554504,-0.5139287710189819,-0.6888644695281982,0.5112171173095703,0.5696784257888794,0.17148643732070923,0.8037779331207275
4,1650639723.2286458,-147.959228515625,-174.52847290039062,1552.1588134765625,0.012254681438207626,0.9200248122215271,0.3916684091091156,-0.9935600161552429,-0.03292137384414673,0.10841886699199677,0.1126423105597496,-0.39047470688819885,0.9136964678764343
300,1650639723.2614176,33.873451232910156,-68.70836639404297,1503.2012939453125,-0.6413781642913818,0.7041836977005005,0.3045641779899597,-0.5140690803527832,-0.6891165375709534,0.5107361674308777,0.5695322751998901,0.17100799083709717,0.8039833903312683
4,1650639723.2614436,-148.7469024658203,-174.32730102539062,1552.138671875,0.010870157741010189,0.9157942533493042,0.4015005826950073,-0.9939352869987488,-0.03404492139816284,0.10456367582082748,0.10942786931991577,-0.400202214717865,0.9098701477050781
300,1650639723.2916303,33.872642517089844,-68.71875,1503.1910400390625,-0.6413281559944153,0.7041909098625183,0.3046528995037079,-0.5139369368553162,-0.6890899538993835,0.5109049081802368,0.5697078704833984,0.17108532786369324,0.8038424849510193
4,1650639723.291655,-149.8412628173828,-174.12562561035156,1552.2413330078125,0.010324487462639809,0.9085401892662048,0.4176699221134186,-0.9942911863327026,-0.03503357619047165,0.10078522562980652,0.10619989782571793,-0.4163260757923126,0.902991771697998
300,1650639723.327137,33.8895263671875,-68.69969177246094,1503.166748046875,-0.6415384411811829,0.7044375538825989,0.3036382496356964,-0.5139620900154114,-0.6885764598846436,0.5115715265274048,0.5694483518600464,0.17213422060012817,0.803802490234375
4,1650639723.327163,-150.9147186279297,-173.84060668945312,1552.0577392578125,0.009138679131865501,0.9020950198173523,0.4314406216144562,-0.9945446252822876,-0.0366353765130043,0.09766677767038345,0.10391070693731308,-0.42997950315475464,0.8968390226364136
300,1650639723.3553045,33.895572662353516,-68.6740493774414,1503.1790771484375,-0.6415693163871765,0.7041935920715332,0.30413851141929626,-0.5141729712486267,-0.6890347599983215,0.5107418894767761,0.569223165512085,0.17129650712013245,0.8041408658027649
4,1650639723.355329,-151.21334838867188,-173.66603088378906,1551.8834228515625,0.00728415185585618,0.902996301651001,0.4295864999294281,-0.9947056174278259,-0.0374949686229229,0.0956813246011734,0.10250721871852875,-0.4280090630054474,0.8979423642158508
300,1650639723.3922179,33.8904914855957,-68.68498992919922,1503.1822509765625,-0.6415410041809082,0.7043582797050476,0.3038167655467987,-0.5141034722328186,-0.6887513399124146,0.5111938714981079,0.5693178772926331,0.17175859212875366,0.8039752244949341
4,1650639723.3922436,-152.03182983398438,-173.43858337402344,1551.759521484375,0.0034400210715830326,0.9011368751525879,0.43352100253105164,-0.9949584007263184,-0.0403677262365818,0.09180529415607452,0.10022939741611481,-0.43165117502212524,0.8964548707008362
300,1650639723.4182968,33.908485412597656,-68.65022277832031,1503.2003173828125,-0.6416827440261841,0.7041654586791992,0.30396419763565063,-0.514326274394989,-0.6890707612037659,0.5105389356613159,0.568956732749939,0.17126727104187012,0.8043355941772461
4,1650639723.4183214,-152.85792541503906,-173.1826171875,1551.7701416015625,-0.0005019658710807562,0.899804413318634,0.4362931549549103,-0.9949994087219238,-0.04402631148695946,0.08965443074703217,0.09987983107566833,-0.43406641483306885,0.8953269720077515
300,1650639723.4591177,33.90973663330078,-68.64806365966797,1503.162109375,-0.6414420008659363,0.7042801976203918,0.3042064607143402,-0.5141681432723999,-0.6889521479606628,0.5108581781387329,0.5693709850311279,0.1712726205587387,0.8040412664413452
4,1650639723.459141,-153.56600952148438,-172.9096221923828,1551.8179931640625,-0.006503229029476643,0.9027500748634338,0.4301162362098694,-0.994967520236969,-0.04884909838438034,0.08748338371515274,0.09998642653226852,-0.42738276720046997,0.8985247015953064
300,1650639723.4870248,33.92594909667969,-68.63506317138672,1503.1654052734375,-0.6417377591133118,0.7042919397354126,0.30355480313301086,-0.5142907500267029,-0.6888195276260376,0.5109135508537292,0.5689267516136169,0.17175710201263428,0.8042523264884949
4,1650639723.4870625,-153.50564575195312,-172.7531280517578,1551.79541015625,-0.008397581987082958,0.9063006043434143,0.4225502014160156,-0.9947842359542847,-0.050529155880212784,0.0886068046092987,0.101655513048172,-0.4196021854877472,0.9019978642463684
300,1650639723.5230885,33.94288635253906,-68.5902099609375,1503.1455078125,-0.6416759490966797,0.7042946815490723,0.30367913842201233,-0.5143791437149048,-0.6888729929924011,0.5107524394989014,0.5689165592193604,0.1715313345193863,0.804307758808136
4,1650639723.523115,-152.41793823242188,-172.6396484375,1551.31201171875,-0.010019471868872643,0.9169871807098389,0.39879077672958374,-0.994503378868103,-0.05070582777261734,0.09160742908716202,0.10422385483980179,-0.39568090438842773,0.9124549627304077
300,1650639723.5492382,33.946590423583984,-68.58798217773438,1503.13134765625,-0.6417545676231384,0.7043496370315552,0.30338531732559204,-0.5144007802009583,-0.6887470483779907,0.5109004974365234,0.568808376789093,0.1718110889196396,0.8043245673179626
4,1650639723.5492618,-151.7020263671875,-172.60128784179688,1550.8773193359375,-0.010628582909703255,0.923919141292572,0.38244006037712097,-0.9943881034851074,-0.05002543330192566,0.09321857988834381,0.10525816679000854,-0.37930306792259216,0.9192659258842468
300,1650639723.5877433,33.96653747558594,-68.55542755126953,1503.13232421875,-0.6418196558952332,0.7044109106063843,0.3031051456928253,-0.5144594311714172,-0.6886283755302429,0.511001467704773,0.5686818361282349,0.17203548550605774,0.8043660521507263
4,1650639723.587772,-149.744384765625,-172.4595489501953,1549.7938232421875,-0.010498310439288616,0.9362853765487671,0.35108327865600586,-0.9946356415748596,-0.045910365879535675,0.09269370883703232,0.10290612280368805,-0.3482268452644348,0.9317448139190674
300,1650639723.614024,34.00164031982422,-68.51952362060547,1503.113525390625,-0.6419962048530579,0.70451420545578,0.3024906516075134,-0.5145576596260071,-0.6883935332298279,0.5112189650535583,0.5683935880661011,0.17255175113677979,0.8044592142105103
4,1650639723.614049,-147.37603759765625,-172.35362243652344,1548.650146484375,-0.008394935168325901,0.9489257335662842,0.3153877556324005,-0.9946941137313843,-0.04026462137699127,0.09466996043920517,0.1025337353348732,-0.31291958689689636,0.9442288875579834
300,1650639723.6516972,34.03279495239258,-68.5010757446289,1503.1024169921875,-0.6420000791549683,0.7046483159065247,0.30216988921165466,-0.5145524740219116,-0.6881631016731262,0.5115342736244202,0.5683939456939697,0.17292273044586182,0.8043792843818665
4,1650639723.6517227,-144.80067443847656,-172.04840087890625,1547.11181640625,-0.004924955312162638,0.9595953822135925,0.28134047985076904,-0.9950807690620422,-0.03254055604338646,0.0935700312256813,0.09894434362649918,-0.2794956564903259,0.9550351500511169
300,1650639723.6811862,34.07370376586914,-68.4526596069336,1503.0926513671875,-0.6421343088150024,0.7046481966972351,0.30188482999801636,-0.5148190259933472,-0.6881752610206604,0.5112496018409729,0.5680007934570312,0.1728748381137848,0.8046672940254211
4,1650639723.6812122,-143.3472137451172,-171.7337188720703,1545.9072265625,-0.0027087077032774687,0.9656949043273926,0.25966522097587585,-0.9952887892723083,-0.02776961773633957,0.09289281070232391,0.09691691398620605,-0.2581902742385864,0.9612205028533936
300,1650639723.717108,34.10803985595703,-68.43389129638672,1503.0968017578125,-0.6423564553260803,0.7046725749969482,0.30135488510131836,-0.5150045156478882,-0.6880757212638855,0.5111967921257019,0.5675813555717468,0.17317143082618713,0.8048993945121765
4,1650639723.7171335,-140.36956787109375,-171.477294921875,1544.5753173828125,0.0003347453020978719,0.9759977459907532,0.21778042614459991,-0.9954931735992432,-0.02032744511961937,0.09262897074222565,0.09483258426189423,-0.21682992577552795,0.9715923070907593
300,1650639723.7431872,34.13905715942383,-68.39109802246094,1503.0831298828125,-0.6423177123069763,0.704659640789032,0.301467627286911,-0.5152705907821655,-0.6881987452507019,0.5107628703117371,0.5673835873603821,0.1727346032857895,0.8051326274871826
4,1650639723.7432115,-138.49203491210938,-171.2849578857422,1543.8511962890625,0.0017906486755236983,0.9818066954612732,0.1898745596408844,-0.9955407977104187,-0.016157805919647217,0.09293770790100098,0.0943148285150528,-0.18919429183006287,0.9773997068405151
300,1650639723.7822764,34.203636169433594,-68.3197021484375,1503.06884765625,-0.6423928737640381,0.704719603061676,0.30116716027259827,-0.5154443383216858,-0.6881112456321716,0.5107054114341736,0.5671406388282776,0.17283859848976135,0.8052815198898315
4,1650639723.7823017,-135.62059020996094,-171.04043579101562,1543.3359375,0.0003118865715805441,0.9901427030563354,0.14006175100803375,-0.99528568983078,-0.013276701793074608,0.09607367217540741,0.09698620438575745,-0.1394314169883728,0.985470712184906
300,1650639723.8117762,34.197265625,-68.36803436279297,1503.0528564453125,-0.6424248814582825,0.7047200798988342,0.3010978698730469,-0.5153717994689941,-0.6880717873573303,0.5108317732810974,0.5671703219413757,0.17299365997314453,0.8052272796630859
4,1650639723.8118017,-133.7653045654297,-171.03721618652344,1542.8902587890625,-0.002176720881834626,0.9944035410881042,0.10562590509653091,-0.9953737258911133,-0.012300411239266396,0.09528838098049164,0.09605434536933899,-0.1049298346042633,0.989829957485199
300,1650639723.8498442,34.27431106567383,-68.24899291992188,1503.0330810546875,-0.6427955627441406,0.704955518245697,0.29975253343582153,-0.515628457069397,-0.687556803226471,0.5112659931182861,0.5665166974067688,0.174078568816185,0.8054535984992981
4,1650639723.8498795,-131.01522827148438,-170.80482482910156,1542.868896484375,-0.004386015236377716,0.9983901381492615,0.056549761444330215,-0.9952678084373474,-0.009847739711403847,0.09666931629180908,0.09707058221101761,-0.05585816502571106,0.9937087893486023
300,1650639723.8778362,34.255409240722656,-68.29505920410156,1503.03759765625,-0.642716646194458,0.704587996006012,0.3007841110229492,-0.5156887173652649,-0.6882416009902954,0.5102829337120056,0.5665513277053833,0.1728563904762268,0.8056923747062683
4,1650639723.8778617,-128.531982421875,-170.9764862060547,1543.1707763671875,-0.003632389474660158,0.9997819662094116,0.020563416182994843,-0.9950591325759888,-0.005653983447700739,0.09912305325269699,0.09921770542860031,-0.02010175958275795,0.9948626756668091
300,1650639723.9130118,34.271697998046875,-68.2767562866211,1503.042724609375,-0.6428815722465515,0.7049134373664856,0.2996671497821808,-0.5156697034835815,-0.6875962018966675,0.5111714005470276,0.566381573677063,0.17409338057041168,0.8055453896522522
4,1650639723.913038,-127.36620330810547,-170.90533447265625,1542.814208984375,-0.0014803035883232951,0.9999557733535767,0.009284866973757744,-0.9948046207427979,-0.0024176756851375103,0.10177378356456757,0.10179173201322556,-0.009085972793400288,0.9947642087936401
300,1650639723.9582837,34.269412994384766,-68.28694152832031,1503.011962890625,-0.6428959965705872,0.7046205997467041,0.30032405257225037,-0.5156821608543396,-0.6880910992622375,0.5104924440383911,0.5663537979125977,0.17332181334495544,0.8057312965393066
4,1650639723.9583097,-134.15199279785156,-170.1360626220703,1543.2720947265625,-0.004836964886635542,0.993766725063324,0.11137469857931137,-0.9946504235267639,-0.016273656859993935,0.1020081639289856,0.10318479686975479,-0.11028548330068588,0.9885292053222656
