300,1650639591.0895922,35.034122467041016,-69.09149932861328,1503.9224853515625,-0.6414844393730164,0.7058985233306885,0.30034139752388,-0.5171633362770081,-0.6871020793914795,0.5103262066841125,0.5666037201881409,0.17204076051712036,0.8058301210403442
4,1650639591.0896358,-120.44328308105469,-140.86085510253906,1489.265869140625,-0.08224987983703613,0.9394876956939697,0.33256250619888306,-0.9788371324539185,-0.013411273248493671,-0.20420075953006744,-0.1873840093612671,-0.3423200249671936,0.9207085371017456
300,1650639591.1199987,35.02232360839844,-69.11832427978516,1503.91650390625,-0.6411808729171753,0.7062087059020996,0.300260454416275,-0.5168853998184204,-0.6866469383239746,0.5112195611000061,0.5672006011009216,0.1725839525461197,0.8052938580513
4,1650639591.1200235,-120.52141571044922,-141.9040069580078,1490.8134765625,-0.07791627943515778,0.9356639981269836,0.3441830277442932,-0.9807212948799133,-0.009878220967948437,-0.19516202807426453,-0.17920617759227753,-0.3527539074420929,0.9183952212333679
300,1650639591.194332,35.01028823852539,-69.10789489746094,1503.892822265625,-0.6413167715072632,0.7058268189430237,0.30086761713027954,-0.5170156359672546,-0.6872653961181641,0.5102559328079224,0.5669282078742981,0.1716824322938919,0.8056783080101013
4,1650639591.1943574,-120.31403350830078,-144.72723388671875,1495.027099609375,-0.06984787434339523,0.9295012354850769,0.36214470863342285,-0.985644519329071,-0.00836798083037138,-0.1686263084411621,-0.15370793640613556,-0.36872413754463196,0.9167422652244568
300,1650639591.2354467,35.00856018066406,-69.12422180175781,1503.90478515625,-0.641353964805603,0.7061073780059814,0.3001290559768677,-0.516908586025238,-0.6867368221282959,0.5110753774642944,0.5669837594032288,0.17264093458652496,0.8054343461990356
4,1650639591.2354727,-120.05972290039062,-145.97021484375,1496.9180908203125,-0.0670928880572319,0.9286982417106628,0.36471644043922424,-0.9877004623413086,-0.010078620165586472,-0.15603266656398773,-0.14123143255710602,-0.37069928646087646,0.9179519414901733
300,1650639591.2635436,35.01435470581055,-69.1186752319336,1503.8851318359375,-0.6413096189498901,0.7059963941574097,0.3004848062992096,-0.5169566869735718,-0.6869632601737976,0.510722279548645,0.5669901371002197,0.1721934825181961,0.8055256605148315
4,1650639591.2635686,-122.99616241455078,-146.21876525878906,1498.63330078125,-0.07143405824899673,0.9132936000823975,0.40098869800567627,-0.9879213571548462,-0.009360777214169502,-0.15467292070388794,-0.13750822842121124,-0.40719422698020935,0.9029309749603271
300,1650639591.2964897,35.008785247802734,-69.1174087524414,1503.8834228515625,-0.6412947773933411,0.7058088779449463,0.3009565770626068,-0.5169357657432556,-0.6872828602790833,0.5103133320808411,0.5670259594917297,0.17168603837490082,0.8056087493896484
4,1650639591.2965157,-125.32331085205078,-145.65798950195312,1498.7957763671875,-0.08265605568885803,0.9077379107475281,0.41131481528282166,-0.9868862628936768,-0.01713480055332184,-0.16050532460212708,-0.13864897191524506,-0.41918766498565674,0.8972503542900085
300,1650639591.3418486,34.999229431152344,-69.134033203125,1503.9136962890625,-0.6414638161659241,0.706064760684967,0.29999446868896484,-0.5169660449028015,-0.6867699027061462,0.5109728574752808,0.5668070912361145,0.17268362641334534,0.8055495619773865
4,1650639591.3418758,-125.73197937011719,-144.95114135742188,1497.787841796875,-0.08033880591392517,0.9023088216781616,0.4235379695892334,-0.9856211543083191,-0.008544637821614742,-0.1687539964914322,-0.14864924550056458,-0.43100547790527344,0.8900211453437805
300,1650639591.3728635,34.999114990234375,-69.12653350830078,1503.9075927734375,-0.6414259672164917,0.7060236930847168,0.3001721203327179,-0.5169375538825989,-0.6868508458137512,0.5108928680419922,0.5668759346008301,0.1725296825170517,0.8055341243743896
4,1650639591.3728876,-120.45878601074219,-144.92857360839844,1495.2933349609375,-0.06269252300262451,0.9223764538764954,0.38117092847824097,-0.9858496785163879,0.0022606649436056614,-0.16761662065982819,-0.15546733140945435,-0.38628554344177246,0.9091827869415283
300,1650639591.4029045,34.996524810791016,-69.13504791259766,1503.9014892578125,-0.6413185000419617,0.705922544002533,0.300639271736145,-0.5169392824172974,-0.6870788931846619,0.5105843544006348,0.5669959187507629,0.17203494906425476,0.8055554628372192
4,1650639591.4029305,-114.00020599365234,-145.37173461914062,1493.4976806640625,-0.04830651730298996,0.9493035078048706,0.3106273114681244,-0.9872428178787231,0.0018592524575069547,-0.1592109054327011,-0.15171700716018677,-0.3143555223941803,0.937103271484375
300,1650639591.4305134,34.9952278137207,-69.14376831054688,1503.9171142578125,-0.641332745552063,0.7058882713317871,0.30068936944007874,-0.5169664621353149,-0.6871379613876343,0.5104773640632629,0.566955029964447,0.17193950712680817,0.8056045770645142
4,1650639591.4305427,-110.69971466064453,-144.81729125976562,1491.5340576171875,-0.04536467790603638,0.9632145166397095,0.2648771405220032,-0.9863476157188416,-0.001170467585325241,-0.16467231512069702,-0.15830473601818085,-0.2687312364578247,0.9501174092292786
300,1650639591.4677763,34.997379302978516,-69.13226318359375,1503.89990234375,-0.6413825154304504,0.7059054970741272,0.3005426228046417,-0.5170134902000427,-0.6870972514152527,0.5104844570159912,0.566855788230896,0.1720311939716339,0.8056548833847046
4,1650639591.4678025,-112.63697814941406,-143.863525390625,1490.7081298828125,-0.049668677151203156,0.9570667147636414,0.2855806052684784,-0.984663188457489,0.0009575284202583134,-0.17446331679821014,-0.167246475815773,-0.2898660898208618,0.9423408508300781
300,1650639591.5128055,34.99552536010742,-69.1162109375,1503.9046630859375,-0.6412866711616516,0.7060820460319519,0.3003324270248413,-0.5169057846069336,-0.6868139505386353,0.5109745860099792,0.567062497138977,0.1724376380443573,0.8054224848747253
4,1650639591.5128312,-115.6763687133789,-144.22373962402344,1492.4241943359375,-0.0529269315302372,0.9438514113426208,0.32610321044921875,-0.9849135279655457,0.00453816307708621,-0.17298758029937744,-0.1647544652223587,-0.3303391635417938,0.9293718338012695
300,1650639591.5401905,34.99431228637695,-69.11949920654297,1503.9296875,-0.6412719488143921,0.7059125900268555,0.3007618486881256,-0.5170195698738098,-0.6871440410614014,0.5104153752326965,0.5669753551483154,0.17181529104709625,0.8056168556213379
4,1650639591.5402167,-117.05925750732422,-144.3268585205078,1493.0855712890625,-0.05274239182472229,0.9357305765151978,0.34874996542930603,-0.9851251244544983,0.008441041223704815,-0.17163124680519104,-0.1635444164276123,-0.3526145815849304,0.9213664531707764
300,1650639591.5736706,34.9992561340332,-69.10427856445312,1503.9466552734375,-0.6412654519081116,0.7059578895568848,0.30066943168640137,-0.5168867111206055,-0.6870301961898804,0.5107030272483826,0.5671038031578064,0.17208416759967804,0.8054689764976501
4,1650639591.5737133,-119.33865356445312,-144.16563415527344,1493.7391357421875,-0.05193427950143814,0.9205781817436218,0.38708996772766113,-0.9843364953994751,0.018204117193818092,-0.17535747587680817,-0.1684768944978714,-0.3901338279247284,0.9052132964134216
300,1650639591.6186528,34.989105224609375,-69.12879180908203,1503.92041015625,-0.6410683393478394,0.7060405015945435,0.3008955717086792,-0.5167643427848816,-0.6869542598724365,0.5109290480613708,0.5674380660057068,0.17204833030700684,0.8052412271499634
4,1650639591.6186798,-117.89029693603516,-143.1586456298828,1491.58056640625,-0.04424072429537773,0.9229726791381836,0.3823143243789673,-0.9821970462799072,0.02975120022892952,-0.18548259139060974,-0.18256966769695282,-0.38371390104293823,0.9052248001098633
300,1650639591.6831915,35.0015983581543,-69.10967254638672,1503.9359130859375,-0.6412586569786072,0.7058998942375183,0.30081993341445923,-0.5168785452842712,-0.6871296167373657,0.5105775594711304,0.5671189427375793,0.17192493379116058,0.8054923415184021
4,1650639591.6832201,-117.39636993408203,-141.61587524414062,1489.1370849609375,-0.04348429664969444,0.9252073764801025,0.37696215510368347,-0.9787086248397827,0.036310113966464996,-0.20201721787452698,-0.20059534907341003,-0.3777206838130951,0.9039295315742493
300,1650639591.7243438,35.00341796875,-69.11897277832031,1503.9638671875,-0.6411654949188232,0.7060708403587341,0.3006173074245453,-0.5167232751846313,-0.6868401765823364,0.5111238956451416,0.5673657655715942,0.1723790466785431,0.805221438407898
4,1650639591.7243698,-117.41413116455078,-140.6887969970703,1487.83056640625,-0.045004285871982574,0.9261564612388611,0.3744446337223053,-0.9767396450042725,0.03786852955818176,-0.21105831861495972,-0.20965270698070526,-0.3752334415912628,0.902909517288208
300,1650639591.7536585,35.00691604614258,-69.11062622070312,1503.965576171875,-0.6411489248275757,0.7058060169219971,0.301273912191391,-0.5168279409408569,-0.687329888343811,0.5103591680526733,0.5672891139984131,0.17150944471359253,0.8054611086845398
4,1650639591.7536829,-116.88644409179688,-140.09690856933594,1486.8416748046875,-0.04444996267557144,0.9289475083351135,0.3675333261489868,-0.9752300381660461,0.03944648057222366,-0.21764732897281647,-0.2166808396577835,-0.368103951215744,0.904184103012085
300,1650639591.7856889,34.997894287109375,-69.12213134765625,1503.93115234375,-0.6409570574760437,0.7059929370880127,0.3012441396713257,-0.516720175743103,-0.6870788931846619,0.5108060836791992,0.5676039457321167,0.17174585163593292,0.8051888942718506
4,1650639591.7857316,-116.85160064697266,-139.49966430664062,1485.984619140625,-0.04388253763318062,0.9289382100105286,0.36762499809265137,-0.9739037156105042,0.04224333539605141,-0.22299574315547943,-0.22267897427082062,-0.3678169846534729,0.9028425812721252
300,1650639591.8133185,34.99446105957031,-69.11483764648438,1503.94482421875,-0.6407940983772278,0.7059484124183655,0.30169478058815,-0.5166754722595215,-0.6872241497039795,0.5106558799743652,0.5678286552429199,0.171346977353096,0.8051154017448425
4,1650639591.8133454,-116.87317657470703,-138.9964141845703,1485.28955078125,-0.043445684015750885,0.9287334680557251,0.36819374561309814,-0.9729847311973572,0.04431019723415375,-0.22657731175422668,-0.2267446666955948,-0.3680907189846039,0.9017183780670166
300,1650639591.846886,35.006553649902344,-69.10713958740234,1503.9383544921875,-0.6409608721733093,0.7058672904968262,0.3015303313732147,-0.51675945520401,-0.6873016357421875,0.5104665756225586,0.5675639510154724,0.17137043178081512,0.8052970767021179
4,1650639591.8469114,-116.78852081298828,-138.50352478027344,1484.616455078125,-0.04374914616346359,0.9292658567428589,0.3668119013309479,-0.9717170000076294,0.04570532962679863,-0.23168329894542694,-0.23206064105033875,-0.366573303937912,0.9009838104248047
300,1650639591.8921034,35.00981903076172,-69.10513305664062,1503.956787109375,-0.6409870982170105,0.7059077620506287,0.3013797402381897,-0.5168496966362,-0.6872469186782837,0.5104488134384155,0.567452073097229,0.17142309248447418,0.8053646683692932
4,1650639591.892141,-116.68216705322266,-138.1456298828125,1484.10205078125,-0.044467952102422714,0.9304487705230713,0.36371371150016785,-0.9706495404243469,0.04589433595538139,-0.2360788732767105,-0.23635169863700867,-0.3635364770889282,0.9010988473892212
300,1650639591.923841,35.00703811645508,-69.10477447509766,1503.939697265625,-0.6409525275230408,0.7059776782989502,0.301289439201355,-0.5168044567108154,-0.6871324777603149,0.510648787021637,0.5675324201583862,0.17159390449523926,0.8052716851234436
4,1650639591.9238691,-117.0103759765625,-138.034912109375,1484.033203125,-0.0457940436899662,0.9294024705886841,0.3662157654762268,-0.970880925655365,0.04488614201545715,-0.23531988263130188,-0.23514489829540253,-0.3663281500339508,0.9002835750579834
300,1650639591.97686,35.01799392700195,-69.10240173339844,1503.9830322265625,-0.6413235664367676,0.7061136960983276,0.3001791834831238,-0.5168455243110657,-0.6867226362228394,0.5111581683158875,0.5670756101608276,0.17267152667045593,0.805363118648529
4,1650639591.976893,-117.7608413696289,-138.09176635742188,1484.44873046875,-0.04884093254804611,0.927361786365509,0.3709644675254822,-0.9705318808555603,0.04368266463279724,-0.23698042333126068,-0.23597131669521332,-0.3716071844100952,0.8979007005691528
300,1650639592.0140514,35.019290924072266,-69.09854125976562,1503.981201171875,-0.6412529945373535,0.7059723734855652,0.30066192150115967,-0.5169252157211304,-0.6870236992835999,0.5106728672981262,0.5670828223228455,0.17205078899860382,0.8054909110069275
4,1650639592.0140772,-117.95545959472656,-138.20254516601562,1484.650146484375,-0.050027478486299515,0.9275631904602051,0.37030228972435,-0.9708796739578247,0.04180893301963806,-0.23589129745960236,-0.23428602516651154,-0.3713200092315674,0.8984606266021729
300,1650639592.0612261,35.021202087402344,-69.09564971923828,1503.9630126953125,-0.6412760019302368,0.7061280012130737,0.3002471625804901,-0.5168716907501221,-0.6867309212684631,0.511120617389679,0.5671055912971497,0.17258015275001526,0.8053616285324097
4,1650639592.0612493,-118.4938735961914,-138.36846923828125,1485.0487060546875,-0.05359075218439102,0.9269020557403564,0.37145736813545227,-0.9714268445968628,0.03773890435695648,-0.23431967198848724,-0.23120978474617004,-0.373401015996933,0.8983950614929199
300,1650639592.1043386,35.00849151611328,-69.09966278076172,1503.96337890625,-0.6410675644874573,0.706175684928894,0.30057987570762634,-0.5167391300201416,-0.6867172718048096,0.5112729668617249,0.5674619078636169,0.17243914306163788,0.8051407933235168
4,1650639592.1043646,-119.30980682373047,-138.5310516357422,1485.5484619140625,-0.058453213423490524,0.9251593947410583,0.3750511109828949,-0.9721065759658813,0.03273038938641548,-0.2322445660829544,-0.22713880240917206,-0.378165066242218,0.8974403142929077
300,1650639592.131691,35.008094787597656,-69.0962905883789,1503.958984375,-0.6410856246948242,0.7061904668807983,0.3005066514015198,-0.5167728066444397,-0.6866930723190308,0.5112714767456055,0.5674108862876892,0.1724751591682434,0.8051690459251404
4,1650639592.131716,-119.88568878173828,-138.61444091796875,1485.85888671875,-0.06186670809984207,0.9247230887413025,0.37557917833328247,-0.9724951386451721,0.02881307154893875,-0.23113419115543365,-0.22455671429634094,-0.37954843044281006,0.8975061178207397
300,1650639592.1690288,35.017120361328125,-69.08269500732422,1503.9720458984375,-0.6413028836250305,0.7062532901763916,0.2998948097229004,-0.5168983340263367,-0.6865116357803345,0.5113882422447205,0.5670508742332458,0.17293965816497803,0.8053230047225952
4,1650639592.169054,-120.38059997558594,-138.6754150390625,1486.1611328125,-0.06581247597932816,0.925372302532196,0.3733026385307312,-0.9726390838623047,0.024043008685112,-0.23107396066188812,-0.22280475497245789,-0.37829628586769104,0.8984708786010742
300,1650639592.2140214,35.01807403564453,-69.08715057373047,1504.001220703125,-0.641274094581604,0.7061012983322144,0.30031391978263855,-0.5170018076896667,-0.6868168711662292,0.5108734965324402,0.5669891238212585,0.17234711349010468,0.8054935336112976
4,1650639592.2140489,-120.84806060791016,-138.72166442871094,1486.37890625,-0.06980002671480179,0.9262813329696655,0.3703118562698364,-0.9731503129005432,0.018392236903309822,-0.22943447530269623,-0.21933172643184662,-0.37638363242149353,0.9001271724700928
300,1650639592.2590683,35.02584457397461,-69.07310485839844,1503.9691162109375,-0.6413100957870483,0.7061974406242371,0.30001094937324524,-0.5169792175292969,-0.6866277456283569,0.5111504793167114,0.5669689774513245,0.17270652949810028,0.8054307103157043
4,1650639592.2590938,-120.90953063964844,-138.69915771484375,1486.3809814453125,-0.07223688066005707,0.9281807541847229,0.36505118012428284,-0.9733215570449829,0.014314440079033375,-0.2289983183145523,-0.2177773267030716,-0.371854305267334,0.9023842811584473
300,1650639592.2894037,35.02281951904297,-69.0738754272461,1503.9666748046875,-0.6412673592567444,0.7062087655067444,0.30007559061050415,-0.5168663263320923,-0.6865962147712708,0.5113070011138916,0.5671202540397644,0.17278552055358887,0.8053072690963745
4,1650639592.2894282,-120.67440795898438,-138.58055114746094,1486.128173828125,-0.07277953624725342,0.9299532175064087,0.3604027032852173,-0.9730007648468018,0.013153272680938244,-0.23042689263820648,-0.21902671456336975,-0.36744245886802673,0.903887927532196
300,1650639592.3199384,35.02302551269531,-69.04611206054688,1503.9598388671875,-0.6410421133041382,0.7059198617935181,0.3012344241142273,-0.5170891880989075,-0.6872706413269043,0.5101742744445801,0.5671717524528503,0.17127813398838043,0.805592954158783
4,1650639592.3199708,-120.14665222167969,-138.40447998046875,1485.7232666015625,-0.07284680008888245,0.9334782361984253,0.3511577546596527,-0.9726632833480835,0.011347884312272072,-0.23194251954555511,-0.220498189330101,-0.35845452547073364,0.9071333408355713
300,1650639592.3845725,35.0396842956543,-69.0414810180664,1503.92822265625,-0.641302227973938,0.7061625719070435,0.3001098334789276,-0.5170379877090454,-0.6867091059684753,0.5109817385673523,0.5669243335723877,0.1725255399942398,0.8055009245872498
4,1650639592.3846118,-119.45722961425781,-137.9286651611328,1484.817138671875,-0.07423131912946701,0.9385316967964172,0.33711713552474976,-0.9718222618103027,0.0077577074989676476,-0.2355872541666031,-0.22372137010097504,-0.3451058864593506,0.9115101099014282
300,1650639592.4255934,35.04086685180664,-69.03443145751953,1503.9161376953125,-0.6413099765777588,0.706064760684967,0.30032333731651306,-0.5170961022377014,-0.6868891716003418,0.5106807947158813,0.5668625831604004,0.17220868170261383,0.8056122064590454
4,1650639592.425618,-119.1380386352539,-137.52294921875,1484.1519775390625,-0.0758015438914299,0.941589891910553,0.32811978459358215,-0.970905601978302,0.005264775827527046,-0.23940463364124298,-0.22714845836162567,-0.3367205858230591,0.9137958288192749
300,1650639592.454912,35.03937530517578,-69.03160858154297,1503.949462890625,-0.6413469314575195,0.7058970928192139,0.30063843727111816,-0.5172340273857117,-0.6871967911720276,0.5101269483566284,0.5666949152946472,0.1716679185628891,0.8058455586433411
4,1650639592.454938,-118.89982604980469,-137.262939453125,1483.70654296875,-0.07672504335641861,0.9434486031532288,0.3225181996822357,-0.9703842997550964,0.0036544990725815296,-0.2415386587381363,-0.22905795276165009,-0.3314986526966095,0.9152273535728455
300,1650639592.4868457,35.032493591308594,-69.03797149658203,1503.939208984375,-0.6411359310150146,0.7059080004692078,0.3010624647140503,-0.5170867443084717,-0.6872419714927673,0.5102154016494751,0.5670679211616516,0.17144203186035156,0.8056312203407288
4,1650639592.4868765,-118.67646026611328,-137.07192993164062,1483.38818359375,-0.07703596353530884,0.9450303316116333,0.31777843832969666,-0.9699239730834961,0.0027784579433500767,-0.24339209496974945,-0.23089584708213806,-0.3269708752632141,0.9163935780525208
300,1650639592.5322094,35.028831481933594,-69.04301452636719,1503.9129638671875,-0.6411016583442688,0.7059339284896851,0.30107468366622925,-0.5170266628265381,-0.6871974468231201,0.5103362202644348,0.5671613812446594,0.17151375114917755,0.8055500984191895
4,1650639592.5322382,-118.28372955322266,-136.92604064941406,1483.05908203125,-0.07659761607646942,0.9471064805984497,0.31164419651031494,-0.9694392681121826,0.002318579936400056,-0.2453204095363617,-0.233067125082016,-0.32091107964515686,0.917984664440155
300,1650639592.5597258,35.0371208190918,-69.04065704345703,1503.912841796875,-0.6413519382476807,0.7059864401817322,0.3004176914691925,-0.5170520544052124,-0.6869872212409973,0.5105934739112854,0.5668551921844482,0.1721385419368744,0.8056323528289795
4,1650639592.5597508,-117.96781158447266,-136.847412109375,1482.8323974609375,-0.07595867663621902,0.9478330016136169,0.3095850944519043,-0.9694719314575195,0.002392392372712493,-0.24519072473049164,-0.2331405133008957,-0.31875839829444885,0.9187157154083252
300,1650639592.5969234,35.03216552734375,-69.04911041259766,1503.9140625,-0.6412319540977478,0.7061462998390198,0.30029812455177307,-0.5170127153396606,-0.6867654323577881,0.5109316110610962,0.5670268535614014,0.17236773669719696,0.8054625391960144
4,1650639592.596949,-117.62310791015625,-136.7718505859375,1482.61328125,-0.07469267398118973,0.9491348266601562,0.30588242411613464,-0.9693562388420105,0.0028803679160773754,-0.24564231932163239,-0.23402874171733856,-0.31485670804977417,0.9198346734046936
300,1650639592.6419694,35.03314971923828,-69.04623413085938,1503.91259765625,-0.6413264274597168,0.7060866355895996,0.30023670196533203,-0.517011821269989,-0.6868178248405457,0.5108620524406433,0.566920816898346,0.17240339517593384,0.8055295348167419
4,1650639592.6419952,-117.38338470458984,-136.66770935058594,1482.4017333984375,-0.07367793470621109,0.950168251991272,0.30290576815605164,-0.9690483212471008,0.0035503755789250135,-0.2468455284833908,-0.23562020063400269,-0.3117173910140991,0.9204973578453064
300,1650639592.672778,35.03431701660156,-69.0470962524414,1503.8961181640625,-0.6413445472717285,0.7059163451194763,0.3005982041358948,-0.5170465111732483,-0.6871084570884705,0.5104359984397888,0.5668686628341675,0.1719420701265335,0.8056648373603821
4,1650639592.6728187,-117.43032836914062,-136.5840606689453,1482.2861328125,-0.07357258349657059,0.9501613974571228,0.3029528856277466,-0.9690293669700623,0.003694630926474929,-0.24691790342330933,-0.23573115468025208,-0.3117366135120392,0.920462429523468
300,1650639592.7031398,35.03631591796875,-69.05130767822266,1503.8795166015625,-0.6413934826850891,0.7061490416526794,0.2999466061592102,-0.5170055031776428,-0.6866748929023743,0.5110605359077454,0.5668507218360901,0.17271685600280762,0.8055117130279541
4,1650639592.7031653,-117.65702819824219,-136.55816650390625,1482.365478515625,-0.07468275725841522,0.9492520093917847,0.3055211007595062,-0.9687877297401428,0.003557162592187524,-0.24786627292633057,-0.23637434840202332,-0.3144964277744293,0.9193580150604248
300,1650639592.7321029,35.036224365234375,-69.04875183105469,1503.918701171875,-0.6415010690689087,0.706109881401062,0.2998085916042328,-0.5171682834625244,-0.6867353320121765,0.5108146071434021,0.5665803551673889,0.17263661324977875,0.8057190775871277
4,1650639592.7321277,-118.0707778930664,-136.59161376953125,1482.5277099609375,-0.07607581466436386,0.9480541944503784,0.3088781535625458,-0.9689655900001526,0.0027779731899499893,-0.2471800446510315,-0.23519814014434814,-0.31809672713279724,0.9184205532073975
300,1650639592.7693892,35.02923583984375,-69.05818939208984,1503.924560546875,-0.6414153575897217,0.7062658071517944,0.29962462186813354,-0.5169855952262878,-0.6864582896232605,0.5113715529441833,0.5668440461158752,0.17309996485710144,0.8054341673851013
4,1650639592.7694156,-118.60260772705078,-136.77328491210938,1482.9532470703125,-0.07854672521352768,0.9466243982315063,0.3126222789287567,-0.9696328639984131,0.0003116329025942832,-0.24456505477428436,-0.23160865902900696,-0.32233861088752747,0.917853593826294
300,1650639592.8127449,35.02149963378906,-69.05471801757812,1503.9322509765625,-0.6412599086761475,0.7062133550643921,0.30008071660995483,-0.5169543027877808,-0.6866191029548645,0.5111873149871826,0.5670484304428101,0.17267592251300812,0.8053812980651855
4,1650639592.8127708,-119.95573425292969,-137.28868103027344,1484.1475830078125,-0.08313997834920883,0.9425895810127258,0.323438823223114,-0.970492959022522,-0.0028661976102739573,-0.24111242592334747,-0.22634302079677582,-0.33394116163253784,0.9150148034095764
300,1650639592.8394973,35.02162170410156,-69.05923461914062,1503.9326171875,-0.6413127183914185,0.7061808705329895,0.3000442385673523,-0.5170066356658936,-0.6866629123687744,0.511075496673584,0.56694096326828,0.17263436317443848,0.8054658770561218
4,1650639592.8395414,-120.65751647949219,-137.75547790527344,1485.054931640625,-0.08609821647405624,0.9404861330986023,0.32874441146850586,-0.971336305141449,-0.005856930743902922,-0.23763738572597504,-0.2215692400932312,-0.3397815227508545,0.9140325784683228
300,1650639592.8742285,35.03317642211914,-69.0446548461914,1503.944580078125,-0.6414290070533752,0.7059064507484436,0.300441175699234,-0.5172143578529358,-0.6871326565742493,0.5102332830429077,0.566619873046875,0.1718859225511551,0.8058518171310425
4,1650639592.8742542,-121.79637145996094,-138.3173828125,1486.234130859375,-0.08820197731256485,0.9357479214668274,0.34146198630332947,-0.9727596640586853,-0.007139211054891348,-0.23170608282089233,-0.21438071131706238,-0.3525973856449127,0.9108874797821045
300,1650639592.9194067,35.02645492553711,-69.0590591430664,1503.9534912109375,-0.6416002511978149,0.7060793042182922,0.29966846108436584,-0.5170920491218567,-0.6867126822471619,0.5109221935272217,0.5665377378463745,0.17285162210464478,0.8057029843330383
4,1650639592.919432,-122.63843536376953,-138.9804229736328,1487.4981689453125,-0.0877067819237709,0.9300059080123901,0.3569265604019165,-0.9741055965423584,-0.005115647800266743,-0.22603553533554077,-0.20838846266269684,-0.36750900745391846,0.9063726663589478
300,1650639592.9840114,35.01854705810547,-69.06571960449219,1503.930419921875,-0.6414750218391418,0.7060477137565613,0.30001065135002136,-0.5170373320579529,-0.6868148446083069,0.5108402371406555,0.5667293667793274,0.17257453501224518,0.8056276440620422
4,1650639592.9840379,-121.70901489257812,-139.3500213623047,1487.6287841796875,-0.0771515741944313,0.9271160960197449,0.36674702167510986,-0.974736750125885,0.007194872014224529,-0.2232409566640854,-0.2096089869737625,-0.3747051954269409,0.9031389951705933
300,1650639593.024977,35.012142181396484,-69.06997680664062,1503.9093017578125,-0.6412959098815918,0.7062455415725708,0.29992803931236267,-0.5168185830116272,-0.6865041851997375,0.5114787817001343,0.5671314597129822,0.17300087213516235,0.8052531480789185
4,1650639593.0250025,-119.95503997802734,-139.14950561523438,1486.671875,-0.06565778702497482,0.9284669160842896,0.3655656576156616,-0.974052369594574,0.01988409087061882,-0.22544744610786438,-0.21658943593502045,-0.37088248133659363,0.9030698537826538
300,1650639593.053853,35.01618576049805,-69.05833435058594,1503.925537109375,-0.6413241028785706,0.7059378623962402,0.3005913197994232,-0.5170520544052124,-0.6870841383934021,0.5104630589485168,0.5668867230415344,0.17195089161396027,0.8056502342224121
4,1650639593.0538764,-118.58031463623047,-138.95106506347656,1485.8759765625,-0.05665934458374977,0.9296035766601562,0.36417970061302185,-0.9734253883361816,0.029629897326231003,-0.2270793914794922,-0.22188442945480347,-0.3673679530620575,0.9032209515571594
300,1650639593.0857527,35.01730728149414,-69.05369567871094,1503.9342041015625,-0.641314685344696,0.7057506442070007,0.30105066299438477,-0.5171980261802673,-0.6874507069587708,0.5098212361335754,0.5667641758918762,0.1712530553340912,0.8058850765228271
4,1650639593.0857785,-117.23228454589844,-138.83120727539062,1485.248291015625,-0.04823727533221245,0.930692732334137,0.36260756850242615,-0.9725579619407654,0.03896000236272812,-0.22937561571598053,-0.227605402469635,-0.3637213110923767,0.9032732844352722
300,1650639593.1125653,35.008689880371094,-69.06201171875,1503.9061279296875,-0.6413088440895081,0.7060708999633789,0.30031123757362366,-0.517034649848938,-0.6868605613708496,0.510781466960907,0.5669199228286743,0.17229735851287842,0.8055528998374939
4,1650639593.1126025,-116.09923553466797,-138.723876953125,1484.6954345703125,-0.04121190682053566,0.9311044812202454,0.36241695284843445,-0.9723002314567566,0.04615122452378273,-0.2291337549686432,-0.2300734519958496,-0.36182114481925964,0.9034111499786377
300,1650639593.1464677,35.01136016845703,-69.06475830078125,1503.909912109375,-0.6412988305091858,0.7060344219207764,0.30041834712028503,-0.5170015692710876,-0.6869177222251892,0.5107381343841553,0.566961407661438,0.17221902310848236,0.8055404424667358
4,1650639593.1464937,-114.7747573852539,-138.5298614501953,1483.9945068359375,-0.0331667922437191,0.9323895573616028,0.3599300980567932,-0.9715567827224731,0.05440884083509445,-0.23047158122062683,-0.23447267711162567,-0.35733652114868164,0.9040648341178894
300,1650639593.1918247,35.01372146606445,-69.06505584716797,1503.9019775390625,-0.6411916613578796,0.7060133814811707,0.30069634318351746,-0.5169803500175476,-0.6870023012161255,0.510645866394043,0.5671018958091736,0.1719677746295929,0.8054952025413513
4,1650639593.19185,-113.16941833496094,-138.2261199951172,1483.0914306640625,-0.024538405239582062,0.9346268177032471,0.35478243231773376,-0.9703009128570557,0.06316450983285904,-0.23350897431373596,-0.2406534105539322,-0.3499756455421448,0.9053192734718323
300,1650639593.2187946,35.00752639770508,-69.05829620361328,1503.883544921875,-0.6410539746284485,0.7060902714729309,0.30080944299697876,-0.5168522000312805,-0.6869038343429565,0.5109079480171204,0.5673742890357971,0.17204555869102478,0.8052867650985718
4,1650639593.2188187,-112.21221923828125,-137.96302795410156,1482.4329833984375,-0.019349325448274612,0.9366313815116882,0.34978169202804565,-0.9702553153038025,0.06684648990631104,-0.23267170786857605,-0.2413093000650406,-0.3438796103000641,0.9074781537055969
300,1650639593.252787,35.016048431396484,-69.04415893554688,1503.8857421875,-0.6411893367767334,0.7060496807098389,0.30061620473861694,-0.5170519351959229,-0.6869636178016663,0.5106253623962402,0.5670393109321594,0.1719733625650406,0.8055381178855896
4,1650639593.2528133,-111.14652252197266,-137.62493896484375,1481.6943359375,-0.014086044393479824,0.9387608766555786,0.3442813456058502,-0.9690976142883301,0.07198740541934967,-0.23593991994857788,-0.24627508223056793,-0.3369656801223755,0.9087368845939636
300,1650639593.282709,35.01736068725586,-69.051513671875,1503.904541015625,-0.6412596702575684,0.7060602307319641,0.30044126510620117,-0.5169790387153625,-0.686887264251709,0.5108018517494202,0.5670261979103088,0.17223480343818665,0.8054914474487305
4,1650639593.2827325,-110.17375183105469,-137.381103515625,1481.1373291015625,-0.009666140191257,0.940458357334137,0.33977147936820984,-0.9679644703865051,0.07645679265260696,-0.23916341364383698,-0.25090107321739197,-0.331198513507843,0.9095912575721741
300,1650639593.317326,35.02226257324219,-69.04005432128906,1503.9090576171875,-0.6413273215293884,0.7059995532035828,0.3004395365715027,-0.5170806050300598,-0.6869863867759705,0.5105657577514648,0.5668570399284363,0.17208828032016754,0.8056418299674988
4,1650639593.317351,-109.03771209716797,-136.86805725097656,1480.2047119140625,-0.005374046973884106,0.9435572028160095,0.33116596937179565,-0.9668365716934204,0.07965946197509766,-0.24265500903129578,-0.2553393840789795,-0.3214873969554901,0.9118375182151794
300,1650639593.3621476,35.027713775634766,-69.02892303466797,1503.882568359375,-0.641255795955658,0.7059937119483948,0.300605833530426,-0.5170724391937256,-0.6870306730270386,0.5105144381523132,0.5669453740119934,0.17193536460399628,0.8056122660636902
4,1650639593.3621738,-107.97020721435547,-135.7507781982422,1478.52587890625,-0.005131287034600973,0.9493516683578491,0.31417372822761536,-0.9646403193473816,0.07809391617774963,-0.2517347037792206,-0.263519823551178,-0.3043563663959503,0.9153821468353271
300,1650639593.392291,35.0277099609375,-69.02552032470703,1503.8529052734375,-0.6412609815597534,0.7060490846633911,0.3004647195339203,-0.5171091556549072,-0.6869450807571411,0.5105923414230347,0.5669060349464417,0.17204990983009338,0.8056155443191528
4,1650639593.3923154,-107.85286712646484,-135.13186645507812,1477.734130859375,-0.007684978190809488,0.9519792199134827,0.3060661256313324,-0.963098406791687,0.07530240714550018,-0.2584007680416107,-0.26903969049453735,-0.29675760865211487,0.9162710309028625
300,1650639593.4238224,35.02752685546875,-69.02185821533203,1503.839599609375,-0.6412435173988342,0.7060604095458984,0.3004753291606903,-0.5170656442642212,-0.6869215965270996,0.5106680393218994,0.5669654607772827,0.1720970869064331,0.8055636286735535
4,1650639593.4238482,-108.14494323730469,-134.6861114501953,1477.2275390625,-0.011957518756389618,0.9533650279045105,0.3015826344490051,-0.9621764421463013,0.07112155854701996,-0.26297950744628906,-0.2721644937992096,-0.29332029819488525,0.9164549708366394
300,1650639593.4706447,35.022605895996094,-69.02696228027344,1503.838623046875,-0.6411930322647095,0.7061232328414917,0.3004354238510132,-0.5169762969017029,-0.6868137121200562,0.510903537273407,0.5671040415763855,0.1722698211669922,0.8054291605949402
4,1650639593.4706995,-109.31169891357422,-134.60647583007812,1477.4122314453125,-0.019219225272536278,0.952531099319458,0.30383408069610596,-0.9620079398155212,0.06516014039516449,-0.2651318907737732,-0.2723442316055298,-0.29738643765449524,0.9150901436805725
300,1650639593.4987354,35.02757263183594,-69.03482055664062,1503.854248046875,-0.641392171382904,0.7062175273895264,0.2997881770133972,-0.5170376896858215,-0.6865686774253845,0.5111706852912903,0.56682288646698,0.1728591024875641,0.8055008053779602
4,1650639593.49876,-110.05638885498047,-134.85269165039062,1477.89306640625,-0.0226224884390831,0.9512057304382324,0.30772703886032104,-0.9628213047981262,0.06215033307671547,-0.26289260387420654,-0.2691902816295624,-0.30223342776298523,0.914435088634491
300,1650639593.533387,35.02406311035156,-69.05513000488281,1503.8695068359375,-0.6414270997047424,0.7063730359077454,0.2993467450141907,-0.5169276595115662,-0.6862513422966003,0.5117077827453613,0.5668836832046509,0.17348262667655945,0.8053239583969116
4,1650639593.5334127,-110.52226257324219,-135.09555053710938,1478.3162841796875,-0.024912219494581223,0.9503656029701233,0.31013646721839905,-0.9635576605796814,0.059825390577316284,-0.2607250511646271,-0.26633816957473755,-0.3053296208381653,0.9142416715621948
300,1650639593.5801365,35.012123107910156,-69.05866241455078,1503.937255859375,-0.6413581967353821,0.7060878276824951,0.30016592144966125,-0.5170319676399231,-0.6868054270744324,0.5108583569526672,0.5668664574623108,0.1724478155374527,0.8055583238601685
4,1650639593.5801597,-110.21846008300781,-135.44313049316406,1478.7154541015625,-0.023777395486831665,0.9517979025840759,0.3058028519153595,-0.964534342288971,0.058595217764377594,-0.2573714554309845,-0.2628841698169708,-0.3010769784450531,0.9166485667228699
300,1650639593.6085336,35.00813674926758,-69.06126403808594,1503.9422607421875,-0.641390323638916,0.7061077356338501,0.3000504672527313,-0.5169926285743713,-0.6867429614067078,0.5109821557998657,0.5668659806251526,0.1726151555776596,0.8055227994918823
4,1650639593.608557,-109.57623291015625,-135.61196899414062,1478.7799072265625,-0.021251879632472992,0.9528998136520386,0.3025396764278412,-0.9648926854133606,0.05968684330582619,-0.2557726204395294,-0.26178333163261414,-0.29735398292541504,0.918177604675293
300,1650639593.6420763,35.0010986328125,-69.07864379882812,1503.978759765625,-0.6411252021789551,0.7061567306518555,0.3005014955997467,-0.5167957544326782,-0.6867370009422302,0.5111892819404602,0.5673452615737915,0.17243844270706177,0.8052231669425964
4,1650639593.6420999,-107.95783996582031,-135.7942657470703,1478.6729736328125,-0.014161759987473488,0.9562743306159973,0.29212820529937744,-0.9654350280761719,0.06296713650226593,-0.2529235780239105,-0.2602587938308716,-0.28561264276504517,0.9223290085792542
300,1650639593.6849058,35.02696990966797,-69.0707015991211,1503.9893798828125,-0.6413819789886475,0.7059086561203003,0.3005364239215851,-0.5171023607254028,-0.68711918592453,0.5103648900985718,0.5667753219604492,0.17193074524402618,0.8057329058647156
4,1650639593.684932,-105.24529266357422,-136.02284240722656,1478.3917236328125,-0.001595527515746653,0.9607657790184021,0.27735647559165955,-0.9658454656600952,0.07038651406764984,-0.24937577545642853,-0.2591138780117035,-0.26828137040138245,0.927838921546936
300,1650639593.711732,35.02537536621094,-69.0831069946289,1503.98095703125,-0.6412180662155151,0.7061528563499451,0.3003123998641968,-0.5168293118476868,-0.6867057085037231,0.5111973285675049,0.5672097206115723,0.17257872223854065,0.8052886128425598
4,1650639593.7117562,-103.10501861572266,-136.0971221923828,1478.0609130859375,0.008219730108976364,0.9640898704528809,0.2654488682746887,-0.9660418033599854,0.07621414214372635,-0.24689003825187683,-0.25825515389442444,-0.25440531969070435,0.9319775700569153
300,1650639593.7495444,35.02094268798828,-69.08539581298828,1504.048095703125,-0.6412421464920044,0.706007719039917,0.3006019592285156,-0.5169427990913391,-0.6869745254516602,0.5107212066650391,0.5670790076255798,0.1721019744873047,0.8054826259613037
4,1650639593.7495701,-99.83953094482422,-135.9553985595703,1477.430908203125,0.022561952471733093,0.9682132005691528,0.24910666048526764,-0.9648543000221252,0.08634087443351746,-0.24819640815258026,-0.2618151307106018,-0.2347518354654312,0.9361326694488525
300,1650639593.7945604,35.017372131347656,-69.09840393066406,1504.0399169921875,-0.6411948800086975,0.7061487436294556,0.30037161707878113,-0.5168040990829468,-0.6867170333862305,0.511207640171051,0.567258894443512,0.17255042493343353,0.8052600026130676
4,1650639593.7945864,-95.95894622802734,-135.43215942382812,1476.3359375,0.04015323519706726,0.9729208946228027,0.2276238203048706,-0.9622911810874939,0.09899266064167023,-0.2533694803714752,-0.2690415382385254,-0.20886678993701935,0.9402081370353699
300,1650639593.823838,35.02878189086914,-69.08770751953125,1504.0513916015625,-0.6414242386817932,0.7059515118598938,0.3003455698490143,-0.5171276330947876,-0.6870322823524475,0.5104562640190125,0.5667044520378113,0.17210203409194946,0.8057461977005005
4,1650639593.823863,-93.77749633789062,-134.95721435546875,1475.5299072265625,0.04997318238019943,0.975551962852478,0.2140117585659027,-0.9605636596679688,0.10563186556100845,-0.25721460580825806,-0.2735326588153839,-0.19271808862686157,0.9423585534095764
300,1650639593.8584697,35.021610260009766,-69.09454345703125,1504.0478515625,-0.641215443611145,0.7060572504997253,0.3005427122116089,-0.5169999599456787,-0.6869215369224548,0.5107345581054688,0.5670571327209473,0.17211034893989563,0.8054962754249573
4,1650639593.8585067,-91.24939727783203,-134.28282165527344,1474.5538330078125,0.06129617616534233,0.9777646660804749,0.20054686069488525,-0.9580485820770264,0.1139952689409256,-0.26296016573905945,-0.2799745500087738,-0.17601516842842102,0.9437335133552551
300,1650639593.9010108,35.024139404296875,-69.10472869873047,1504.042724609375,-0.641290009021759,0.7061343193054199,0.3002024292945862,-0.5168941617012024,-0.6867197751998901,0.5111129283905029,0.5670692920684814,0.1725987195968628,0.8053832054138184
4,1650639593.9010367,-89.1025390625,-133.51820373535156,1473.540771484375,0.07128913700580597,0.9794251322746277,0.18879695236682892,-0.9553678631782532,0.12144914269447327,-0.26929983496665955,-0.2866882383823395,-0.16117238998413086,0.9443692564964294
300,1650639593.9278617,35.02140426635742,-69.09953308105469,1504.020751953125,-0.6411563158035278,0.7059332132339478,0.30095988512039185,-0.5169827342033386,-0.6871572732925415,0.5104348659515381,0.5671396851539612,0.17167745530605316,0.8055304884910583
4,1650639593.927887,-88.0855941772461,-133.18374633789062,1473.0946044921875,0.07531503587961197,0.9803563952445984,0.18228814005851746,-0.9541669487953186,0.12395306676626205,-0.2723987400531769,-0.2896430492401123,-0.15341758728027344,0.94475919008255
300,1650639593.9673297,35.0182991027832,-69.09886169433594,1504.0205078125,-0.641344428062439,0.7061225175857544,0.3001139461994171,-0.5169967412948608,-0.686742901802063,0.5109780430793762,0.5669142007827759,0.17255498468875885,0.8055017590522766
4,1650639593.9673533,-87.28598022460938,-132.96620178222656,1472.786865234375,0.07795881479978561,0.9812918305397034,0.17603641748428345,-0.9535738825798035,0.12491583079099655,-0.27403074502944946,-0.2908938527107239,-0.1465006321668625,0.9454725384712219
