300,1650639409.7390246,36.0455207824707,-68.68169403076172,1504.479736328125,-0.6419570446014404,0.7055388689041138,0.3001767694950104,-0.5197676420211792,-0.6882550716400146,0.5061092376708984,0.5636779069900513,0.1688781976699829,0.8085464239120483
4,1650639409.7390516,-78.16736602783203,-151.97528076171875,1565.132080078125,-0.1532372385263443,0.8647120594978333,0.47832149267196655,-0.9687976241111755,-0.22687914967536926,0.09978487342596054,0.19480635225772858,-0.44810596108436584,0.8724973201751709
300,1650639409.767939,36.04469299316406,-68.6778335571289,1504.481201171875,-0.6420871019363403,0.7056085467338562,0.299734503030777,-0.5199434757232666,-0.6881244778633118,0.5061061978340149,0.563367486000061,0.16911928355693817,0.808712363243103
4,1650639409.7679648,-80.54954528808594,-151.70294189453125,1564.852783203125,-0.15741948783397675,0.857681393623352,0.4894912838935852,-0.9690624475479126,-0.22957904636859894,0.09061726927757263,0.19009768962860107,-0.46008267998695374,0.8672870397567749
300,1650639409.80044,36.049583435058594,-68.68692016601562,1504.4818115234375,-0.6422011852264404,0.7056983113288879,0.2992784380912781,-0.5198917388916016,-0.6878991723060608,0.5064654350280762,0.5632851719856262,0.16966032981872559,0.8086563944816589
4,1650639409.8004677,-83.5381851196289,-151.35671997070312,1564.6229248046875,-0.16596101224422455,0.8478975892066956,0.503514289855957,-0.9687742590904236,-0.23556454479694366,0.07736792415380478,0.18421019613742828,-0.4749516248703003,0.8605158925056458
300,1650639409.8282921,36.05615234375,-68.68124389648438,1504.4853515625,-0.6422778964042664,0.7056984305381775,0.299113392829895,-0.5199282765388489,-0.6878708600997925,0.5064664483070374,0.5631639361381531,0.16977471113204956,0.8087168335914612
4,1650639409.8283179,-85.67256927490234,-151.1743621826172,1564.6181640625,-0.17233555018901825,0.8404132723808289,0.5138151049613953,-0.9680449366569519,-0.24096833169460297,0.06944994628429413,0.18217983841896057,-0.4854274392127991,0.8550851941108704
300,1650639409.8677583,36.058345794677734,-68.68817901611328,1504.490478515625,-0.6423391103744507,0.7059137225151062,0.2984732985496521,-0.5198298692703247,-0.6874445676803589,0.5071458220481873,0.5631850361824036,0.17060425877571106,0.8085275292396545
4,1650639409.8677833,-87.56988525390625,-151.2930908203125,1564.602294921875,-0.17877700924873352,0.8363087773323059,0.5182918310165405,-0.9672772288322449,-0.24578793346881866,0.06295232474803925,0.1800374537706375,-0.4900774359703064,0.8528836965560913
300,1650639409.8966863,36.06524658203125,-68.67056274414062,1504.5030517578125,-0.6423054337501526,0.7055360078811646,0.29943719506263733,-0.5200351476669312,-0.688163697719574,0.5059586763381958,0.5630338788032532,0.16926217079162598,0.8089147806167603
4,1650639409.8967109,-88.29354095458984,-151.42588806152344,1564.8421630859375,-0.18034617602825165,0.8342523574829102,0.5210549831390381,-0.9671345353126526,-0.2469334602355957,0.06061892211437225,0.17923738062381744,-0.4929978847503662,0.8513677716255188
300,1650639409.9319324,36.06964874267578,-68.66928100585938,1504.4906005859375,-0.6424337029457092,0.7057286500930786,0.29870715737342834,-0.5201119184494019,-0.6877953410148621,0.5063804388046265,0.5628165602684021,0.16995471715927124,0.8089208006858826
4,1650639409.9319575,-89.60843658447266,-152.05117797851562,1565.3248291015625,-0.17585156857967377,0.8304785490036011,0.5285656452178955,-0.9685339331626892,-0.24202074110507965,0.05803409591317177,0.17611992359161377,-0.501728355884552,0.8469063639640808
300,1650639409.960544,36.07154846191406,-68.6819839477539,1504.48681640625,-0.6424031257629395,0.7056940793991089,0.2988547086715698,-0.5200847387313843,-0.687861442565918,0.5063185691833496,0.5628766417503357,0.1698308289051056,0.8089050650596619
4,1650639409.9605675,-90.57474517822266,-153.53465270996094,1565.5587158203125,-0.15893718600273132,0.8341911435127258,0.5280758738517761,-0.972948431968689,-0.22317278385162354,0.0597093366086483,0.1676611602306366,-0.504300594329834,0.8470954298973083
300,1650639409.9971492,36.083282470703125,-68.681396484375,1504.4593505859375,-0.6424554586410522,0.7058041095733643,0.29848214983940125,-0.520068883895874,-0.68764328956604,0.506631076335907,0.5628315806388855,0.1702566146850586,0.8088468909263611
4,1650639409.9971914,-89.69194030761719,-155.59771728515625,1565.0672607421875,-0.1451994925737381,0.8411759734153748,0.5209031105041504,-0.9762561917304993,-0.2073456048965454,0.06270311027765274,0.1607513278722763,-0.49943041801452637,0.8513097167015076
300,1650639410.0248156,36.08457946777344,-68.67662048339844,1504.467041015625,-0.6423743367195129,0.7056705355644226,0.2989720404148102,-0.5201706290245056,-0.68794184923172,0.5061210989952087,0.5628300905227661,0.16960273683071136,0.8089852929115295
4,1650639410.024855,-88.50445556640625,-156.411376953125,1564.6748046875,-0.14188091456890106,0.8449389934539795,0.5157013535499573,-0.9773076176643372,-0.20234748721122742,0.06265253573656082,0.15728844702243805,-0.4951096475124359,0.8544745445251465
300,1650639410.064362,36.08182907104492,-68.6777114868164,1504.4681396484375,-0.6423919796943665,0.7055191993713379,0.2992911636829376,-0.5202295780181885,-0.6882065534591675,0.505700409412384,0.5627555251121521,0.16915778815746307,0.8091303110122681
4,1650639410.0643861,-86.921875,-156.4521942138672,1564.2025146484375,-0.15090306103229523,0.8401082754135132,0.5210050940513611,-0.9766714572906494,-0.20815567672252655,0.05276452749967575,0.15277808904647827,-0.500888466835022,0.8519210815429688
300,1650639410.091483,36.074310302734375,-68.67274475097656,1504.462158203125,-0.6424644589424133,0.7055964469909668,0.2989533841609955,-0.5201805233955383,-0.6880243420600891,0.5059987306594849,0.5627180933952332,0.1695764809846878,0.8090686798095703
4,1650639410.0915294,-85.53194427490234,-156.0218963623047,1564.0364990234375,-0.15960519015789032,0.8380931615829468,0.5216570496559143,-0.9756528735160828,-0.21444007754325867,0.0460100956261158,0.15042491257190704,-0.5016127228736877,0.8519137501716614
300,1650639410.1286504,36.07093811035156,-68.68327331542969,1504.4718017578125,-0.6421471834182739,0.7055274844169617,0.29979661107063293,-0.5199770927429199,-0.6882409453392029,0.5059131979942322,0.5632680058479309,0.1689833700656891,0.8088101148605347
4,1650639410.1286764,-82.92865753173828,-154.86537170410156,1564.2327880859375,-0.17317554354667664,0.8387659192085266,0.5162189602851868,-0.9743316769599915,-0.22244583070278168,0.03457748889923096,0.14383317530155182,-0.4969805181026459,0.8557583689689636
300,1650639410.1540127,36.07297897338867,-68.67878723144531,1504.491455078125,-0.6419631242752075,0.705281674861908,0.30076754093170166,-0.5199854373931885,-0.6887499690055847,0.5052114725112915,0.5634700059890747,0.1679324209690094,0.8088882565498352
4,1650639410.154038,-81.30415344238281,-154.09805297851562,1564.501708984375,-0.1798481047153473,0.8387268781661987,0.5139959454536438,-0.9737587571144104,-0.22587186098098755,0.027852628380060196,0.13945797085762024,-0.4954988360404968,0.8573402762413025
300,1650639410.1939747,36.06751251220703,-68.68286895751953,1504.4896240234375,-0.6417434811592102,0.7053468227386475,0.3010833263397217,-0.5197402834892273,-0.6886773705482483,0.5055626034736633,0.5639462471008301,0.1679563671350479,0.8085513710975647
4,1650639410.1939998,-79.03858947753906,-153.19845581054688,1564.5211181640625,-0.18648546934127808,0.8397646546363831,0.509920060634613,-0.9727532863616943,-0.23059627413749695,0.024008162319660187,0.1377468705177307,-0.49154922366142273,0.8598867058753967
300,1650639410.223955,36.05259323120117,-68.6852798461914,1504.4925537109375,-0.6415019631385803,0.7052063345909119,0.3019259572029114,-0.5197057723999023,-0.6890228390693665,0.5051271319389343,0.5642527341842651,0.1671273559331894,0.8085092902183533
4,1650639410.2239802,-77.8873519897461,-152.95846557617188,1563.9530029296875,-0.18948619067668915,0.8413786888122559,0.5061392188072205,-0.9716208577156067,-0.23500768840312958,0.026913011446595192,0.1415906399488449,-0.48667579889297485,0.8620317578315735
300,1650639410.2698915,36.05491256713867,-68.69125366210938,1504.4808349609375,-0.6416352391242981,0.7054391503334045,0.3010977506637573,-0.5196423530578613,-0.6885472536087036,0.5058403611183167,0.564159631729126,0.16810186207294464,0.8083722591400146
4,1650639410.269915,-76.66573333740234,-152.95156860351562,1562.4791259765625,-0.1924135535955429,0.8443242907524109,0.5000935196876526,-0.9696269035339355,-0.24199822545051575,0.03550460562109947,0.15099914371967316,-0.47807255387306213,0.8652432560920715
300,1650639410.2978528,36.05787658691406,-68.68962097167969,1504.4906005859375,-0.6416788697242737,0.7054128050804138,0.30106639862060547,-0.5196642279624939,-0.6885762214660645,0.5057785511016846,0.564089834690094,0.1680939495563507,0.8084226250648499
4,1650639410.2978766,-76.22058868408203,-153.11331176757812,1561.492431640625,-0.1894506812095642,0.8482653498649597,0.4945243000984192,-0.9691735506057739,-0.24234381318092346,0.0444088950753212,0.15751543641090393,-0.4708665609359741,0.8680285215377808
300,1650639410.3233926,36.06113052368164,-68.6812515258789,1504.511474609375,-0.6416915059089661,0.7052364349365234,0.3014524281024933,-0.5198573470115662,-0.6889232397079468,0.505107045173645,0.5638974905014038,0.16741062700748444,0.8086985349655151
4,1650639410.323418,-76.05292510986328,-153.33984375,1561.01220703125,-0.18420016765594482,0.8529331684112549,0.4884417653083801,-0.9697589874267578,-0.23866546154022217,0.051051970571279526,0.16011810302734375,-0.46426698565483093,0.8711017966270447
300,1650639410.364964,36.06083297729492,-68.68563842773438,1504.5162353515625,-0.6417979001998901,0.7053201198577881,0.30102989077568054,-0.5198647379875183,-0.6887320280075073,0.5053601264953613,0.5637695789337158,0.1678442358970642,0.8086978197097778
4,1650639410.3649876,-76.79325866699219,-153.76963806152344,1560.726806640625,-0.17565056681632996,0.8572865724563599,0.4839489758014679,-0.971293568611145,-0.2310248166322708,0.05671301484107971,0.16042353212833405,-0.4600948393344879,0.8732565641403198
300,1650639410.3922837,36.05653381347656,-68.68269348144531,1504.484375,-0.6417603492736816,0.7054572701454163,0.3007884621620178,-0.5197393298149109,-0.6884830594062805,0.5058282017707825,0.563927948474884,0.16828890144824982,0.8084949851036072
4,1650639410.3923087,-77.66238403320312,-154.0419464111328,1560.51953125,-0.17278997600078583,0.8570224642753601,0.4854442775249481,-0.9719575047492981,-0.22817611694335938,0.05687066167593002,0.15950621664524078,-0.46200451254844666,0.8724159598350525
300,1650639410.428635,36.060794830322266,-68.68656158447266,1504.5003662109375,-0.6419002413749695,0.7054163813591003,0.3005858361721039,-0.5198606252670288,-0.6885178089141846,0.5056561827659607,0.5636568665504456,0.16831810772418976,0.8086779117584229
4,1650639410.4286606,-78.89295959472656,-154.4165496826172,1560.1842041015625,-0.16962039470672607,0.856360912322998,0.4877241849899292,-0.9721534848213196,-0.22659525275230408,0.05976792797446251,0.16169890761375427,-0.46400490403175354,0.8709494471549988
300,1650639410.4546463,36.057857513427734,-68.68854522705078,1504.5118408203125,-0.6418863534927368,0.7055050730705261,0.3004072308540344,-0.5198674201965332,-0.6883775591850281,0.5058401226997375,0.5636663436889648,0.16851995885372162,0.8086292743682861
4,1650639410.4546714,-79.47650909423828,-154.51612854003906,1560.0643310546875,-0.16813373565673828,0.8562652468681335,0.4884064793586731,-0.9718431830406189,-0.22695611417293549,0.06333865970373154,0.16508153080940247,-0.46400514245033264,0.8703144788742065
300,1650639410.491442,36.06930923461914,-68.6827163696289,1504.516357421875,-0.6421686410903931,0.7053985595703125,0.3000538945198059,-0.519943118095398,-0.6884373426437378,0.5056809186935425,0.5632748603820801,0.16872146725654602,0.8088600039482117
4,1650639410.4914684,-80.11259460449219,-154.0858917236328,1560.1953125,-0.1682293713092804,0.8545999526977539,0.49128180742263794,-0.9716590642929077,-0.22772368788719177,0.06340772658586502,0.16606473922729492,-0.46669137477874756,0.8686895966529846
300,1650639410.5170965,36.058509826660156,-68.6787338256836,1504.510498046875,-0.6418839693069458,0.7052994966506958,0.30089473724365234,-0.5199059247970581,-0.6887359619140625,0.5053123831748962,0.5636335611343384,0.1679149717092514,0.808777928352356
4,1650639410.517121,-80.49983978271484,-153.4965362548828,1560.3726806640625,-0.16726134717464447,0.8545153141021729,0.4917592704296112,-0.9717509746551514,-0.22712388634681702,0.06414616852998734,0.1665041595697403,-0.4671383798122406,0.8683651685714722
300,1650639410.5572743,36.05710220336914,-68.67221069335938,1504.482177734375,-0.6418429017066956,0.7052459716796875,0.30110764503479004,-0.5199141502380371,-0.6888487339019775,0.5051501989364624,0.5636727213859558,0.16767694056034088,0.8088000416755676
4,1650639410.5572994,-80.76084899902344,-152.46719360351562,1560.4490966796875,-0.16809743642807007,0.8547103404998779,0.4911348521709442,-0.9712095260620117,-0.2289128303527832,0.06596218794584274,0.16880562901496887,-0.4659067690372467,0.8685824871063232
300,1650639410.5859528,36.06190490722656,-68.66130065917969,1504.4918212890625,-0.6420584917068481,0.705371618270874,0.3003527820110321,-0.5200294852256775,-0.6885640025138855,0.5054195523262024,0.5633206963539124,0.16831658780574799,0.8089123964309692
4,1650639410.585977,-80.98099517822266,-151.59336853027344,1560.4539794921875,-0.17160536348819733,0.8520321846008301,0.4945632517337799,-0.9706458449363708,-0.2320990115404129,0.06306129693984985,0.16851788759231567,-0.46922409534454346,0.8668509125709534
300,1650639410.62252,36.06858825683594,-68.66045379638672,1504.4940185546875,-0.6420291662216187,0.7054370045661926,0.30026188492774963,-0.5198954343795776,-0.6884286403656006,0.5057417750358582,0.5634778141975403,0.16859619319438934,0.8087447285652161
4,1650639410.6225452,-81.01472473144531,-150.7666473388672,1560.3624267578125,-0.17487117648124695,0.8517265319824219,0.49394530057907104,-0.9701507687568665,-0.23466050624847412,0.06117111071944237,0.16801051795482635,-0.4685043394565582,0.8673385381698608
300,1650639410.6888018,36.08076477050781,-68.59386444091797,1504.4730224609375,-0.6418067216873169,0.7053499817848206,0.3009411096572876,-0.520023763179779,-0.6887248754501343,0.5052061676979065,0.5636127591133118,0.16774818301200867,0.8088270425796509
4,1650639410.6888266,-81.77969360351562,-149.3985595703125,1560.605712890625,-0.17533090710639954,0.8474518656730652,0.5010831952095032,-0.970368504524231,-0.2347094565629959,0.057414352893829346,0.1662648767232895,-0.4761688709259033,0.8634924292564392
300,1650639410.7197065,36.080623626708984,-68.5971908569336,1504.4818115234375,-0.6419218182563782,0.7051852941513062,0.30108141899108887,-0.5201693177223206,-0.6889869570732117,0.5046988129615784,0.563347339630127,0.16736386716365814,0.8090915083885193
4,1650639410.719733,-81.69307708740234,-149.443359375,1560.50146484375,-0.1750398427248001,0.8485753536224365,0.4992803633213043,-0.9702492356300354,-0.23482215404510498,0.05894888564944267,0.1672646552324295,-0.4741080105304718,0.8644328713417053
300,1650639410.7514873,36.0709228515625,-68.63143920898438,1504.480712890625,-0.6418996453285217,0.7052825093269348,0.30090099573135376,-0.5200138688087463,-0.6887887120246887,0.505129337310791,0.5635161399841309,0.167769655585289,0.8088899254798889
4,1650639410.751536,-80.99764251708984,-149.75160217285156,1560.48388671875,-0.1739290952682495,0.8533515930175781,0.4914668798446655,-0.9702613353729248,-0.23382040858268738,0.06261733174324036,0.16834957897663116,-0.4659603238105774,0.868642270565033
300,1650639410.7799733,36.07807159423828,-68.62351989746094,1504.486572265625,-0.6419540047645569,0.7053056955337524,0.3007306456565857,-0.5200991034507751,-0.6887480020523071,0.5050970911979675,0.5633754730224609,0.16783937811851501,0.8089734315872192
4,1650639410.7799985,-80.45561218261719,-149.96005249023438,1560.546875,-0.17307698726654053,0.8556946516036987,0.48767921328544617,-0.9702330231666565,-0.2332877814769745,0.06499787420034409,0.16938793659210205,-0.4619128406047821,0.8705999255180359
300,1650639410.8162777,36.08121871948242,-68.62902069091797,1504.48876953125,-0.6418333053588867,0.7052762508392334,0.3010571599006653,-0.5201100707054138,-0.6888610124588013,0.5049316883087158,0.563502848148346,0.1674990952014923,0.8089552521705627
4,1650639410.8163044,-79.43814849853516,-150.46641540527344,1560.4373779296875,-0.16962626576423645,0.8611760139465332,0.47916892170906067,-0.9700360298156738,-0.23171746730804443,0.07305550575256348,0.17394545674324036,-0.4524189829826355,0.8746771216392517
300,1650639410.8437238,36.07448959350586,-68.64498901367188,1504.505126953125,-0.641880989074707,0.7052784562110901,0.3009503185749054,-0.5200367569923401,-0.688811719417572,0.5050744414329529,0.5635161995887756,0.16769245266914368,0.8089058995246887
4,1650639410.8437476,-78.91426086425781,-150.83705139160156,1560.4610595703125,-0.16878657042980194,0.8637375831604004,0.47483518719673157,-0.9701014161109924,-0.2308139055967331,0.07502089440822601,0.17439693212509155,-0.4479757845401764,0.8768714070320129
300,1650639410.8823242,36.066978454589844,-68.6448745727539,1504.471923828125,-0.6418747305870056,0.7052662968635559,0.30099213123321533,-0.520058274269104,-0.6888415813446045,0.5050115585327148,0.5635035037994385,0.1676207035779953,0.8089295625686646
4,1650639410.8823493,-78.77912139892578,-151.2422332763672,1560.3582763671875,-0.1694413721561432,0.8638233542442322,0.47444576025009155,-0.9697812795639038,-0.23188555240631104,0.07585077732801437,0.1755387932062149,-0.4472563564777374,0.8770107626914978
300,1650639410.907912,36.056419372558594,-68.66297149658203,1504.43505859375,-0.641677975654602,0.705540657043457,0.3007686138153076,-0.5197717547416687,-0.688393771648407,0.5059162974357605,0.5639917850494385,0.16830432415008545,0.8084472417831421
4,1650639410.9079366,-78.7431411743164,-151.4908905029297,1560.2950439453125,-0.17105484008789062,0.863934338092804,0.47366413474082947,-0.9693205952644348,-0.23369331657886505,0.07619045674800873,0.17651569843292236,-0.4460996687412262,0.877403736114502
300,1650639410.947461,36.07231140136719,-68.659423828125,1504.4525146484375,-0.6419445872306824,0.7055498361587524,0.30017757415771484,-0.5198507905006409,-0.6882677674293518,0.5060065388679504,0.5636153817176819,0.1687806397676468,0.8086103796958923
4,1650639410.9474914,-78.6965103149414,-151.58810424804688,1560.3934326171875,-0.17232415080070496,0.8642321228981018,0.472659707069397,-0.9689872860908508,-0.2350008189678192,0.07640878111124039,0.17711034417152405,-0.4448341727256775,0.877926230430603
300,1650639410.9765909,36.07441329956055,-68.65888977050781,1504.459228515625,-0.6418534517288208,0.7053130865097046,0.3009279668331146,-0.5199055075645447,-0.6887282729148865,0.5053232908248901,0.5636687278747559,0.16788938641548157,0.8087587356567383
4,1650639410.9766154,-78.6103744506836,-151.6463623046875,1560.4317626953125,-0.17245563864707947,0.8654226660728455,0.47042813897132874,-0.9686609506607056,-0.2356724888086319,0.07845041155815125,0.17875973880290985,-0.4421561360359192,0.8789442181587219
300,1650639411.0130925,36.07014465332031,-68.66280364990234,1504.456787109375,-0.6417582631111145,0.7053496837615967,0.30104517936706543,-0.5198467969894409,-0.6886969208717346,0.5054263472557068,0.5638312101364136,0.1678641438484192,0.8086507320404053
4,1650639411.013119,-78.27091217041016,-151.7978515625,1560.4622802734375,-0.17122957110404968,0.8679680228233337,0.4661673307418823,-0.9684692621231079,-0.2351905107498169,0.08217493444681168,0.18096335232257843,-0.43739792704582214,0.8808718919754028
300,1650639411.038617,36.06735610961914,-68.64319610595703,1504.45166015625,-0.6416534781455994,0.7051886916160583,0.3016449809074402,-0.5199596285820007,-0.689052402973175,0.5048254728317261,0.5638464093208313,0.16707979142665863,0.8088025450706482
4,1650639411.0386407,-78.23238372802734,-151.74444580078125,1560.4334716796875,-0.17100535333156586,0.8679042458534241,0.46636828780174255,-0.9687113761901855,-0.23451915383338928,0.08123479038476944,0.17987631261348724,-0.43788468837738037,0.8808526992797852
300,1650639411.0787327,36.06614303588867,-68.62593841552734,1504.443115234375,-0.6416349411010742,0.7052627801895142,0.3015112578868866,-0.5199368000030518,-0.6889308094978333,0.5050148367881775,0.5638886094093323,0.16726836562156677,0.8087341785430908
4,1650639411.0787585,-77.90374755859375,-151.70704650878906,1559.9384765625,-0.17040970921516418,0.8698663115501404,0.46291810274124146,-0.9693480134010315,-0.23236913979053497,0.07980628311634064,0.17698867619037628,-0.43512898683547974,0.8828011155128479
300,1650639411.1050675,36.076515197753906,-68.61080932617188,1504.4444580078125,-0.6416905522346497,0.7053350210189819,0.3012238144874573,-0.5198911428451538,-0.6887685656547546,0.5052831768989563,0.5638673901557922,0.1676318198442459,0.8086736798286438
4,1650639411.1050923,-77.60162353515625,-151.63961791992188,1559.4495849609375,-0.17016209661960602,0.8717626929283142,0.4594285786151886,-0.9698243141174316,-0.23076331615447998,0.07867059111595154,0.17460136115550995,-0.4321782886981964,0.8847238421440125
300,1650639411.1448672,36.09495544433594,-68.56047821044922,1504.4322509765625,-0.6416557431221008,0.7052574753761292,0.30147939920425415,-0.5200557112693787,-0.6889646649360657,0.5048462152481079,0.563755214214325,0.16715137660503387,0.8088513016700745
4,1650639411.1448925,-77.10419464111328,-151.51809692382812,1558.7589111328125,-0.16995349526405334,0.8769140839576721,0.449597030878067,-0.9703015685081482,-0.22860316932201385,0.07909124344587326,0.17213553190231323,-0.4228028953075409,0.8897230625152588
300,1650639411.1738782,36.101356506347656,-68.55292510986328,1504.4227294921875,-0.6416639685630798,0.7052701711654663,0.3014320731163025,-0.5200597047805786,-0.6889404654502869,0.5048751831054688,0.5637421607971191,0.1671975553035736,0.808850884437561
4,1650639411.1739042,-77.0652847290039,-151.4512939453125,1558.3831787109375,-0.1702776998281479,0.8780174255371094,0.4473152458667755,-0.9705193042755127,-0.22801369428634644,0.07811540365219116,0.1705806851387024,-0.4208267629146576,0.8909584879875183
300,1650639411.2104259,36.09977722167969,-68.56552124023438,1504.46630859375,-0.6418673992156982,0.7049751877784729,0.30168893933296204,-0.520396888256073,-0.6894329190254211,0.503854513168335,0.5631992220878601,0.16640977561473846,0.8093913793563843
4,1650639411.2104564,-76.79388427734375,-151.51661682128906,1558.0845947265625,-0.17103558778762817,0.8798768520355225,0.44335484504699707,-0.9706394672393799,-0.22771905362606049,0.07747934758663177,0.16913263499736786,-0.4170859754085541,0.892991304397583
300,1650639411.2759042,36.086700439453125,-68.59688568115234,1504.47021484375,-0.6415977478027344,0.7050638794898987,0.30205512046813965,-0.520125150680542,-0.6893376111984253,0.5042653679847717,0.5637572407722473,0.16642902791500092,0.8089988827705383
4,1650639411.2759297,-75.39373779296875,-152.0347137451172,1558.0777587890625,-0.16781681776046753,0.8870143294334412,0.4301663041114807,-0.9705349802970886,-0.22519388794898987,0.0857299268245697,0.17291449010372162,-0.4031045138835907,0.8986697793006897
300,1650639411.3062515,36.08781433105469,-68.60025024414062,1504.47412109375,-0.6416094303131104,0.7049687504768372,0.30225223302841187,-0.5201961994171143,-0.6895115375518799,0.5039541125297546,0.5636782646179199,0.16611126065254211,0.8091191649436951
4,1650639411.306276,-74.61605072021484,-152.32395935058594,1558.147705078125,-0.16624373197555542,0.890911340713501,0.42265820503234863,-0.9706018567085266,-0.22349677979946136,0.0893377810716629,0.17405478656291962,-0.39538097381591797,0.9018751382827759
300,1650639411.3371613,36.07901382446289,-68.6177749633789,1504.4791259765625,-0.6415978074073792,0.7051073908805847,0.3019532859325409,-0.5198900103569031,-0.6891953349113464,0.5047020316123962,0.5639739036560059,0.16683322191238403,0.8087645173072815
4,1650639411.3371856,-73.92400360107422,-152.5889129638672,1558.1513671875,-0.16480906307697296,0.8951582312583923,0.41416144371032715,-0.9704878926277161,-0.2221197932958603,0.09389372915029526,0.17604319751262665,-0.3864641487598419,0.9053475856781006
300,1650639411.4042995,36.078365325927734,-68.61318969726562,1504.445556640625,-0.64161616563797,0.7052410244941711,0.3016020953655243,-0.5199165940284729,-0.6889706254005432,0.5049813389778137,0.5639285445213318,0.16719627380371094,0.8087212443351746
4,1650639411.4043245,-72.55133056640625,-152.9662628173828,1557.775390625,-0.16338960826396942,0.9032975435256958,0.3966829180717468,-0.9704885482788086,-0.21944713592529297,0.09997488558292389,0.1773580014705658,-0.36864137649536133,0.9124953150749207
300,1650639411.4364147,36.08283615112305,-68.60226440429688,1504.4345703125,-0.6415040493011475,0.7052149772644043,0.3019011914730072,-0.5198904275894165,-0.6890619397163391,0.5048837065696716,0.5640801787376404,0.1669294238090515,0.8086705803871155
4,1650639411.436439,-72.28491973876953,-152.9848175048828,1557.52978515625,-0.16333511471748352,0.9053484201431274,0.3920023441314697,-0.9704720973968506,-0.21892903745174408,0.10126188397407532,0.177497997879982,-0.3638877272605896,0.9143742322921753
300,1650639411.491489,36.08930206298828,-68.58867645263672,1504.427734375,-0.6416273713111877,0.7050809264183044,0.3019523620605469,-0.520110547542572,-0.6892901659011841,0.504345178604126,0.5637369751930237,0.1665530502796173,0.8089874386787415
4,1650639411.4915442,-72.51605224609375,-152.83273315429688,1557.103515625,-0.1648360639810562,0.9054876565933228,0.39105135202407837,-0.9705183506011963,-0.219589501619339,0.09937097877264023,0.17584995925426483,-0.36314257979393005,0.91498863697052
300,1650639411.5244405,36.10027313232422,-68.56739044189453,1504.4344482421875,-0.6420267820358276,0.7051631808280945,0.3009095788002014,-0.5203441977500916,-0.6890237927436829,0.5044681429862976,0.5630661845207214,0.16730548441410065,0.8092992901802063
4,1650639411.5244665,-72.52815246582031,-152.77548217773438,1556.91796875,-0.16485530138015747,0.9052721858024597,0.3915417790412903,-0.9708786010742188,-0.2189045399427414,0.09734267741441727,0.17383189499378204,-0.364092081785202,0.9149969816207886
300,1650639411.5543566,36.10054016113281,-68.55772399902344,1504.453857421875,-0.6420183777809143,0.7050395607948303,0.30121690034866333,-0.5204147696495056,-0.6892558932304382,0.5040781497955322,0.563010573387146,0.16686971485614777,0.8094279766082764
4,1650639411.554382,-72.34982299804688,-152.79660034179688,1556.7880859375,-0.16403032839298248,0.9053765535354614,0.39164698123931885,-0.9711971879005432,-0.2177795022726059,0.09668569266796112,0.17282964289188385,-0.3645070493221283,0.9150215983390808
300,1650639411.5951617,36.099910736083984,-68.56963348388672,1504.44775390625,-0.6418133974075317,0.705193817615509,0.30129265785217285,-0.5202280879020691,-0.6890440583229065,0.5045602321624756,0.5634166598320007,0.16709262132644653,0.8090993165969849
4,1650639411.5952003,-71.73737335205078,-152.9832000732422,1556.740234375,-0.16140051186084747,0.9071148037910461,0.38870638608932495,-0.9716808795928955,-0.21494753658771515,0.09815195947885513,0.1725865751504898,-0.3618567883968353,0.9161187410354614
300,1650639411.623886,36.09545135498047,-68.57013702392578,1504.4375,-0.6416280269622803,0.7050275206565857,0.30207559466362,-0.5201864242553711,-0.689401388168335,0.5041148662567139,0.5636662244796753,0.1663186103105545,0.8090850114822388
4,1650639411.6239116,-71.04512023925781,-153.18775939941406,1556.6143798828125,-0.1580185890197754,0.909561038017273,0.3843550682067871,-0.972065806388855,-0.21170206367969513,0.10134241729974747,0.17354588210582733,-0.357604444026947,0.9176060557365417
300,1650639411.6580613,36.09305191040039,-68.56781005859375,1504.441162109375,-0.6417308449745178,0.7050333619117737,0.3018434941768646,-0.52029949426651,-0.6893743872642517,0.5040351152420044,0.5634447336196899,0.16640587151050568,0.8092213273048401
4,1650639411.6580849,-70.32513427734375,-153.36627197265625,1556.3759765625,-0.15400663018226624,0.9112476706504822,0.3819812536239624,-0.9728732705116272,-0.20738978683948517,0.10250374674797058,0.1726253181695938,-0.35583311319351196,0.9184678792953491
300,1650639411.701429,36.091827392578125,-68.57543182373047,1504.4581298828125,-0.6418271064758301,0.7050614356994629,0.30157312750816345,-0.5202150344848633,-0.6892549395561218,0.5042855739593506,0.5634130835533142,0.16678127646446228,0.8091660737991333
4,1650639411.701455,-69.62671661376953,-153.49102783203125,1555.953369140625,-0.14886854588985443,0.9118614792823792,0.38255298137664795,-0.9742873311042786,-0.20141912996768951,0.10096798837184906,0.16912230849266052,-0.35768556594848633,0.9184000492095947
300,1650639411.7283978,36.091827392578125,-68.5862808227539,1504.5064697265625,-0.6417675018310547,0.7051897048950195,0.30139994621276855,-0.5201025605201721,-0.68903648853302,0.5047000050544739,0.5635848045349121,0.16714118421077728,0.808972179889679
4,1650639411.7284238,-69.24156188964844,-153.54852294921875,1555.7215576171875,-0.14600425958633423,0.9121741056442261,0.3829113841056824,-0.9751437902450562,-0.19790785014629364,0.09963472932577133,0.16666539013385773,-0.3588465452194214,0.9183962941169739
300,1650639411.767935,36.08872604370117,-68.5863037109375,1504.486328125,-0.6415726542472839,0.7051183581352234,0.3019811809062958,-0.5200424194335938,-0.6892345547676086,0.5044914484024048,0.5638620257377625,0.16662488877773285,0.8088855147361755
4,1650639411.7679582,-68.62723541259766,-153.6159210205078,1555.2490234375,-0.14194157719612122,0.9126718640327454,0.38325271010398865,-0.9763208627700806,-0.19293110072612762,0.09785256534814835,0.16324865818023682,-0.3602882921695709,0.9184455275535583
300,1650639411.7959132,36.0898323059082,-68.584716796875,1504.458984375,-0.6415939927101135,0.7051846981048584,0.3017808198928833,-0.5200936198234558,-0.6891282200813293,0.5045838952064514,0.563790500164032,0.16678372025489807,0.8089026212692261
4,1650639411.7959387,-68.14532470703125,-153.6521759033203,1554.77392578125,-0.13857083022594452,0.913288950920105,0.38301628828048706,-0.9772000908851624,-0.18891173601150513,0.09691379219293594,0.16086655855178833,-0.3608541190624237,0.9186437129974365
300,1650639411.8358397,36.092586517333984,-68.57904815673828,1504.465576171875,-0.641714870929718,0.7052037119865417,0.30147919058799744,-0.5201371908187866,-0.6890494227409363,0.5046465992927551,0.563612699508667,0.16702868044376373,0.8089759945869446
4,1650639411.8358653,-67.35309600830078,-153.66928100585938,1553.9119873046875,-0.1337829977273941,0.9149864315986633,0.38065990805625916,-0.9788471460342407,-0.18200063705444336,0.09345612674951553,0.1547914296388626,-0.3601050078868866,0.9199804067611694
300,1650639411.878119,36.093536376953125,-68.57292175292969,1504.4781494140625,-0.6417462229728699,0.7049790620803833,0.3019375503063202,-0.5201699137687683,-0.689419150352478,0.5041075944900513,0.5635468363761902,0.16645030677318573,0.8091410398483276
4,1650639411.8781438,-67.08329772949219,-153.49461364746094,1552.9752197265625,-0.1297290325164795,0.9137228727340698,0.38507261872291565,-0.9804535508155823,-0.1761450320482254,0.08765736222267151,0.14792315661907196,-0.3661741018295288,0.9187139272689819
300,1650639411.904357,36.097225189208984,-68.57524871826172,1504.4881591796875,-0.6418034434318542,0.7050685286521912,0.3016068935394287,-0.5201552510261536,-0.689237117767334,0.5043716430664062,0.5634952187538147,0.1668250411748886,0.8090998530387878
4,1650639411.9043813,-67.1784439086914,-153.27777099609375,1552.215087890625,-0.12795758247375488,0.9123052954673767,0.38900628685951233,-0.9813799262046814,-0.1731220781803131,0.0831996351480484,0.143249049782753,-0.37111696600914,0.917470395565033
300,1650639411.9349504,36.09614944458008,-68.5809097290039,1504.4818115234375,-0.6417653560638428,0.7052052021026611,0.3013682961463928,-0.5200574398040771,-0.6889982223510742,0.5047986507415771,0.5636288523674011,0.1672334522008896,0.8089224100112915
4,1650639411.9349892,-67.55628204345703,-152.91050720214844,1551.290771484375,-0.1278654783964157,0.909361720085144,0.3958682715892792,-0.9826550483703613,-0.170211523771286,0.07360070943832397,0.1343110054731369,-0.3795909583568573,0.9153530597686768
300,1650639411.9653559,36.09437942504883,-68.58148956298828,1504.4603271484375,-0.641721248626709,0.7052183747291565,0.30143147706985474,-0.5200437307357788,-0.6889940500259399,0.5048184990882874,0.5636917352676392,0.16719520092010498,0.8088864684104919
4,1650639411.9653804,-67.97722625732422,-152.50738525390625,1550.362060546875,-0.12776057422161102,0.9065840840339661,0.4022219479084015,-0.9837283492088318,-0.1674818992614746,0.06502561271190643,0.12631608545780182,-0.38736942410469055,0.9132300615310669
300,1650639412.0047514,36.08952331542969,-68.57357025146484,1504.4840087890625,-0.6416902542114258,0.7050124406814575,0.30197855830192566,-0.5201815366744995,-0.689394474029541,0.5041293501853943,0.5635998249053955,0.16641122102737427,0.8091121912002563
4,1650639412.0047772,-68.6467056274414,-151.85609436035156,1549.03515625,-0.12826870381832123,0.9026253819465637,0.4108704924583435,-0.9849804639816284,-0.1642335206270218,0.05329947918653488,0.11558817327022552,-0.3978627622127533,0.9101343750953674
300,1650639412.0315928,36.088016510009766,-68.5763931274414,1504.4771728515625,-0.6417557597160339,0.7052633166313171,0.3012527525424957,-0.5201408267021179,-0.6889304518699646,0.504805326461792,0.5635628700256348,0.16726788878440857,0.8089612722396851
4,1650639412.0316179,-68.99663543701172,-151.43211364746094,1547.983154296875,-0.12855328619480133,0.9009886384010315,0.41435912251472473,-0.9857181906700134,-0.16192185878753662,0.04627010226249695,0.10878263413906097,-0.4024931788444519,0.9089365005493164
300,1650639412.0724123,36.08879089355469,-68.57148742675781,1504.4410400390625,-0.6415786743164062,0.7051506638526917,0.3018929660320282,-0.5199868679046631,-0.6891611814498901,0.5046489238739014,0.5639064311981201,0.1667916178703308,0.8088201880455017
4,1650639412.0724366,-69.41150665283203,-150.80540466308594,1546.533447265625,-0.12863868474960327,0.8983739018440247,0.41997188329696655,-0.9868419766426086,-0.15779408812522888,0.03526910021901131,0.0979539230465889,-0.4099089205265045,0.9068515300750732
300,1650639412.1012096,36.093292236328125,-68.5562744140625,1504.4468994140625,-0.6415395736694336,0.7049137353897095,0.3025286793708801,-0.5201847553253174,-0.6896340847015381,0.5037981867790222,0.5637683272361755,0.1658356934785843,0.8091129660606384
4,1650639412.1012337,-69.63785552978516,-150.3968505859375,1545.5933837890625,-0.1281893104314804,0.8964471817016602,0.42420509457588196,-0.9875901341438293,-0.15451914072036743,0.028099041432142258,0.09073711186647415,-0.41533875465393066,0.9051300883293152
300,1650639412.1364818,36.10592269897461,-68.55773162841797,1504.4786376953125,-0.6419205665588379,0.7051290273666382,0.3012159466743469,-0.5203038454055786,-0.6891218423843384,0.5043758749961853,0.5632245540618896,0.1670454442501068,0.8092427849769592
4,1650639412.136508,-69.95101928710938,-149.96206665039062,1544.609619140625,-0.12877246737480164,0.895077645778656,0.42691171169281006,-0.988066554069519,-0.15249334275722504,0.021685093641281128,0.08451103419065475,-0.4190247654914856,0.9040332436561584
300,1650639412.1646602,36.10036087036133,-68.56964111328125,1504.495361328125,-0.6419622898101807,0.7052889466285706,0.30075231194496155,-0.5201647877693176,-0.6887915730476379,0.5049700140953064,0.5633054375648499,0.1677309274673462,0.8090447187423706
4,1650639412.1646843,-70.28495025634766,-149.59906005859375,1543.869384765625,-0.12998589873313904,0.8936314582824707,0.4295654296875,-0.9884466528892517,-0.15085269510746002,0.014718538150191307,0.07795404642820358,-0.4226893186569214,0.9029157757759094
300,1650639412.1975782,36.091434478759766,-68.56078338623047,1504.522216796875,-0.6416958570480347,0.7050203680992126,0.301948219537735,-0.5202368497848511,-0.6893948912620544,0.5040717720985413,0.5635424256324768,0.16637618839740753,0.8091593980789185
4,1650639412.197604,-70.62789154052734,-149.22923278808594,1543.0802001953125,-0.13099434971809387,0.8923199772834778,0.43197867274284363,-0.9886861443519592,-0.14970260858535767,0.009422487579286098,0.07307620346546173,-0.4258570671081543,0.9018346071243286
300,1650639412.2242765,36.09461975097656,-68.55300903320312,1504.49755859375,-0.6416040658950806,0.7049006819725037,0.3024223744869232,-0.5202963948249817,-0.6896570920944214,0.5036514401435852,0.5635919570922852,0.16579553484916687,0.8092440366744995
4,1650639412.2243016,-70.92720031738281,-148.96957397460938,1542.62255859375,-0.13169898092746735,0.8913800716400146,0.4337015151977539,-0.9887888431549072,-0.14918506145477295,0.006359458900988102,0.07037048041820526,-0.42800167202949524,0.9010341763496399
300,1650639412.2665062,36.10072708129883,-68.5552749633789,1504.4591064453125,-0.641854465007782,0.70501309633255,0.30162790417671204,-0.5203645825386047,-0.6893664598464966,0.5039787888526917,0.5632438063621521,0.16652455925941467,0.80933678150177
4,1650639412.2665312,-71.13143157958984,-148.7197265625,1542.1199951171875,-0.13264571130275726,0.8894016742706299,0.43745824694633484,-0.9889788627624512,-0.14805245399475098,0.0011299399193376303,0.06577173620462418,-0.4324871003627777,0.8992379903793335
300,1650639412.2968824,36.110652923583984,-68.55497741699219,1504.4779052734375,-0.6422497034072876,0.7052325010299683,0.30027058720588684,-0.5204134583473206,-0.6888165473937988,0.5046796798706055,0.5627478957176208,0.16786552965641022,0.809404730796814
4,1650639412.296919,-71.17282104492188,-148.6824951171875,1542.0172119140625,-0.13214899599552155,0.8894498944282532,0.4375106394290924,-0.9889965057373047,-0.1479252129793167,0.002004889538511634,0.06650210171937943,-0.43243154883384705,0.8992109894752502
300,1650639412.332354,36.09220886230469,-68.56488037109375,1504.4586181640625,-0.6417878866195679,0.7052319645881653,0.3012576401233673,-0.5201401114463806,-0.6889667510986328,0.5047564506530762,0.5635268688201904,0.1672503799200058,0.8089900016784668
4,1650639412.3323789,-71.01019287109375,-148.8370361328125,1542.4376220703125,-0.13108007609844208,0.8888918161392212,0.43896400928497314,-0.9890792965888977,-0.14735309779644012,0.0030352631583809853,0.06738072633743286,-0.43377232551574707,0.8984995484352112
300,1650639412.360102,36.09713363647461,-68.56090545654297,1504.447021484375,-0.6417604088783264,0.7051795125007629,0.30143892765045166,-0.5202175974845886,-0.6890912652015686,0.5045065879821777,0.563486635684967,0.1669585257768631,0.8090782761573792
4,1650639412.3601248,-70.61956024169922,-149.05718994140625,1542.881591796875,-0.12912078201770782,0.8905689120292664,0.43613624572753906,-0.9892011284828186,-0.14643512666225433,0.006154357921332121,0.06934654712677002,-0.4306318163871765,0.899859607219696
300,1650639412.3979363,36.10329055786133,-68.56790924072266,1504.45166015625,-0.6418470740318298,0.7052637934684753,0.30105698108673096,-0.5201411843299866,-0.6888842582702637,0.5048679113388062,0.5634585022926331,0.16745585203170776,0.8089950680732727
4,1650639412.397962,-69.6929702758789,-149.52664184570312,1543.43359375,-0.12414459139108658,0.8926851749420166,0.43324506282806396,-0.9894415736198425,-0.14427761733531952,0.013758204877376556,0.07478930801153183,-0.426962673664093,0.9011711478233337
300,1650639412.4241867,36.09994125366211,-68.5677261352539,1504.4696044921875,-0.6417158842086792,0.7050710320472717,0.3017873167991638,-0.5202571749687195,-0.689306378364563,0.5041718482971191,0.5635008811950684,0.16652807593345642,0.8091570734977722
