300,1650640631.2051258,-3.0918450355529785,20.73225212097168,1204.881591796875,-0.2613341212272644,0.819068968296051,0.510715663433075,-0.590951681137085,-0.5541176795959473,0.5862846374511719,0.7632041573524475,-0.14859212934970856,0.6288400292396545
300,1650640631.23884,-3.08154034614563,20.736047744750977,1204.8897705078125,-0.26138439774513245,0.8191164135932922,0.5106138586997986,-0.5909833908081055,-0.5540682673454285,0.5862993597984314,0.76316237449646,-0.1485147923231125,0.6289089918136597
300,1650640631.2756274,-3.0765132904052734,20.73551368713379,1204.871826171875,-0.2614341378211975,0.81908118724823,0.5106449127197266,-0.5910031199455261,-0.5541160106658936,0.5862343907356262,0.7631300687789917,-0.14853104948997498,0.6289443373680115
300,1650640631.3048515,-3.0822248458862305,20.733238220214844,1204.875,-0.26136696338653564,0.8190935850143433,0.510659396648407,-0.5908793807029724,-0.5541108250617981,0.5863639712333679,0.763248860836029,-0.14848193526268005,0.628811776638031
300,1650640631.33672,-3.0848724842071533,20.72991943359375,1204.900634765625,-0.2614256739616394,0.8191109895706177,0.5106014609336853,-0.5908647179603577,-0.5541068315505981,0.5863825678825378,0.7632401585578918,-0.1484009176492691,0.6288415193557739
300,1650640631.3817716,-3.0792856216430664,20.734468460083008,1204.917236328125,-0.2613914906978607,0.8191156983375549,0.510611355304718,-0.590926468372345,-0.5540817379951477,0.5863440036773682,0.763204038143158,-0.14846844971179962,0.6288694143295288
300,1650640631.41044,-3.0702102184295654,20.73729133605957,1204.9244384765625,-0.2613621652126312,0.8189411759376526,0.5109062194824219,-0.590972900390625,-0.5542664527893066,0.5861226320266724,0.7631781101226807,-0.1487414538860321,0.6288363337516785
4,1650640631.4426577,-22.801408767700195,49.874420166015625,1106.45849609375,-0.21430745720863342,0.11175454407930374,-0.9703521132469177,-0.31739091873168945,-0.947491466999054,-0.039024222642183304,-0.9237614870071411,0.2996177673339844,0.23852436244487762
300,1650640631.4426835,-3.070101499557495,20.73993492126465,1204.9013671875,-0.2613503634929657,0.8188454508781433,0.5110657215118408,-0.5909884572029114,-0.554370641708374,0.5860084295272827,0.7631701231002808,-0.14888040721416473,0.6288131475448608
4,1650640631.4875834,-27.311939239501953,60.14581298828125,1103.1024169921875,-0.2398708611726761,0.24581488966941833,-0.9391682744026184,-0.298119455575943,-0.9393202066421509,-0.169712632894516,-0.9238976240158081,0.23927520215511322,0.2985977232456207
300,1650640631.48761,-3.0814156532287598,20.73577117919922,1204.85693359375,-0.26135191321372986,0.8191678524017334,0.510547935962677,-0.5908259749412537,-0.554032564163208,0.5864917635917664,0.7632953524589539,-0.14836423099040985,0.6287831664085388
4,1650640631.5327227,-32.99151611328125,72.62127685546875,1100.1734619140625,-0.25109171867370605,0.4057767391204834,-0.8788049817085266,-0.28162550926208496,-0.8992396593093872,-0.33474627137184143,-0.9260885715484619,0.16344188153743744,0.3400686979293823
300,1650640631.5327477,-3.0647192001342773,20.73670768737793,1204.85498046875,-0.26137804985046387,0.8190184831619263,0.5107741951942444,-0.590861439704895,-0.5542030334472656,0.586294949054718,0.7632589936256409,-0.14855213463306427,0.6287829279899597
4,1650640631.5611134,-36.85548782348633,79.5362777709961,1098.9573974609375,-0.2584100067615509,0.4846644401550293,-0.8356581926345825,-0.2703567445278168,-0.8667550683021545,-0.4190977215766907,-0.9274327158927917,0.11762679368257523,0.3550104796886444
300,1650640631.5611386,-3.0637283325195312,20.736473083496094,1204.8553466796875,-0.26139286160469055,0.8192676901817322,0.5103667974472046,-0.5908291339874268,-0.5539263486862183,0.5865888595581055,0.7632789015769958,-0.14820942282676697,0.6288396120071411
4,1650640631.5936496,-41.29203796386719,86.6103744506836,1098.0936279296875,-0.26678794622421265,0.5628288984298706,-0.7823348641395569,-0.258586585521698,-0.8237951993942261,-0.5044744610786438,-0.9284164905548096,0.06771358847618103,0.36531862616539
300,1650640631.5936747,-3.068276882171631,20.740684509277344,1204.8643798828125,-0.26136237382888794,0.8191842436790466,0.5105162858963013,-0.5908370614051819,-0.5540139079093933,0.5864982008934021,0.7632832527160645,-0.14834336936473846,0.6288027763366699
4,1650640631.6198807,-44.40467834472656,90.74877166748047,1097.777099609375,-0.2726316452026367,0.6087732911109924,-0.7450282573699951,-0.253157377243042,-0.7924656271934509,-0.5548959970474243,-0.9282151460647583,0.037327174097299576,0.3701666593551636
300,1650640631.6199055,-3.069767475128174,20.7377872467041,1204.888916015625,-0.2613718807697296,0.8192321062088013,0.510434627532959,-0.5909242033958435,-0.5539441704750061,0.5864763259887695,0.7632125020027161,-0.14833973348140717,0.6288895010948181
4,1650640631.6544151,-47.00604248046875,93.50170135498047,1097.6627197265625,-0.2796839475631714,0.6368072032928467,-0.7185078263282776,-0.24824479222297668,-0.7708904147148132,-0.586602509021759,-0.9274435043334961,0.014302507042884827,0.373689740896225
300,1650640631.6544409,-3.0642716884613037,20.72927474975586,1204.8743896484375,-0.2614695131778717,0.8194035887718201,0.5101093053817749,-0.5907796621322632,-0.5537968277931213,0.5867609977722168,0.7632909417152405,-0.14794209599494934,0.628887951374054
4,1650640631.7153146,-45.169677734375,91.87599182128906,1097.7230224609375,-0.27501368522644043,0.6152904629707336,-0.7387727499008179,-0.24971716105937958,-0.787743866443634,-0.5631172060966492,-0.9284443259239197,0.029619302600622177,0.3702889084815979
300,1650640631.7153406,-3.0632143020629883,20.73615074157715,1204.8414306640625,-0.26142600178718567,0.819180965423584,0.5104889869689941,-0.5908689498901367,-0.5540257096290588,0.5864549279212952,0.7632367610931396,-0.14831753075122833,0.6288653016090393
4,1650640631.7757072,-42.15007781982422,86.45365905761719,1098.0294189453125,-0.2724439799785614,0.5625389814376831,-0.7805922031402588,-0.2609262764453888,-0.8240766525268555,-0.5028073191642761,-0.9261164665222168,0.06669019907712936,0.37129589915275574
300,1650640631.775733,-3.0685665607452393,20.737255096435547,1204.8660888671875,-0.2614482641220093,0.819148063659668,0.5105303525924683,-0.590951144695282,-0.554052472114563,0.5863468050956726,0.7631654739379883,-0.14839914441108704,0.628932535648346
4,1650640631.8169758,-42.199554443359375,82.79730987548828,1098.2061767578125,-0.2791796326637268,0.5382775664329529,-0.795183002948761,-0.2734735906124115,-0.838386058807373,-0.47150927782058716,-0.9204732179641724,0.08582575619220734,0.3812650144100189
300,1650640631.8170018,-3.071481943130493,20.733278274536133,1204.872802734375,-0.26140469312667847,0.8192960619926453,0.5103151202201843,-0.5907812714576721,-0.5539056658744812,0.5866566300392151,0.7633119225502014,-0.14812980592250824,0.6288183331489563
4,1650640631.8430214,-42.68267822265625,80.4334487915039,1098.327880859375,-0.28644946217536926,0.5204319357872009,-0.8044235706329346,-0.2802620530128479,-0.8483975529670715,-0.4490821361541748,-0.9161877036094666,0.09681007266044617,0.38888034224510193
300,1650640631.843046,-3.0657241344451904,20.732763290405273,1204.87109375,-0.26141807436943054,0.8192328810691833,0.5104097127914429,-0.590641975402832,-0.5540083646774292,0.5866999626159668,0.7634150981903076,-0.14809544384479523,0.6287010908126831
4,1650640631.8780704,-43.70237350463867,77.76868438720703,1098.4644775390625,-0.2985967695713043,0.49786481261253357,-0.8142300844192505,-0.286224365234375,-0.860595166683197,-0.42124995589256287,-0.9104480147361755,0.10726860910654068,0.3994719684123993
300,1650640631.8780963,-3.0566673278808594,20.744976043701172,1204.8555908203125,-0.2614613473415375,0.8193536996841431,0.5101935863494873,-0.5908904671669006,-0.5538308620452881,0.5866172313690186,0.7632079720497131,-0.14809082448482513,0.6289536356925964
4,1650640631.9044878,-44.485877990722656,75.83228302001953,1098.6317138671875,-0.30790194869041443,0.4782426655292511,-0.8224842548370361,-0.28955262899398804,-0.8705776333808899,-0.39781132340431213,-0.9062867164611816,0.11566559225320816,0.4065289795398712
300,1650640631.9045124,-3.059889793395996,20.744749069213867,1204.868896484375,-0.26139962673187256,0.8191379904747009,0.5105714201927185,-0.5908499956130981,-0.5540728569030762,0.5864295363426208,0.7632604241371155,-0.1483786553144455,0.6288221478462219
4,1650640631.9394877,-45.649139404296875,73.8939208984375,1098.851806640625,-0.3187606632709503,0.46160680055618286,-0.8278350234031677,-0.29410234093666077,-0.8784560561180115,-0.3765883445739746,-0.9010524153709412,0.123426653444767,0.4157768785953522
300,1650640631.9395413,-3.068333387374878,20.739978790283203,1204.8946533203125,-0.2613479197025299,0.8191475868225098,0.5105825066566467,-0.5907145738601685,-0.554076611995697,0.5865623950958252,0.7633829712867737,-0.14831164479255676,0.628689169883728
4,1650640631.9844887,-47.06239700317383,72.45748138427734,1099.0323486328125,-0.328364759683609,0.4533345699310303,-0.8286521434783936,-0.2981681525707245,-0.8821889758110046,-0.3644700050354004,-0.8962545990943909,0.12739858031272888,0.4248496890068054
300,1650640631.9845152,-3.07043719291687,20.742008209228516,1204.8843994140625,-0.2613564133644104,0.8192209601402283,0.5104604363441467,-0.5908769965171814,-0.5539626479148865,0.5865063667297363,0.7632543444633484,-0.1483321636915207,0.6288405060768127
4,1650640632.012955,-47.2862434387207,71.52645874023438,1099.1663818359375,-0.3323950171470642,0.4406978487968445,-0.8338459134101868,-0.29836761951446533,-0.8878443241119385,-0.3502987325191498,-0.8947012424468994,0.13235506415367126,0.4266050159931183
300,1650640632.0129795,-3.0663273334503174,20.738378524780273,1204.8486328125,-0.26137587428092957,0.8190658688545227,0.5106993317604065,-0.5908046364784241,-0.5541592240333557,0.5863935947418213,0.7633036971092224,-0.14845436811447144,0.6287517547607422
4,1650640632.0455465,-47.893184661865234,70.95111846923828,1099.2293701171875,-0.3368222117424011,0.4336223304271698,-0.8357765674591064,-0.2979257106781006,-0.8911183476448059,-0.3422694802284241,-0.8931915163993835,0.13371537625789642,0.42933568358421326
300,1650640632.0455725,-3.0621020793914795,20.739593505859375,1204.8475341796875,-0.2613619267940521,0.8191669583320618,0.5105443000793457,-0.5909016132354736,-0.5540211796760559,0.5864263772964478,0.7632334232330322,-0.14841191470623016,0.628847062587738
4,1650640632.0741801,-48.42184066772461,70.70374298095703,1099.2752685546875,-0.3399783670902252,0.42978060245513916,-0.8364827036857605,-0.2978355288505554,-0.8928866982460022,-0.337708979845047,-0.8920250535011292,0.13432052731513977,0.4315660893917084
300,1650640632.074204,-3.064337730407715,20.738765716552734,1204.85595703125,-0.261341392993927,0.8191824555397034,0.5105299353599548,-0.5907745957374573,-0.5540234446525574,0.5865521430969238,0.7633387446403503,-0.14831773936748505,0.628741443157196
4,1650640632.1101985,-48.89939498901367,69.9767837524414,1099.419189453125,-0.3444310426712036,0.41989874839782715,-0.8396739363670349,-0.29746323823928833,-0.8971288204193115,-0.3266121447086334,-0.8904396891593933,0.1372767686843872,0.43390345573425293
300,1650640632.1102245,-3.0693976879119873,20.739116668701172,1204.85302734375,-0.2612822949886322,0.8189850449562073,0.5108767747879028,-0.590827226638794,-0.5542266964912415,0.5863070487976074,0.7633182406425476,-0.14864826202392578,0.6286882758140564
4,1650640632.1568887,-49.692596435546875,69.26106262207031,1099.5518798828125,-0.34865978360176086,0.41888874769210815,-0.8384321928024292,-0.3008769154548645,-0.897243320941925,-0.32315245270729065,-0.8876426219940186,0.13959462940692902,0.43886664509773254
300,1650640632.1569128,-3.06988263130188,20.74733543395996,1204.866943359375,-0.2611750364303589,0.8187990784645081,0.5112295150756836,-0.590935230255127,-0.5543949007987976,0.586039125919342,0.7632713317871094,-0.14904475212097168,0.6286513209342957
4,1650640632.1845877,-49.34965133666992,68.69271087646484,1099.6717529296875,-0.34694916009902954,0.41723379492759705,-0.8399656414985657,-0.3037749230861664,-0.8973097801208496,-0.3202435076236725,-0.8873258233070374,0.14405229687690735,0.4380660355091095
300,1650640632.1846123,-3.066516876220703,20.74132537841797,1204.869384765625,-0.2612229883670807,0.8188617825508118,0.5111045837402344,-0.5909233093261719,-0.5543360710144043,0.5861068367958069,0.7632641792297363,-0.1489190310239792,0.6286898255348206
4,1650640632.2164762,-48.64152908325195,67.8652572631836,1099.872314453125,-0.3439352512359619,0.4110780358314514,-0.8442294597625732,-0.30609452724456787,-0.8990511298179626,-0.3130706548690796,-0.8877019286155701,0.1507379710674286,0.4350441098213196
300,1650640632.216501,-3.068408489227295,20.7359676361084,1204.8765869140625,-0.26122450828552246,0.8188839554786682,0.5110683441162109,-0.5909194946289062,-0.5543117523193359,0.5861336588859558,0.7632666230201721,-0.1488877534866333,0.6286942958831787
4,1650640632.2430286,-48.42081069946289,67.8122329711914,1099.909423828125,-0.3419885039329529,0.4131315052509308,-0.8440179228782654,-0.3076961934566498,-0.8978908061981201,-0.3148255944252014,-0.8879002928733826,0.15203437209129333,0.4341873228549957
300,1650640632.243053,-3.0723514556884766,20.74144744873047,1204.8773193359375,-0.2612224221229553,0.8188292980194092,0.5111569166183472,-0.5910053849220276,-0.5543571710586548,0.5860040783882141,0.7632008194923401,-0.14901910722255707,0.628743052482605
4,1650640632.2851868,-48.37394332885742,67.85552215576172,1099.922119140625,-0.3405355215072632,0.4180956184864044,-0.8421589136123657,-0.3092783987522125,-0.8956590294837952,-0.31959623098373413,-0.8879089951515198,0.15162768959999084,0.4343116581439972
300,1650640632.2852118,-3.0750467777252197,20.74161148071289,1204.8544921875,-0.261237770318985,0.8188804388046265,0.5110671520233154,-0.5908501148223877,-0.5543322563171387,0.5861842036247253,0.7633157968521118,-0.1488306224346161,0.6286481022834778
4,1650640632.3258333,-48.52572250366211,67.42289733886719,1100.048828125,-0.34179699420928955,0.4181578457355499,-0.8416168093681335,-0.31164252758026123,-0.8953111171722412,-0.31827178597450256,-0.8865967392921448,0.15349924564361572,0.4363304078578949
300,1650640632.325859,-3.0596940517425537,20.74721336364746,1204.8399658203125,-0.2612767517566681,0.8187738656997681,0.5112179517745972,-0.5909916758537292,-0.5544355511665344,0.5859437584877014,0.7631928324699402,-0.1490320861339569,0.628749668598175
4,1650640632.372654,-48.764461517333984,66.94021606445312,1100.10546875,-0.3429872691631317,0.4183870553970337,-0.8410184383392334,-0.31449195742607117,-0.8948056101799011,-0.31688764691352844,-0.8851296901702881,0.1558050960302353,0.4384863078594208
300,1650640632.3726768,-3.0704104900360107,20.74627113342285,1204.8643798828125,-0.261224627494812,0.819010853767395,0.5108648538589478,-0.5908330082893372,-0.5541830062866211,0.5863425135612488,0.7633335590362549,-0.14866869151592255,0.6286649107933044
4,1650640632.3997853,-48.99662780761719,66.78956604003906,1100.1329345703125,-0.3441843092441559,0.4193492829799652,-0.8400496244430542,-0.3156990110874176,-0.8943095207214355,-0.31708773970603943,-0.8842348456382751,0.1560661941766739,0.4401954412460327
300,1650640632.39981,-3.0768821239471436,20.755056381225586,1204.86865234375,-0.2612462639808655,0.8189327716827393,0.5109789967536926,-0.590939462184906,-0.5542567372322083,0.5861654877662659,0.7632436752319336,-0.14882414042949677,0.628737211227417
4,1650640632.4318542,-49.37892150878906,66.86970520019531,1100.1160888671875,-0.3458063006401062,0.4210442900657654,-0.8385342955589294,-0.31572356820106506,-0.8937712907791138,-0.3185774087905884,-0.8835930228233337,0.15457893908023834,0.44200533628463745
300,1650640632.4318802,-3.082995891571045,20.748306274414062,1204.8836669921875,-0.26120078563690186,0.8188943862915039,0.5110637545585632,-0.5910123586654663,-0.5542763471603394,0.5860734581947327,0.7632027864456177,-0.14896215498447418,0.6287541389465332
4,1650640632.4591684,-49.54354476928711,67.06101989746094,1100.10107421875,-0.3471706211566925,0.42166706919670105,-0.8376571536064148,-0.3151971101760864,-0.8937163949012756,-0.3192518651485443,-0.8832459449768066,0.15319223701953888,0.44318029284477234
300,1650640632.4591923,-3.0963621139526367,20.75640296936035,1204.8826904296875,-0.2611682415008545,0.8187482953071594,0.511314332485199,-0.5908911228179932,-0.5544601678848267,0.5860217809677124,0.7633078098297119,-0.14908082783222198,0.6285985112190247
4,1650640632.496469,-49.4168701171875,67.49356842041016,1100.036865234375,-0.34614792466163635,0.42214423418045044,-0.8378400206565857,-0.31301090121269226,-0.8938431739807129,-0.3210429847240448,-0.8844239711761475,0.15112468600273132,0.4415377080440521
300,1650640632.4964952,-3.0954535007476807,20.758909225463867,1204.86328125,-0.26114270091056824,0.8187310695648193,0.5113550424575806,-0.5909464955329895,-0.5544634461402893,0.5859628915786743,0.7632737159729004,-0.14916351437568665,0.6286203265190125
4,1650640632.5414498,-48.82786178588867,68.58373260498047,1099.8929443359375,-0.3433266878128052,0.42165619134902954,-0.8392453789710999,-0.3067469596862793,-0.8948996067047119,-0.3241311013698578,-0.887712299823761,0.14615312218666077,0.4365846812725067
300,1650640632.541475,-3.0825796127319336,20.750463485717773,1204.895751953125,-0.2612965404987335,0.8189711570739746,0.5108916759490967,-0.5909701585769653,-0.5542179346084595,0.5861713290214539,0.7632027268409729,-0.148757204413414,0.6288027167320251
4,1650640632.5724134,-47.80022048950195,69.81947326660156,1099.7607421875,-0.338174968957901,0.41758260130882263,-0.8433637619018555,-0.29896751046180725,-0.8974091410636902,-0.32446154952049255,-0.8923318386077881,0.14241360127925873,0.42832493782043457
300,1650640632.5724387,-3.094085693359375,20.751575469970703,1204.92626953125,-0.2611179053783417,0.8184741735458374,0.5117787718772888,-0.5910218954086304,-0.5547372698783875,0.5856276154518127,0.7632238268852234,-0.14955459535121918,0.6285879611968994
4,1650640632.602521,-46.27792739868164,72.07337951660156,1099.531982421875,-0.3290335237979889,0.4187443256378174,-0.8463983535766602,-0.28789961338043213,-0.8981179594993591,-0.3324122726917267,-0.8993613123893738,0.13430297374725342,0.4160672426223755
300,1650640632.6025462,-3.0933823585510254,20.74727439880371,1204.9476318359375,-0.2612208425998688,0.8187641501426697,0.511262059211731,-0.591002345085144,-0.5544320940971375,0.5859362483024597,0.7632036805152893,-0.14909832179546356,0.628720760345459
4,1650640632.6326487,-44.54218292236328,75.29447937011719,1099.2720947265625,-0.316209077835083,0.4301064908504486,-0.8455886840820312,-0.27397099137306213,-0.894746720790863,-0.352658748626709,-0.9082685112953186,0.12015286833047867,0.40076375007629395
300,1650640632.632674,-3.0960569381713867,20.746362686157227,1204.96630859375,-0.261066734790802,0.8183056116104126,0.5120742917060852,-0.5910126566886902,-0.5549204349517822,0.5854634046554565,0.7632484436035156,-0.14979736506938934,0.62850022315979
4,1650640632.6650622,-42.29411315917969,79.41943359375,1099.0172119140625,-0.29849332571029663,0.45050886273384094,-0.841393768787384,-0.2583214342594147,-0.886813759803772,-0.38318589329719543,-0.9187881946563721,0.1029716208577156,0.3810840845108032
300,1650640632.665085,-3.099484920501709,20.73536491394043,1204.836669921875,-0.2611941993236542,0.8187733292579651,0.5112610459327698,-0.5909457802772522,-0.5544266700744629,0.5859984159469604,0.7632566690444946,-0.14906814694404602,0.6286636590957642
4,1650640632.7086232,-38.569210052490234,84.55134582519531,1098.8936767578125,-0.27155885100364685,0.4765462577342987,-0.8361575603485107,-0.23876070976257324,-0.8750037550926208,-0.4211433529853821,-0.9323353171348572,0.08527637273073196,0.35139551758766174
300,1650640632.7086487,-3.10023832321167,20.7329044342041,1204.8260498046875,-0.26127389073371887,0.8188685178756714,0.511067807674408,-0.5908933877944946,-0.5543455481529236,0.5861279368400574,0.7632699012756348,-0.14884665608406067,0.6287000179290771
4,1650640632.734211,-36.233154296875,86.60209655761719,1099.0189208984375,-0.25591936707496643,0.4832192659378052,-0.8372600674629211,-0.22975051403045654,-0.8716899752616882,-0.4328640401363373,-0.9389994740486145,0.08158263564109802,0.33410224318504333
300,1650640632.7342348,-3.100094795227051,20.728683471679688,1204.8104248046875,-0.26119378209114075,0.8187904953956604,0.5112337470054626,-0.5909117460250854,-0.5544135570526123,0.5860451459884644,0.7632831335067749,-0.1490226686000824,0.6286422610282898
4,1650640632.7750309,-32.28078079223633,89.9198226928711,1099.376220703125,-0.22726237773895264,0.49989792704582214,-0.8357354998588562,-0.2179001122713089,-0.8625356554985046,-0.456674724817276,-0.9491424560546875,0.07832188159227371,0.30494970083236694
300,1650640632.7750545,-3.0989990234375,20.720577239990234,1204.78564453125,-0.26121431589126587,0.8184226155281067,0.5118120312690735,-0.5908302068710327,-0.554855465888977,0.5857090353965759,0.7633391618728638,-0.14939841628074646,0.6284850239753723
4,1650640632.8182387,-27.771953582763672,91.99734497070312,1100.050537109375,-0.19572217762470245,0.5106898546218872,-0.8371909856796265,-0.21112766861915588,-0.855626106262207,-0.4725770056247711,-0.9576627612113953,0.08426038175821304,0.2752857804298401
300,1650640632.8182645,-3.0983359813690186,20.717670440673828,1204.83447265625,-0.26126256585121155,0.8185287714004517,0.5116175413131714,-0.590772807598114,-0.5547559261322021,0.5858612060546875,0.7633671164512634,-0.1491861343383789,0.6285015344619751
4,1650640632.8789773,-22.51181983947754,92.77130889892578,1100.9791259765625,-0.16170060634613037,0.5136987566947937,-0.842595100402832,-0.21086816489696503,-0.8520973920822144,-0.4790247082710266,-0.9640474915504456,0.10021790117025375,0.24610738456249237
300,1650640632.8790023,-3.100336790084839,20.714841842651367,1204.8218994140625,-0.26126280426979065,0.8185129165649414,0.5116428136825562,-0.5907610654830933,-0.5547764301300049,0.585853636264801,0.7633761167526245,-0.14919689297676086,0.6284880042076111
4,1650640632.9078166,-20.66626739501953,92.65348815917969,1101.35009765625,-0.14936000108718872,0.5161188244819641,-0.8433937430381775,-0.21293842792510986,-0.8497370481491089,-0.48229050636291504,-0.9655821323394775,0.10755602270364761,0.23681825399398804
300,1650640632.9078422,-3.0974955558776855,20.709726333618164,1204.8201904296875,-0.26124486327171326,0.8186199069023132,0.5114807486534119,-0.5907449722290039,-0.5546530485153198,0.5859866738319397,0.7633947134017944,-0.149068683385849,0.6284958720207214
4,1650640632.9668162,-18.34178924560547,92.04178619384766,1101.857177734375,-0.13428528606891632,0.5175007581710815,-0.8450801372528076,-0.2184840589761734,-0.8472796678543091,-0.48413005471229553,-0.9665568470954895,0.11962499469518661,0.22684285044670105
300,1650640632.9668405,-3.095804214477539,20.715381622314453,1204.826171875,-0.2613576352596283,0.8190427422523499,0.5107457637786865,-0.590844452381134,-0.5541739463806152,0.58633953332901,0.7632790803909302,-0.14852699637413025,0.6287644505500793
4,1650640633.0102432,-17.464984893798828,91.64279174804688,1102.0625,-0.1294725239276886,0.5169039368629456,-0.8461956977844238,-0.22124500572681427,-0.846924364566803,-0.48349738121032715,-0.9665855169296265,0.12461694329977036,0.22401584684848785
300,1650640633.0102684,-3.0895636081695557,20.716175079345703,1204.8333740234375,-0.2612151801586151,0.8187253475189209,0.5113271474838257,-0.5910599231719971,-0.5544640421867371,0.5858479142189026,0.7631610631942749,-0.14919260144233704,0.628750205039978
4,1650640633.0749974,-17.416963577270508,91.66543579101562,1102.03955078125,-0.1290091574192047,0.5178138017654419,-0.8457100987434387,-0.22197099030017853,-0.8462758660316467,-0.48429954051971436,-0.9664809703826904,0.12524402141571045,0.2241169661283493
300,1650640633.0750232,-3.0963070392608643,20.721715927124023,1204.84326171875,-0.2612365782260895,0.8184013962745667,0.5118345618247986,-0.5909097790718079,-0.5548691153526306,0.5856158137321472,0.7632700204849243,-0.14946378767490387,0.6285535097122192
4,1650640633.1160514,-17.875288009643555,92.11758422851562,1101.8692626953125,-0.13104817271232605,0.5213949680328369,-0.8431925177574158,-0.2213030308485031,-0.844450831413269,-0.48777836561203003,-0.9663598537445068,0.12267860025167465,0.22605003416538239
300,1650640633.1160774,-3.089857816696167,20.71135902404785,1204.8375244140625,-0.26124507188796997,0.8186398148536682,0.5114488005638123,-0.5907499194145203,-0.5546293258666992,0.5860041379928589,0.763390839099884,-0.1490476429462433,0.6285055875778198
4,1650640633.1418028,-18.182348251342773,92.27488708496094,1101.7220458984375,-0.1340194195508957,0.5197718739509583,-0.8437274694442749,-0.22005635499954224,-0.8457605838775635,-0.4860701560974121,-0.9662370085716248,0.12052474170923233,0.22772745788097382
300,1650640633.1418278,-3.089254856109619,20.714611053466797,1204.8291015625,-0.2612231969833374,0.8186820149421692,0.51139235496521,-0.5906949639320374,-0.5545867681503296,0.5860998630523682,0.7634408473968506,-0.14897403120994568,0.6284622550010681
4,1650640633.177286,-18.926498413085938,92.4574966430664,1101.3359375,-0.138259619474411,0.5227046608924866,-0.8412277102470398,-0.22104032337665558,-0.8442463278770447,-0.48825129866600037,-0.9654146432876587,0.11843980848789215,0.23226398229599
300,1650640633.1773124,-3.0874686241149902,20.723983764648438,1204.8199462890625,-0.26130375266075134,0.8186281323432922,0.5114375352859497,-0.5909345746040344,-0.5546197295188904,0.5858269929885864,0.7632277607917786,-0.14914734661579132,0.6286798715591431
4,1650640633.202899,-18.759138107299805,91.56575775146484,1101.2423095703125,-0.14072762429714203,0.5119674205780029,-0.8473989963531494,-0.22278134524822235,-0.8503412008285522,-0.47674766182899475,-0.9646575450897217,0.12169313430786133,0.23372328281402588
300,1650640633.2029233,-3.0868937969207764,20.720304489135742,1204.8323974609375,-0.26131486892700195,0.8186220526695251,0.5114415884017944,-0.5908339619636536,-0.5546488761901855,0.5859009027481079,0.7633019089698792,-0.14907245337963104,0.6286076903343201
4,1650640633.2378557,-18.776525497436523,89.65000915527344,1101.12060546875,-0.1465551257133484,0.49160799384117126,-0.8583956956863403,-0.22633865475654602,-0.8614097833633423,-0.4546910524368286,-0.9629602432250977,0.12765082716941833,0.23751391470432281
300,1650640633.2378814,-3.083996295928955,20.719655990600586,1204.8282470703125,-0.26136818528175354,0.8186348676681519,0.5113937854766846,-0.5907707810401917,-0.5546584129333496,0.5859555602073669,0.7633325457572937,-0.14896640181541443,0.6285956501960754
4,1650640633.283169,-19.171630859375,86.88997650146484,1100.9488525390625,-0.15501368045806885,0.46627938747406006,-0.8709502220153809,-0.23312391340732574,-0.8739741444587708,-0.4264063835144043,-0.9600124955177307,0.13694050908088684,0.24417883157730103
300,1650640633.2831938,-3.0859131813049316,20.71723175048828,1204.8409423828125,-0.26138678193092346,0.8188794255256653,0.5109925866127014,-0.5907838344573975,-0.5543796420097351,0.5862061381340027,0.7633160948753357,-0.1486596316099167,0.6286882162094116
4,1650640633.3088226,-19.452665328979492,85.35987854003906,1100.8260498046875,-0.16005991399288177,0.45303502678871155,-0.8770063519477844,-0.2376147210597992,-0.880018949508667,-0.4112248718738556,-0.9580814242362976,0.14256900548934937,0.24850355088710785
300,1650640633.308846,-3.076291799545288,20.718658447265625,1204.8499755859375,-0.2613562047481537,0.8186935186386108,0.5113060474395752,-0.5907208919525146,-0.5545982718467712,0.5860627293586731,0.7633752226829529,-0.14886803925037384,0.628567099571228
4,1650640633.3438237,-19.725528717041016,83.27117156982422,1100.81591796875,-0.16546738147735596,0.4354342222213745,-0.8848828077316284,-0.24251706898212433,-0.8876649737358093,-0.39145413041114807,-0.9559320211410522,0.1498263031244278,0.25247982144355774
300,1650640633.343849,-3.0859274864196777,20.71901512145996,1204.8526611328125,-0.2613421678543091,0.8188180923461914,0.5111136436462402,-0.5906689763069153,-0.5544623732566833,0.5862436294555664,0.7634202241897583,-0.14868880808353424,0.6285548806190491
4,1650640633.3723679,-19.78232192993164,81.96058654785156,1100.833251953125,-0.16794931888580322,0.4242018461227417,-0.8898571729660034,-0.24668297171592712,-0.8920449018478394,-0.37868642807006836,-0.9544320702552795,0.15591248869895935,0.25446170568466187
300,1650640633.3723934,-3.075413227081299,20.727710723876953,1204.837646484375,-0.2614189684391022,0.8189762830734253,0.5108209252357483,-0.5906946063041687,-0.5542930364608765,0.5863779187202454,0.7633740901947021,-0.1484488546848297,0.6286675930023193
4,1650640633.4052365,-19.60472869873047,80.56160736083984,1100.716796875,-0.16979089379310608,0.4134942591190338,-0.8945353627204895,-0.251458078622818,-0.8958464860916138,-0.3663712739944458,-0.9528588056564331,0.16273164749145508,0.25608304142951965
300,1650640633.4052622,-3.0531628131866455,20.7315616607666,1204.89404296875,-0.26142919063568115,0.8190906047821045,0.510632336139679,-0.5905413627624512,-0.5541938543319702,0.5866259932518005,0.7634891271591187,-0.14818835258483887,0.6285893321037292
4,1650640633.4329562,-19.394784927368164,79.5479965209961,1100.6492919921875,-0.1708829402923584,0.40656083822250366,-0.8975005745887756,-0.2558848261833191,-0.897956132888794,-0.3580470681190491,-0.9514840841293335,0.16847263276576996,0.25747811794281006
300,1650640633.4329798,-3.048643112182617,20.731325149536133,1204.8780517578125,-0.2615213394165039,0.8192046880722046,0.5104020833969116,-0.5907177329063416,-0.5540490746498108,0.5865851640701294,0.7633211016654968,-0.14809903502464294,0.6288143992424011
4,1650640633.467811,-18.736244201660156,77.97802734375,1100.66015625,-0.17017845809459686,0.3918379247188568,-0.904158353805542,-0.2604560852050781,-0.9027978777885437,-0.34222593903541565,-0.9503693580627441,0.17725405097007751,0.25569331645965576
300,1650640633.467835,-3.048586130142212,20.73442268371582,1204.8895263671875,-0.26144877076148987,0.8192251920700073,0.5104063153266907,-0.5905861258506775,-0.5540348291397095,0.5867311358451843,0.7634478211402893,-0.14803877472877502,0.6286748051643372
4,1650640633.511294,-17.769237518310547,75.87047576904297,1100.5950927734375,-0.16883669793605804,0.3720373213291168,-0.9127334952354431,-0.26718971133232117,-0.908629298210144,-0.32093989849090576,-0.9487380385398865,0.18968656659126282,0.25281453132629395
300,1650640633.5113306,-3.0398612022399902,20.74524688720703,1204.8912353515625,-0.2614672780036926,0.8191132545471191,0.5105764269828796,-0.5906550288200378,-0.5541542172431946,0.5865490436553955,0.7633882164955139,-0.14821115136146545,0.6287065744400024
4,1650640633.575746,-17.10893440246582,72.71742248535156,1099.97265625,-0.17199189960956573,0.35275596380233765,-0.9197728037834167,-0.2812046408653259,-0.9124176502227783,-0.29735153913497925,-0.9441094994544983,0.2075023204088211,0.2561250627040863
300,1650640633.5757725,-3.0247201919555664,20.74909782409668,1204.8902587890625,-0.26149648427963257,0.8192103505134583,0.5104057192802429,-0.5905415415763855,-0.5540711879730225,0.5867416858673096,0.763465940952301,-0.14798489212989807,0.6286653876304626
4,1650640633.616969,-17.057594299316406,70.1754379272461,1099.858642578125,-0.17718277871608734,0.33377283811569214,-0.9258520007133484,-0.29243847727775574,-0.9161020517349243,-0.2742931842803955,-0.9397265315055847,0.22215472161769867,0.2599255442619324
300,1650640633.6169953,-3.0152411460876465,20.76375961303711,1204.9219970703125,-0.2614922523498535,0.8191176056861877,0.510556697845459,-0.5906801819801331,-0.5541499257087708,0.5865277051925659,0.7633601427078247,-0.1482032984495163,0.6287424564361572
4,1650640633.64411,-17.260183334350586,69.06786346435547,1099.777099609375,-0.18130972981452942,0.3277897834777832,-0.9271896481513977,-0.29838067293167114,-0.9167077541351318,-0.26573649048805237,-0.9370676279067993,0.22847485542297363,0.26401418447494507
300,1650640633.6441355,-3.0114283561706543,20.774171829223633,1204.927734375,-0.26144081354141235,0.8191129565238953,0.5105905532836914,-0.590703547000885,-0.554139256477356,0.5865142941474915,0.7633597254753113,-0.14826884865760803,0.6287274956703186
4,1650640633.6777453,-17.634628295898438,68.19473266601562,1099.750732421875,-0.18540503084659576,0.32508301734924316,-0.9273327589035034,-0.30347034335136414,-0.9165074825286865,-0.26061421632766724,-0.9346286654472351,0.2330988049507141,0.2685781717300415
300,1650640633.6777716,-3.00193190574646,20.7711181640625,1204.926513671875,-0.26140934228897095,0.81923508644104,0.5104106664657593,-0.5906487703323364,-0.5540025234222412,0.586698591709137,0.7634128332138062,-0.1481049507856369,0.6287016272544861
4,1650640633.7056978,-17.598106384277344,67.48542785644531,1099.8203125,-0.1869531124830246,0.3167181611061096,-0.9299129843711853,-0.30574893951416016,-0.9183468222618103,-0.25130996108055115,-0.9335770606994629,0.23733672499656677,0.26852402091026306
300,1650640633.705723,-2.9990713596343994,20.770854949951172,1204.9383544921875,-0.2614484131336212,0.8191612958908081,0.5105090141296387,-0.590633749961853,-0.5540989637374878,0.5866226553916931,0.7634110450744629,-0.14815230667591095,0.628692626953125
4,1650640633.7388697,-17.355466842651367,66.58329772949219,1099.6181640625,-0.18773441016674042,0.30720219016075134,-0.9329429864883423,-0.3089136481285095,-0.9200991988182068,-0.240810826420784,-0.9323776960372925,0.24299032986164093,0.26763322949409485
300,1650640633.738895,-3.0026841163635254,20.780366897583008,1204.932861328125,-0.26152095198631287,0.8192841410636902,0.5102747082710266,-0.5906962752342224,-0.5539618134498596,0.5866891741752625,0.7633378505706787,-0.14798587560653687,0.6288207173347473
4,1650640633.7841065,-17.451608657836914,66.12681579589844,1099.0443115234375,-0.1897663027048111,0.30963459610939026,-0.9317269921302795,-0.3128787577152252,-0.9185677766799927,-0.24153698980808258,-0.9306426048278809,0.2456820011138916,0.2711912989616394
300,1650640633.784132,-2.98580265045166,20.783353805541992,1204.9498291015625,-0.2615130543708801,0.8193346858024597,0.5101975798606873,-0.5905874371528625,-0.5539230108261108,0.5868353843688965,0.7634247541427612,-0.14785118401050568,0.6287468671798706
4,1650640633.8110988,-17.393653869628906,65.60203552246094,1099.0120849609375,-0.19026702642440796,0.3065134286880493,-0.9326564073562622,-0.31589415669441223,-0.9186012744903564,-0.23745012283325195,-0.9295210242271423,0.24944178760051727,0.27160534262657166
300,1650640633.811124,-2.979123830795288,20.783313751220703,1204.959228515625,-0.26143935322761536,0.8191527128219604,0.5105274319648743,-0.5906367301940918,-0.5541061758995056,0.5866127610206604,0.7634118795394897,-0.14817258715629578,0.6286868453025818
4,1650640633.8451965,-16.85321044921875,64.35617065429688,1099.4036865234375,-0.19055932760238647,0.29105883836746216,-0.9375349879264832,-0.3191799223423004,-0.921515166759491,-0.2212103009223938,-0.9283379316329956,0.25708866119384766,0.26850345730781555
300,1650640633.845223,-2.9842166900634766,20.79416275024414,1204.9713134765625,-0.2614978551864624,0.8192663788795471,0.5103150606155396,-0.5906863212585449,-0.5539790391921997,0.5866829752922058,0.7633535265922546,-0.14801979064941406,0.6287937164306641
4,1650640633.8762093,-16.79645538330078,63.88127899169922,1099.689208984375,-0.19105109572410583,0.28817880153656006,-0.9383242726325989,-0.32109534740448,-0.921687662601471,-0.21769152581691742,-0.9275760054588318,0.25970137119293213,0.2686223089694977
300,1650640633.8762345,-2.985151767730713,20.794876098632812,1204.98828125,-0.2614334523677826,0.8193355798721313,0.5102369785308838,-0.590584397315979,-0.5539048314094543,0.5868555903434753,0.7634544372558594,-0.14791429042816162,0.6286960244178772
4,1650640633.9097078,-16.734785079956055,63.833251953125,1100.03955078125,-0.191659078001976,0.2864769399166107,-0.9387213587760925,-0.32144731283187866,-0.9220213294029236,-0.21575045585632324,-0.9273286461830139,0.2603989243507385,0.2688010036945343
300,1650640633.9097335,-2.973372220993042,20.80516815185547,1205.002197265625,-0.26140084862709045,0.819125771522522,0.5105903744697571,-0.5905934572219849,-0.5541369915008545,0.5866273045539856,0.7634585499763489,-0.1482064574956894,0.6286221742630005
4,1650640633.9565601,-16.326475143432617,64.2389144897461,1100.347900390625,-0.1899166703224182,0.2856663465499878,-0.939322292804718,-0.31894451379776,-0.9227955341339111,-0.21615451574325562,-0.9285505414009094,0.2585403621196747,0.26636597514152527
300,1650640633.9565837,-2.961613893508911,20.811748504638672,1204.9957275390625,-0.2614009976387024,0.819118857383728,0.5106014609336853,-0.5905756950378418,-0.5541484355926514,0.5866343379020691,0.7634722590446472,-0.14820203185081482,0.6286066174507141
4,1650640633.9998713,-15.890826225280762,65.0889663696289,1100.594482421875,-0.18695427477359772,0.28463655710220337,-0.9402287602424622,-0.31272947788238525,-0.9245555996894836,-0.21770894527435303,-0.9312617182731628,0.2533356249332428,0.2618638575077057
300,1650640633.999898,-2.958294630050659,20.8179931640625,1205.019287109375,-0.26138219237327576,0.819053053855896,0.5107165575027466,-0.5906233191490173,-0.5542105436325073,0.5865277051925659,0.763441801071167,-0.14833323657512665,0.6286126375198364
4,1650640634.0275476,-15.572370529174805,65.98965454101562,1100.7886962890625,-0.18446564674377441,0.2844788432121277,-0.9407678842544556,-0.30682799220085144,-0.9260233640670776,-0.21985745429992676,-0.9337178468704224,0.248097762465477,0.2581055760383606
300,1650640634.0275893,-2.9728448390960693,20.81049919128418,1205.029541015625,-0.26135000586509705,0.819341242313385,0.5102705955505371,-0.5903866291046143,-0.5539180040359497,0.5870421528816223,0.7636359333992004,-0.14783348143100739,0.6284945607185364
4,1650640634.060945,-15.508342742919922,67.58390808105469,1100.952880859375,-0.18213045597076416,0.2919580042362213,-0.9389297366142273,-0.2990885376930237,-0.9261033535003662,-0.22995348274707794,-0.9366827011108398,0.23894159495830536,0.25599291920661926
300,1650640634.0609717,-2.972470998764038,20.823183059692383,1205.050537109375,-0.26125654578208923,0.8191911578178406,0.5105593204498291,-0.5904204249382019,-0.5540632605552673,0.5868710875511169,0.7636417746543884,-0.14812074601650238,0.6284198760986328
4,1650640634.0918176,-15.591930389404297,69.23918151855469,1101.1619873046875,-0.17933335900306702,0.303247332572937,-0.935884952545166,-0.2914826273918152,-0.9249710440635681,-0.24385739862918854,-0.9396155476570129,0.22906243801116943,0.2542695105075836
300,1650640634.0918424,-2.9669418334960938,20.82978057861328,1205.0526123046875,-0.26124876737594604,0.819162905216217,0.5106086134910583,-0.5904351472854614,-0.5540910959243774,0.5868299603462219,0.7636330127716064,-0.14817270636558533,0.6284182071685791
4,1650640634.123942,-15.760797500610352,71.13575744628906,1101.704833984375,-0.17682544887065887,0.316702276468277,-0.9318972229957581,-0.28227803111076355,-0.9233604669570923,-0.26023945212364197,-0.9428954720497131,0.2170371413230896,0.2526717185974121
300,1650640634.123968,-2.9754302501678467,20.825946807861328,1205.045654296875,-0.2612495720386505,0.8192830085754395,0.5104155540466309,-0.5903117060661316,-0.5539771914482117,0.5870616436004639,0.7637282013893127,-0.1479346752166748,0.6283586621284485
4,1650640634.168931,-15.93600082397461,73.39485168457031,1102.274169921875,-0.1738906353712082,0.3286053538322449,-0.928321361541748,-0.270829975605011,-0.9222900867462158,-0.27573928236961365,-0.9467909932136536,0.20346876978874207,0.24937379360198975
300,1650640634.1689582,-2.9809226989746094,20.826229095458984,1205.05859375,-0.2612556517124176,0.8194288015365601,0.5101783275604248,-0.5903751254081726,-0.553798496723175,0.587166428565979,0.7636770606040955,-0.14779604971408844,0.6284533739089966
