300,1650639802.3782115,33.531166076660156,-69.26176452636719,1503.1419677734375,-0.640816330909729,0.7040232419967651,0.30611392855644226,-0.5130702257156372,-0.6893676519393921,0.5114011764526367,0.5710633397102356,0.17065629363059998,0.8029714226722717
4,1650639802.3782353,-201.75567626953125,-163.05386352539062,1495.507568359375,-0.04197689890861511,0.9985823035240173,0.03273025155067444,-0.9643179178237915,-0.031922318041324615,-0.26281532645225525,-0.2613978981971741,-0.0425945408642292,0.9642908573150635
300,1650639802.406062,33.54578399658203,-69.2681884765625,1503.146484375,-0.6408317685127258,0.7039807438850403,0.3061791956424713,-0.5130510330200195,-0.6894251108169556,0.5113430619239807,0.5710632801055908,0.1705993413925171,0.8029835820198059
4,1650639802.4060857,-201.58526611328125,-162.63177490234375,1495.3572998046875,-0.04247365519404411,0.9985529780387878,0.03298302739858627,-0.9643791913986206,-0.032348211854696274,-0.26253828406333923,-0.2610914409160614,-0.04295910522341728,0.9643576741218567
300,1650639802.4377825,33.54733657836914,-69.2677001953125,1503.164306640625,-0.6409596800804138,0.7040560245513916,0.30573809146881104,-0.5130662322044373,-0.6892398595809937,0.5115774273872375,0.5709060430526733,0.17103663086891174,0.8030022978782654
4,1650639802.437809,-201.4351806640625,-162.49583435058594,1495.341064453125,-0.04267467185854912,0.998577356338501,0.03197143226861954,-0.9645022749900818,-0.032829176634550095,-0.26202598214149475,-0.2606036067008972,-0.04201839119195938,0.9645310640335083
300,1650639802.4689462,33.538944244384766,-69.26870727539062,1503.161376953125,-0.6410089731216431,0.7039462924003601,0.30588752031326294,-0.5131763219833374,-0.6894317269325256,0.5112083554267883,0.5707517862319946,0.17071491479873657,0.803180456161499
4,1650639802.4689705,-201.42831420898438,-162.8388671875,1495.598388671875,-0.04306187480688095,0.9985641837120056,0.031862542033195496,-0.9644472002983093,-0.033224932849407196,-0.2621786892414093,-0.2607436180114746,-0.04201964661478996,0.9644932150840759
300,1650639802.5023546,33.530128479003906,-69.27037811279297,1503.14794921875,-0.6408967971801758,0.7041527628898621,0.3056470453739166,-0.5130066871643066,-0.6890916228294373,0.5118368268013,0.5710301399230957,0.1712356060743332,0.8028717041015625
4,1650639802.502382,-201.53419494628906,-163.3998260498047,1496.0301513671875,-0.043861422687768936,0.9985077381134033,0.032534874975681305,-0.9644407033920288,-0.03382398188114166,-0.26212599873542786,-0.2606343924999237,-0.042875178158283234,0.9644850492477417
300,1650639802.528389,33.532108306884766,-69.26639556884766,1503.1392822265625,-0.6405781507492065,0.7039142847061157,0.3068619668483734,-0.5128725171089172,-0.6896088719367981,0.5112742781639099,0.57150799036026,0.17013005912303925,0.8027666807174683
4,1650639802.528414,-201.67025756835938,-163.80532836914062,1496.3489990234375,-0.04465983062982559,0.9984609484672546,0.03288211673498154,-0.9644006490707397,-0.03450186923146248,-0.26218512654304504,-0.26064711809158325,-0.04342067614197731,0.9644572138786316
300,1650639802.5774944,33.55249786376953,-69.26406860351562,1503.159912109375,-0.6409554481506348,0.7040628790855408,0.30573126673698425,-0.5130558609962463,-0.6892274022102356,0.5116046071052551,0.5709201693534851,0.1710585206747055,0.8029876351356506
4,1650639802.5775197,-201.7758026123047,-164.09815979003906,1496.8399658203125,-0.045940618962049484,0.9983787536621094,0.033605825155973434,-0.9639589786529541,-0.03548140078783035,-0.2636743485927582,-0.2620544731616974,-0.04450799897313118,0.9640262126922607
300,1650639802.6162853,33.53189468383789,-69.27347564697266,1503.1253662109375,-0.6406129002571106,0.7039783596992493,0.3066423833370209,-0.5128613710403442,-0.6894814968109131,0.5114572644233704,0.571479082107544,0.1703810691833496,0.8027340173721313
4,1650639802.6163116,-201.685546875,-164.00088500976562,1496.801513671875,-0.04605095833539963,0.9984143972396851,0.03237369656562805,-0.9641714692115784,-0.03594915196299553,-0.26283279061317444,-0.261252224445343,-0.04331749677658081,0.9642981290817261
300,1650639802.6537592,33.531532287597656,-69.27412414550781,1503.0885009765625,-0.6408836245536804,0.7041464447975159,0.3056892454624176,-0.5129157900810242,-0.6890815496444702,0.5119413733482361,0.5711265206336975,0.17130202054977417,0.8027889728546143
4,1650639802.6537864,-201.7060546875,-163.75491333007812,1496.4332275390625,-0.04594415798783302,0.9983879327774048,0.03332582488656044,-0.9647225737571716,-0.03568824380636215,-0.2608383893966675,-0.25922855734825134,-0.044134173542261124,0.9648070931434631
300,1650639802.6828587,33.538978576660156,-69.27140045166016,1503.1187744140625,-0.6410516500473022,0.704209566116333,0.30519115924835205,-0.5130539536476135,-0.6889326572418213,0.5120033025741577,0.5708138346672058,0.1716410517692566,0.8029389381408691
4,1650639802.6828845,-201.66444396972656,-163.46762084960938,1496.2911376953125,-0.0454556979238987,0.9984341859817505,0.032602954655885696,-0.9648455381393433,-0.03542274981737137,-0.26041948795318604,-0.2588568329811096,-0.04329436272382736,0.9649449586868286
300,1650639802.7190049,33.542930603027344,-69.27027130126953,1503.1275634765625,-0.6408773064613342,0.7041319608688354,0.30573591589927673,-0.5129590630531311,-0.6891219615936279,0.5118436217308044,0.571094810962677,0.17119894921779633,0.8028334975242615
4,1650639802.7190306,-201.82177734375,-163.39915466308594,1496.4381103515625,-0.046394623816013336,0.9983029365539551,0.03519689664244652,-0.9655037522315979,-0.035776931792497635,-0.2579195499420166,-0.25622260570526123,-0.0459488183259964,0.9655250906944275
300,1650639802.7451491,33.54704666137695,-69.27516174316406,1503.1356201171875,-0.6409639120101929,0.7041724324226379,0.30546098947525024,-0.5129063725471497,-0.6889947652816772,0.5120676159858704,0.571044921875,0.17154397070407867,0.8027953505516052
4,1650639802.7451746,-202.07957458496094,-163.56614685058594,1496.6273193359375,-0.047481242567300797,0.9982126355171204,0.03629095107316971,-0.965778648853302,-0.036603301763534546,-0.2567718029022217,-0.25498446822166443,-0.04724087193608284,0.9657904505729675
300,1650639802.7837973,33.52910614013672,-69.27952575683594,1503.1407470703125,-0.6406869292259216,0.7040889263153076,0.3062337040901184,-0.512894868850708,-0.6892700791358948,0.5117084980010986,0.571366012096405,0.17077922821044922,0.8027299046516418
4,1650639802.7838237,-202.29049682617188,-163.7279052734375,1496.794921875,-0.049064818769693375,0.9980890154838562,0.037563495337963104,-0.9660691022872925,-0.0378752276301384,-0.2554916441440582,-0.25358065962791443,-0.04882458224892616,0.9660812616348267
300,1650639802.809647,33.52499771118164,-69.28081512451172,1503.156005859375,-0.6407673358917236,0.7040910124778748,0.3060605823993683,-0.5129480957984924,-0.6892423033714294,0.5116925835609436,0.57122802734375,0.1708827167749405,0.8028060793876648
4,1650639802.809672,-202.3389434814453,-163.78695678710938,1496.8707275390625,-0.049137577414512634,0.9981294274330139,0.036374662071466446,-0.9659360647201538,-0.0382254533469677,-0.25594207644462585,-0.2540728747844696,-0.047711972147226334,0.9660075306892395
300,1650639802.8484554,33.53135299682617,-69.27740478515625,1503.164794921875,-0.6408205032348633,0.7039422988891602,0.3062911331653595,-0.5130314230918884,-0.6894890666007996,0.5112764239311218,0.5710934996604919,0.17049944400787354,0.802983283996582
4,1650639802.8484812,-202.26461791992188,-163.78173828125,1496.9122314453125,-0.04936768114566803,0.9981248378753662,0.03618922457098961,-0.9658939242362976,-0.0384894497692585,-0.2560615539550781,-0.25418850779533386,-0.04759611934423447,0.9659827947616577
300,1650639802.8777092,33.54227828979492,-69.2680435180664,1503.1473388671875,-0.6408048272132874,0.7040446996688843,0.3060885965824127,-0.5130341649055481,-0.6893267035484314,0.5114926099777222,0.5711086988449097,0.1707330197095871,0.8029228448867798
4,1650639802.8777337,-202.15170288085938,-163.72024536132812,1496.8948974609375,-0.048975348472595215,0.9982012510299683,0.034579239785671234,-0.9660002589225769,-0.038539253175258636,-0.25565245747566223,-0.2538599371910095,-0.04592422395944595,0.966150164604187
300,1650639802.913076,33.54336166381836,-69.27657318115234,1503.12451171875,-0.6408493518829346,0.7041791677474976,0.305685818195343,-0.5128989815711975,-0.6890389919281006,0.5120155811309814,0.5711801648139954,0.17133891582489014,0.8027429580688477
4,1650639802.9131005,-201.9253387451172,-163.88540649414062,1496.9322509765625,-0.04853241890668869,0.9983042478561401,0.03214361518621445,-0.9659801721572876,-0.038727909326553345,-0.25569990277290344,-0.25402146577835083,-0.043459828943014145,0.9662216901779175
300,1650639802.9778562,33.528438568115234,-69.28236389160156,1503.16357421875,-0.6408715844154358,0.704201877117157,0.30558693408966064,-0.5129650235176086,-0.6890095472335815,0.5119889378547668,0.571095883846283,0.17136375606060028,0.8027975559234619
4,1650639802.977882,-201.94970703125,-164.18203735351562,1497.186279296875,-0.0486031100153923,0.9982908964157104,0.03245003521442413,-0.9658153653144836,-0.03868992254137993,-0.25632742047309875,-0.2546338438987732,-0.04379905387759209,0.9660451412200928
300,1650639803.008339,33.53226089477539,-69.2718505859375,1503.1800537109375,-0.6407037973403931,0.7039060592651367,0.3066185414791107,-0.5130119323730469,-0.6896017789840698,0.5111439228057861,0.5712419748306274,0.1701928675174713,0.80294269323349
4,1650639803.008363,-201.9276123046875,-164.23387145996094,1497.2132568359375,-0.04868591949343681,0.9983352422714233,0.030927041545510292,-0.966063916683197,-0.0392029695212841,-0.2553108334541321,-0.25367337465286255,-0.0423075407743454,0.9663642644882202
300,1650639803.0409815,33.545169830322266,-69.26762390136719,1503.1968994140625,-0.6409277319908142,0.7038451433181763,0.30629006028175354,-0.5131915807723999,-0.6896455883979797,0.5109045505523682,0.5708292722702026,0.17026741802692413,0.8032203912734985
4,1650639803.0410051,-201.93479919433594,-164.21592712402344,1497.211669921875,-0.049042560160160065,0.9983009696006775,0.03146369755268097,-0.9661182761192322,-0.0394224114716053,-0.2550711929798126,-0.2533974349498749,-0.042906999588012695,0.966410219669342
300,1650639803.0682964,33.54191207885742,-69.2724838256836,1503.1866455078125,-0.6408199071884155,0.7039315104484558,0.30631735920906067,-0.5131776928901672,-0.689551055431366,0.5110459923744202,0.5709628462791443,0.1702931970357895,0.803119957447052
4,1650639803.0683203,-201.930908203125,-164.22042846679688,1497.2374267578125,-0.04901331663131714,0.9983475208282471,0.02999829687178135,-0.9658061265945435,-0.03971727937459946,-0.2562050521373749,-0.2545902132987976,-0.04152999818325043,0.9661568403244019
300,1650639803.1037955,33.532127380371094,-69.27220153808594,1503.1763916015625,-0.640811026096344,0.704034149646759,0.30609992146492004,-0.5130630135536194,-0.689349889755249,0.511432409286499,0.5710757970809937,0.17068296670913696,0.8029568791389465
4,1650639803.1038208,-201.95407104492188,-164.23159790039062,1497.2490234375,-0.0493050143122673,0.9983254075050354,0.030256394296884537,-0.9660627841949463,-0.03997740522027016,-0.2551950514316559,-0.25355812907218933,-0.041811972856521606,0.96641606092453
300,1650639803.1301358,33.52812194824219,-69.2793960571289,1503.1719970703125,-0.6408423781394958,0.7040591835975647,0.3059767484664917,-0.5130089521408081,-0.6892762184143066,0.5115858912467957,0.5710892081260681,0.17087708413600922,0.8029060363769531
4,1650639803.1301603,-201.91476440429688,-164.2564697265625,1497.3128662109375,-0.0491415299475193,0.9983717203140259,0.028965501114726067,-0.965853750705719,-0.04011473432183266,-0.2559635639190674,-0.2543848156929016,-0.04055487737059593,0.9662523865699768
300,1650639803.1665535,33.53053283691406,-69.28228759765625,1503.1728515625,-0.6407546997070312,0.7041245102882385,0.306009978055954,-0.5129652619361877,-0.6891977787017822,0.5117353796958923,0.5712268352508545,0.1709243357181549,0.8027980923652649
4,1650639803.1665792,-201.81768798828125,-164.25108337402344,1497.3155517578125,-0.048757925629615784,0.9983941912651062,0.028840022161602974,-0.965613603591919,-0.039735347032547,-0.25692692399024963,-0.2553683817386627,-0.040375541895627975,0.9660004377365112
300,1650639803.194412,33.5369758605957,-69.27433776855469,1503.1607666015625,-0.6406453847885132,0.7039326429367065,0.30667948722839355,-0.5129958391189575,-0.6895816922187805,0.5111872553825378,0.571321964263916,0.17016445100307465,0.8028918504714966
4,1650639803.194437,-201.69735717773438,-164.21044921875,1497.261474609375,-0.048537615686655045,0.998414933681488,0.028490301221609116,-0.965795636177063,-0.039639413356781006,-0.25625675916671753,-0.2547212541103363,-0.03995390236377716,0.9661887884140015
300,1650639803.2338157,33.54520034790039,-69.27831268310547,1503.16650390625,-0.6409522294998169,0.7041056156158447,0.3056395649909973,-0.5129663944244385,-0.6891307234764099,0.5118245482444763,0.5710040926933289,0.17127226293087006,0.8028823733329773
4,1650639803.2338412,-201.5626983642578,-164.24984741210938,1497.279541015625,-0.048165224492549896,0.9984399676322937,0.028243813663721085,-0.9655563831329346,-0.0393030121922493,-0.25720828771591187,-0.25569695234298706,-0.03965948894619942,0.9659431576728821
300,1650639803.2638311,33.53467559814453,-69.27974700927734,1503.154052734375,-0.6408812999725342,0.7041990160942078,0.30557307600975037,-0.5129752159118652,-0.6890125274658203,0.5119747519493103,0.5710757970809937,0.17136365175247192,0.8028119206428528
4,1650639803.263856,-201.4688262939453,-164.2835693359375,1497.3238525390625,-0.04770771414041519,0.9984899163246155,0.02723771706223488,-0.9658805131912231,-0.039165981113910675,-0.25600945949554443,-0.2545560598373413,-0.03852200508117676,0.9662904739379883
300,1650639803.2990665,33.53142166137695,-69.2759017944336,1503.162109375,-0.6408314108848572,0.7040182948112488,0.30609381198883057,-0.5130560994148254,-0.6893641352653503,0.5114200711250305,0.5710591673851013,0.17069074511528015,0.8029670715332031
4,1650639803.299091,-201.45301818847656,-164.3503875732422,1497.4288330078125,-0.04745526984333992,0.9985291957855225,0.026218492537736893,-0.9661412239074707,-0.03922004997730255,-0.25501561164855957,-0.2536122500896454,-0.03743259981274605,0.966581404209137
300,1650639803.3260548,33.53202438354492,-69.26542663574219,1503.1456298828125,-0.6405952572822571,0.7037403583526611,0.3072250187397003,-0.5130600333213806,-0.689945638179779,0.5106313824653625,0.5713204741477966,0.16948315501213074,0.8030369281768799
4,1650639803.3260791,-201.4633026123047,-164.40811157226562,1497.514404296875,-0.04763641580939293,0.9985472559928894,0.025181477889418602,-0.9662141799926758,-0.03967167064547539,-0.2546689808368683,-0.2533000111579895,-0.036462217569351196,0.9667003750801086
300,1650639803.3651028,33.54482650756836,-69.27568054199219,1503.134033203125,-0.6408552527427673,0.7040274143218994,0.30602285265922546,-0.5129942893981934,-0.6893184781074524,0.5115436315536499,0.5710879564285278,0.17083746194839478,0.8029153943061829
4,1650639803.3651369,-201.53732299804688,-164.5224151611328,1497.64208984375,-0.047667767852544785,0.9985110759735107,0.026522256433963776,-0.9665391445159912,-0.039408739656209946,-0.2534739375114441,-0.25205132365226746,-0.03771733492612839,0.9669785499572754
300,1650639803.392768,33.54450607299805,-69.26656341552734,1503.158203125,-0.6408717036247253,0.7038830518722534,0.30632033944129944,-0.5131298899650574,-0.6895918846130371,0.5110389590263367,0.5709476470947266,0.1703282743692398,0.8031232953071594
4,1650639803.3927934,-201.64697265625,-164.547607421875,1497.7144775390625,-0.048245642334222794,0.9984229803085327,0.028704682365059853,-0.9669975638389587,-0.039490535855293274,-0.25170668959617615,-0.25017616152763367,-0.03990110754966736,0.967377781867981
300,1650639803.4294112,33.53683090209961,-69.2749252319336,1503.1573486328125,-0.6408621072769165,0.7039877772331238,0.30609962344169617,-0.5130303502082825,-0.68939208984375,0.511408269405365,0.571047842502594,0.17070376873016357,0.8029723763465881
4,1650639803.4294367,-201.61904907226562,-164.46510314941406,1497.60595703125,-0.04798288270831108,0.9984639883041382,0.02770111709833145,-0.9666953086853027,-0.03944054991006851,-0.2528727650642395,-0.25139179825782776,-0.038912102580070496,0.9671028852462769
300,1650639803.4550312,33.538368225097656,-69.27101135253906,1503.174560546875,-0.6408938765525818,0.7037944197654724,0.306477427482605,-0.5131787657737732,-0.689743161201477,0.5107855796813965,0.5708787441253662,0.17008166015148163,0.8032245635986328
4,1650639803.4550564,-201.58030700683594,-164.32211303710938,1497.4290771484375,-0.04810282960534096,0.9984567761421204,0.027752555906772614,-0.9662625193595886,-0.039477426558732986,-0.254515677690506,-0.2530272901058197,-0.03905918076634407,0.9666703343391418
300,1650639803.4901593,33.53623580932617,-69.27295684814453,1503.17626953125,-0.6406817436218262,0.7038849592208862,0.30671295523643494,-0.5130406022071838,-0.6896564364433289,0.5110414028167725,0.5712409615516663,0.1700587123632431,0.8029718995094299
4,1650639803.4901865,-201.53118896484375,-164.1508026123047,1497.2081298828125,-0.04808193817734718,0.9984734058380127,0.027183772996068,-0.9655492305755615,-0.03949393704533577,-0.2572060227394104,-0.2557397782802582,-0.03861423581838608,0.9659741520881653
300,1650639803.5157342,33.55159378051758,-69.27861022949219,1503.187744140625,-0.641096830368042,0.7040368914604187,0.30549442768096924,-0.5130666494369507,-0.689203143119812,0.5116264820098877,0.5707516670227051,0.17126314342021942,0.8030638098716736
4,1650639803.51576,-201.3999786376953,-164.0531005859375,1497.030517578125,-0.047465790063142776,0.9985519051551819,0.025320030748844147,-0.9649819731712341,-0.039293620735406876,-0.25935643911361694,-0.2579859495162964,-0.03674393147230148,0.9654496908187866
300,1650639803.5581076,33.54266357421875,-69.27903747558594,1503.1971435546875,-0.6409172415733337,0.7040405869483948,0.3058626651763916,-0.5130496025085449,-0.6892820000648499,0.5115373134613037,0.5709686875343323,0.17093037068843842,0.8029804229736328
4,1650639803.5581338,-201.1306915283203,-163.99136352539062,1496.868896484375,-0.04630045220255852,0.9986417293548584,0.023895282298326492,-0.9645429849624634,-0.03847181424498558,-0.2611067295074463,-0.2598327696323395,-0.03513738885521889,0.9650141596794128
300,1650639803.5873814,33.51910400390625,-69.27546691894531,1503.161865234375,-0.6404095888137817,0.7038216590881348,0.30742576718330383,-0.5130420327186584,-0.6898966431617737,0.510715663433075,0.5715447664260864,0.16934485733509064,0.8029065728187561
4,1650639803.5874107,-200.9767608642578,-163.9348602294922,1496.78955078125,-0.04550197720527649,0.9986945390701294,0.023212693631649017,-0.9646598696708679,-0.037890464067459106,-0.26075971126556396,-0.25953975319862366,-0.0342574343085289,0.9651246070861816
300,1650639803.620272,33.537296295166016,-69.2752456665039,1503.1376953125,-0.6410323977470398,0.7041319012641907,0.305410772562027,-0.5129998922348022,-0.689056396484375,0.5118910074234009,0.5708840489387512,0.17146305739879608,0.8029270172119141
4,1650639803.620298,-200.794189453125,-163.9276885986328,1496.783203125,-0.04433656483888626,0.998754620552063,0.02287948876619339,-0.9644697308540344,-0.03682152181863785,-0.26161473989486694,-0.2604464590549469,-0.033665671944618225,0.9649011492729187
300,1650639803.6875904,33.545413970947266,-69.2699966430664,1503.186767578125,-0.6409105062484741,0.7037784457206726,0.30647939443588257,-0.5131790041923523,-0.6897615790367126,0.5107604265213013,0.5708599090576172,0.17007292807102203,0.8032397627830505
4,1650639803.6876168,-200.1253662109375,-163.67388916015625,1496.5089111328125,-0.04067976400256157,0.9989649057388306,0.020352691411972046,-0.9647240042686462,-0.03396657109260559,-0.261062890291214,-0.2601013779640198,-0.030254706740379333,0.9651072025299072
300,1650639803.7253115,33.54222106933594,-69.2774429321289,1503.197265625,-0.6409819722175598,0.7039638161659241,0.30590367317199707,-0.5131550431251526,-0.6894094944000244,0.5112596750259399,0.5708011984825134,0.17073220014572144,0.8031416535377502
4,1650639803.7253373,-199.59970092773438,-163.05923461914062,1495.955078125,-0.03739026188850403,0.9991150498390198,0.019262921065092087,-0.9650604724884033,-0.031099651008844376,-0.2601751387119293,-0.2593458294868469,-0.028317900374531746,0.9653692841529846
300,1650639803.7527492,33.53209686279297,-69.28266906738281,1503.1884765625,-0.6408069729804993,0.7041574120521545,0.30582475662231445,-0.5129567980766296,-0.689113974571228,0.5118566155433655,0.571175754070282,0.1711263805627823,0.8027913570404053
4,1650639803.7527723,-199.07545471191406,-162.53912353515625,1495.4705810546875,-0.03462514653801918,0.9992619156837463,0.016635052859783173,-0.9645261764526367,-0.029053540900349617,-0.2623835802078247,-0.2617066204547882,-0.02513001300394535,0.9648202657699585
300,1650639803.7908707,33.53809356689453,-69.27774047851562,1503.21533203125,-0.6407527923583984,0.703870952129364,0.3065967261791229,-0.5130314230918884,-0.6896417737007141,0.5110704302787781,0.5711694955825806,0.17017602920532227,0.8029978275299072
4,1650639803.7908964,-198.35499572753906,-161.75604248046875,1494.824462890625,-0.030900530517101288,0.9994106292724609,0.014949766919016838,-0.9645272493362427,-0.02589220181107521,-0.26271048188209534,-0.2621685862541199,-0.02253735065460205,0.9647588729858398
300,1650639803.8363173,33.5426139831543,-69.26953887939453,1503.2220458984375,-0.6407240629196167,0.7039450407028198,0.3064866065979004,-0.5130439400672913,-0.6895362734794617,0.5112001895904541,0.5711904764175415,0.17029716074466705,0.8029572367668152
4,1650639803.8363428,-197.59976196289062,-161.15516662597656,1494.259765625,-0.026427676901221275,0.9996069669723511,0.009353060275316238,-0.9635259509086609,-0.0229790098965168,-0.2666265666484833,-0.2663068473339081,-0.016058236360549927,0.9637545347213745
300,1650639803.8645997,33.53424072265625,-69.28355407714844,1503.1646728515625,-0.6405962705612183,0.704194962978363,0.30617955327033997,-0.5128095746040344,-0.689112663269043,0.5120059251785278,0.5715442299842834,0.17097727954387665,0.8025608658790588
4,1650639803.8646357,-197.2989501953125,-160.81219482421875,1494.007080078125,-0.024425962939858437,0.9996585249900818,0.009283207356929779,-0.9633535742759705,-0.02105563133955002,-0.2674071490764618,-0.267120361328125,-0.01547468826174736,0.9635388851165771
300,1650639803.8926039,33.546810150146484,-69.27850341796875,1503.120361328125,-0.6409311890602112,0.704038143157959,0.30583906173706055,-0.5130050182342529,-0.689265787601471,0.5116038918495178,0.5709930658340454,0.17100588977336884,0.8029470443725586
4,1650639803.8926322,-197.1344757080078,-160.55857849121094,1493.827392578125,-0.02315494790673256,0.9996818900108337,0.009999364614486694,-0.9625586867332458,-0.01959075592458248,-0.27036452293395996,-0.27008262276649475,-0.015885252505540848,0.9627060890197754
300,1650639803.9184086,33.544559478759766,-69.27090454101562,1503.1748046875,-0.6410374045372009,0.7038920521736145,0.30595263838768005,-0.5132395625114441,-0.6895269751548767,0.511016309261322,0.5706629157066345,0.17055357992649078,0.803277850151062
4,1650639803.9184341,-196.99691772460938,-160.3422088623047,1493.5670166015625,-0.022459110245108604,0.9996863007545471,0.011088039726018906,-0.9624656438827515,-0.0186197217553854,-0.2707640826702118,-0.2704726755619049,-0.016752976924180984,0.9625818729400635
300,1650639803.9442341,33.54065704345703,-69.28041076660156,1503.18359375,-0.6409009695053101,0.7041138410568237,0.30572807788848877,-0.5130305886268616,-0.6891618967056274,0.5117181539535522,0.5710039734840393,0.17111283540725708,0.8029164671897888
4,1650639803.9442592,-196.86805725097656,-160.1874237060547,1493.3519287109375,-0.021399134770035744,0.9997149705886841,0.010588358156383038,-0.9615911245346069,-0.017681939527392387,-0.2739158570766449,-0.27365055680274963,-0.01604323275387287,0.9616953730583191
300,1650639803.972975,33.54462432861328,-69.28736114501953,1503.1763916015625,-0.6408979892730713,0.7042304277420044,0.30546560883522034,-0.5128602981567383,-0.6889169216156006,0.5122184753417969,0.5711602568626404,0.17161861062049866,0.8026973605155945
4,1650639803.9729996,-196.6767120361328,-159.96868896484375,1493.107421875,-0.020415280014276505,0.9997379779815674,0.01035334262996912,-0.9611707925796509,-0.01677520014345646,-0.2754439115524292,-0.2751980721950531,-0.015574594959616661,0.9612613916397095
300,1650639804.005148,33.54378890991211,-69.2835464477539,1503.186767578125,-0.640857458114624,0.7041903138160706,0.305643230676651,-0.512993335723877,-0.6890445351600647,0.5119134783744812,0.5710862874984741,0.17127060890197754,0.8028242588043213
4,1650639804.0051737,-196.37506103515625,-159.69570922851562,1492.8028564453125,-0.018890736624598503,0.9997910261154175,0.007814527489244938,-0.9606397151947021,-0.015983274206519127,-0.2773370146751404,-0.27715417742729187,-0.012746046297252178,0.9607409238815308
300,1650639804.030889,33.54273223876953,-69.28307342529297,1503.17919921875,-0.6408114433288574,0.7041284441947937,0.3058820962905884,-0.5129244923591614,-0.6891505718231201,0.511839747428894,0.5711997151374817,0.17109833657741547,0.8027803301811218
4,1650639804.0309136,-196.16297912597656,-159.45126342773438,1492.55322265625,-0.017727980390191078,0.9998279809951782,0.005456899292767048,-0.9608768224716187,-0.015528024174273014,-0.2765403985977173,-0.2764080762863159,-0.010145911015570164,0.9609867930412292
300,1650639804.0740094,33.54362487792969,-69.2769775390625,1503.1771240234375,-0.6409190893173218,0.7040518522262573,0.3058329224586487,-0.5129531621932983,-0.6892333626747131,0.5116995573043823,0.5710532665252686,0.17108005285263062,0.8028883934020996
4,1650639804.0740328,-196.0715789794922,-159.02584838867188,1492.350341796875,-0.017218150198459625,0.9998343586921692,0.00589872058480978,-0.9609110951423645,-0.014916853047907352,-0.2764549255371094,-0.276321142911911,-0.010428188368678093,0.9610087871551514
300,1650639804.1023526,33.547943115234375,-69.27310180664062,1503.1806640625,-0.6409181952476501,0.7039960622787476,0.30596309900283813,-0.5130184292793274,-0.6893466114997864,0.5114814639091492,0.570995569229126,0.17085307836532593,0.8029777407646179
4,1650639804.1023777,-196.10414123535156,-158.8756103515625,1492.28466796875,-0.017367543652653694,0.9998272657394409,0.0066230217926204205,-0.9604685306549072,-0.01484239287674427,-0.2779925465583801,-0.27784621715545654,-0.011189252138137817,0.9605603814125061
300,1650639804.141975,33.54489517211914,-69.27957916259766,1503.1827392578125,-0.6408417820930481,0.7042104005813599,0.30562978982925415,-0.5128726363182068,-0.6889825463294983,0.512117862701416,0.5712122917175293,0.1714373230934143,0.8026990294456482
4,1650639804.1420012,-196.362060546875,-158.78915405273438,1492.25244140625,-0.018601492047309875,0.9997841119766235,0.009256856516003609,-0.9606180191040039,-0.01530391164124012,-0.27745065093040466,-0.2772490680217743,-0.014053299091756344,0.9606953263282776
300,1650639804.1725624,33.54226303100586,-69.27867889404297,1503.1944580078125,-0.6408717632293701,0.7041890621185303,0.30561599135398865,-0.512931764125824,-0.6890209317207336,0.5120069980621338,0.5711255669593811,0.17137065529823303,0.8027750253677368
4,1650639804.172601,-196.73777770996094,-158.7746124267578,1492.2763671875,-0.02015150710940361,0.9997341632843018,0.011203904636204243,-0.960671603679657,-0.01625746116042137,-0.27721068263053894,-0.2769548296928406,-0.016349485144019127,0.9607438445091248
300,1650639804.1984723,33.54413604736328,-69.27948760986328,1503.180908203125,-0.6409422159194946,0.7042175531387329,0.30540263652801514,-0.5129275321960449,-0.6889365315437317,0.5121248364448547,0.5710503458976746,0.17159302532672882,0.8027810454368591
4,1650639804.1984968,-197.14588928222656,-158.78358459472656,1492.3394775390625,-0.021944502368569374,0.9996526837348938,0.014593863859772682,-0.9605386853218079,-0.017032844945788383,-0.2776244580745697,-0.27727946639060974,-0.020110301673412323,0.9605787992477417
300,1650639804.233561,33.53565979003906,-69.28399658203125,1503.1842041015625,-0.6408095955848694,0.7042017579078674,0.3057170510292053,-0.5128471851348877,-0.6890055537223816,0.5121124386787415,0.5712712407112122,0.17138046026229858,0.8026692271232605
4,1650639804.233586,-197.6890106201172,-158.8086700439453,1492.4453125,-0.024152914062142372,0.9995523691177368,0.017655324190855026,-0.9603287577629089,-0.018289977684617043,-0.2782699167728424,-0.27782243490219116,-0.02367594465613365,0.9603406190872192
300,1650639804.265288,33.54198455810547,-69.27696990966797,1503.207763671875,-0.6409755349159241,0.7039417028427124,0.30596795678138733,-0.5130957961082458,-0.68943190574646,0.5112888813018799,0.5708616971969604,0.17073281109333038,0.8030985593795776
4,1650639804.2653134,-198.20082092285156,-158.8192138671875,1492.4521484375,-0.026590557768940926,0.9994106888771057,0.021706895902752876,-0.9610111713409424,-0.01957826316356659,-0.275815486907959,-0.27522796392440796,-0.02819465845823288,0.9609654545783997
300,1650639804.29441,33.54240036010742,-69.27593231201172,1503.2017822265625,-0.640876054763794,0.7040218710899353,0.30599191784858704,-0.5130597949028015,-0.689336895942688,0.5114531517028809,0.5710057020187378,0.17078593373298645,0.8029848337173462
4,1650639804.2944345,-198.4366912841797,-158.82803344726562,1492.438720703125,-0.02717369608581066,0.9993669390678406,0.022963490337133408,-0.9608030319213867,-0.019771086052060127,-0.27652594447135925,-0.2758968770503998,-0.029577624052762985,0.9607320427894592
300,1650639804.323137,33.538902282714844,-69.28365325927734,1503.2008056640625,-0.6408118605613708,0.7039856314659119,0.30620962381362915,-0.512930691242218,-0.6893908977508545,0.5115097761154175,0.5711936950683594,0.1707172393798828,0.802865743637085
4,1650639804.3231635,-198.29254150390625,-158.8936767578125,1492.40869140625,-0.026020783931016922,0.9993781447410583,0.023796740919351578,-0.9604145288467407,-0.018387459218502045,-0.27796727418899536,-0.2773568630218506,-0.030087662860751152,0.9602957367897034
300,1650639804.349262,33.539894104003906,-69.28974914550781,1503.1820068359375,-0.6409729719161987,0.7041489481925964,0.30549609661102295,-0.5129952430725098,-0.6890562772750854,0.5118958353996277,0.5709549188613892,0.17139336466789246,0.8028915524482727
4,1650639804.3492877,-197.63014221191406,-159.25546264648438,1492.22705078125,-0.02312997356057167,0.99948650598526,0.0221748985350132,-0.9595662951469421,-0.015971150249242783,-0.28102919459342957,-0.28053075075149536,-0.02777848392724991,0.9594429731369019
300,1650639804.3842719,33.543148040771484,-69.27922058105469,1503.1864013671875,-0.6410872936248779,0.7040731906890869,0.30543091893196106,-0.5130771994590759,-0.6891503930091858,0.5116869211196899,0.5707528591156006,0.17132633924484253,0.8030494451522827
4,1650639804.3842974,-195.6261444091797,-161.608642578125,1492.04638671875,-0.013419292867183685,0.9998582601547241,0.010164805687963963,-0.9565902948379517,-0.00987747497856617,-0.2912687659263611,-0.29112708568573,-0.013632175512611866,0.9565872550010681
300,1650639804.409863,33.53275680541992,-69.28630828857422,1503.191162109375,-0.6409343481063843,0.7041710615158081,0.3055262863636017,-0.512991726398468,-0.6890376806259155,0.5119243860244751,0.5710014700889587,0.17137745022773743,0.8028618097305298
4,1650639804.4098892,-194.16006469726562,-165.0787811279297,1491.789794921875,0.0024814708158373833,0.9999963641166687,-0.0010274501983076334,-0.9527750015258789,0.0020522845443338156,-0.3036702275276184,-0.30366700887680054,0.0017324776854366064,0.9527766704559326
300,1650639804.4526863,33.531761169433594,-69.27680206298828,1503.1485595703125,-0.6408833265304565,0.7038835883140564,0.30629467964172363,-0.5130690336227417,-0.689566969871521,0.5111335515975952,0.5709892511367798,0.17042666673660278,0.8030728697776794
4,1650639804.4527123,-190.80360412597656,-175.36483764648438,1488.6072998046875,0.04485921189188957,0.9986785650253296,-0.02507523074746132,-0.9486297369003296,0.03471504524350166,-0.3144780695438385,-0.3131920397281647,0.0378943495452404,0.948933482170105
300,1650639804.484286,33.53413772583008,-69.28791809082031,1503.10498046875,-0.6409831643104553,0.7041767239570618,0.3054106533527374,-0.5130034685134888,-0.689007043838501,0.5119538307189941,0.5709360837936401,0.1714770793914795,0.8028870224952698
4,1650639804.4843233,-186.51902770996094,-183.6185302734375,1484.5830078125,0.06939540803432465,0.9967168569564819,-0.04171111434698105,-0.9477312564849854,0.05281645804643631,-0.31466782093048096,-0.3114317059516907,0.06136742979288101,0.948284924030304
300,1650639804.5179157,33.53388214111328,-69.28748321533203,1503.1287841796875,-0.6411055326461792,0.7042014002799988,0.3050968050956726,-0.5129901766777039,-0.6888999938964844,0.5121111869812012,0.5708106160163879,0.17180567979812622,0.8029059767723083
4,1650639804.517941,-178.75125122070312,-193.84213256835938,1479.001220703125,0.09646382927894592,0.9930720925331116,-0.06710110604763031,-0.9468696713447571,0.07077718526124954,-0.31373295187950134,-0.306810200214386,0.093799889087677,0.9471372961997986
300,1650639804.5822861,33.5366325378418,-69.2828369140625,1503.170654296875,-0.6409364938735962,0.7039567828178406,0.3060151934623718,-0.513067901134491,-0.6894179582595825,0.5113357305526733,0.5709306001663208,0.17072713375091553,0.8030507564544678
4,1650639804.582312,-160.10604858398438,-212.0403594970703,1469.1490478515625,0.1639750748872757,0.9789425730705261,-0.12158774584531784,-0.9406895637512207,0.11806314438581467,-0.31806331872940063,-0.2970106899738312,0.1665307730436325,0.9402405023574829
300,1650639804.6115575,33.53878402709961,-69.28463745117188,1503.1875,-0.6409564018249512,0.7039552927017212,0.30597689747810364,-0.513093113899231,-0.6894180178642273,0.511310338973999,0.5708855986595154,0.17073297500610352,0.8030815124511719
4,1650639804.6115851,-149.6729278564453,-220.5548095703125,1464.6629638671875,0.20769675076007843,0.9666673541069031,-0.1497206687927246,-0.9342371821403503,0.15065997838974,-0.323268324136734,-0.28993603587150574,0.20701640844345093,0.9343882203102112
300,1650639804.649403,33.537235260009766,-69.28551483154297,1503.14306640625,-0.6407842040061951,0.7039713263511658,0.30630040168762207,-0.5129449963569641,-0.6894329190254211,0.5114388465881348,0.5712118744850159,0.17060668766498566,0.8028762936592102
4,1650639804.649427,-132.673828125,-230.2944793701172,1459.023681640625,0.2590137720108032,0.9458826184272766,-0.19549410045146942,-0.9260391592979431,0.185664564371109,-0.3286033272743225,-0.27452385425567627,0.26614800095558167,0.9240140318870544
300,1650639804.689759,33.543521881103516,-69.28134155273438,1503.14990234375,-0.6409652829170227,0.7040724158287048,0.3056885898113251,-0.512972891330719,-0.6891816854476929,0.5117493867874146,0.5709835886955261,0.1712036281824112,0.8029115796089172
4,1650639804.6897843,-112.38002014160156,-237.62112426757812,1453.898681640625,0.2946622669696808,0.9212071299552917,-0.2540699541568756,-0.9266418218612671,0.21049004793167114,-0.3114946484565735,-0.23347190022468567,0.32721757888793945,0.9156525135040283
300,1650639804.7154732,33.54220199584961,-69.27915954589844,1503.1766357421875,-0.6408846378326416,0.7039265632629395,0.3061932325363159,-0.5130093097686768,-0.6894767880439758,0.511315107345581,0.5710414052009583,0.17061403393745422,0.8029959797859192
4,1650639804.7154977,-97.41999816894531,-241.56121826171875,1452.3211669921875,0.3222441077232361,0.9049117565155029,-0.27801695466041565,-0.9162551164627075,0.2243121713399887,-0.3319045901298523,-0.23798178136348724,0.3616887331008911,0.9014133214950562
300,1650639804.7541294,33.54209899902344,-69.27474975585938,1503.195556640625,-0.640978217124939,0.7037820219993591,0.30632951855659485,-0.5131426453590393,-0.6897112131118774,0.5108650326728821,0.5708165168762207,0.17026260495185852,0.8032304644584656
4,1650639804.7541556,-73.9819107055664,-244.4998779296875,1451.0732421875,0.3455783724784851,0.8769844770431519,-0.33387699723243713,-0.9134166836738586,0.23283270001411438,-0.33385464549064636,-0.21504785120487213,0.42034175992012024,0.8815141320228577
300,1650639804.7834141,33.54419708251953,-69.27460479736328,1503.198974609375,-0.6409643888473511,0.7038714289665222,0.3061530292034149,-0.5131030678749084,-0.6895570755004883,0.5111128091812134,0.5708677172660828,0.17051705718040466,0.8031401038169861
4,1650639804.783439,-55.22005081176758,-244.8980712890625,1451.4281005859375,0.35417482256889343,0.8557316660881042,-0.37720489501953125,-0.9137418270111084,0.23078864812850952,-0.3343837559223175,-0.19908814132213593,0.4630981981754303,0.8636573553085327
300,1650639804.8186193,33.55191421508789,-69.25043487548828,1503.177734375,-0.6410356760025024,0.7041695713996887,0.3053170442581177,-0.5129787921905518,-0.6889852285385132,0.5120079517364502,0.5708993673324585,0.17159420251846313,0.8028881549835205
4,1650639804.818645,-34.709251403808594,-244.22630310058594,1453.0533447265625,0.3524279296398163,0.8339234590530396,-0.4246954023838043,-0.917982280254364,0.21982653439044952,-0.33012858033180237,-0.1819426566362381,0.5062093734741211,0.8429999947547913
300,1650639804.8446164,33.554012298583984,-69.2265396118164,1503.205810546875,-0.6409968733787537,0.7039666771888733,0.3058658540248871,-0.5131909847259521,-0.689408004283905,0.5112256407737732,0.5707521438598633,0.17072641849517822,0.8031777143478394
4,1650639804.8446422,-18.703550338745117,-243.5721435546875,1455.3739013671875,0.3490862250328064,0.8189749717712402,-0.4554325044155121,-0.9207504391670227,0.20940227806568146,-0.32919490337371826,-0.1742337942123413,0.5342570543289185,0.8271710276603699
300,1650639804.8834202,33.54335403442383,-69.27301025390625,1503.1865234375,-0.6410273313522339,0.7041692137718201,0.3053353428840637,-0.5129037499427795,-0.6889674663543701,0.5121069550514221,0.5709760785102844,0.17166689038276672,0.8028180599212646
4,1650639804.8834596,2.1369407176971436,-242.27931213378906,1459.6651611328125,0.3488096296787262,0.7958890199661255,-0.49486616253852844,-0.9225530028343201,0.19862233102321625,-0.3308248817920685,-0.16500842571258545,0.5719351768493652,0.8035311698913574
300,1650639804.9094276,33.550785064697266,-69.23368835449219,1503.190673828125,-0.6409070491790771,0.7039788365364075,0.3060261309146881,-0.5130929350852966,-0.6894032955169678,0.5113303661346436,0.570941150188446,0.17069536447525024,0.8030499815940857
4,1650639804.9094522,15.037431716918945,-240.9954833984375,1463.75341796875,0.3461519479751587,0.7804962992668152,-0.5205807685852051,-0.9237692356109619,0.18667329847812653,-0.3343702256679535,-0.16379618644714355,0.5966394543647766,0.7856158018112183
300,1650639804.9480746,33.54941940307617,-69.24512481689453,1503.1968994140625,-0.6409438848495483,0.704221785068512,0.30538931488990784,-0.5129627585411072,-0.6889391541481018,0.5120859742164612,0.5710167288780212,0.17156502604484558,0.8028109073638916
4,1650639804.948104,31.016578674316406,-239.41416931152344,1470.2989501953125,0.34339749813079834,0.7609673738479614,-0.5504605174064636,-0.9245734810829163,0.17090316116809845,-0.3405230641365051,-0.16505149006843567,0.6258760094642639,0.762257993221283
300,1650639804.9797308,33.5603141784668,-69.21968841552734,1503.1956787109375,-0.6409132480621338,0.7041262984275818,0.3056735694408417,-0.5130726099014282,-0.689147412776947,0.5116955637931824,0.5709524154663086,0.17111973464488983,0.8029516339302063
4,1650639804.979756,40.91788864135742,-239.03012084960938,1474.732177734375,0.3454590439796448,0.7459089756011963,-0.5694540143013,-0.9248138666152954,0.1675921529531479,-0.341514527797699,-0.1593027263879776,0.6446182727813721,0.7477231621742249
