300,1650640197.027996,33.054325103759766,28.959760665893555,1223.1004638671875,-0.48086029291152954,0.7839760780334473,0.39262568950653076,-0.5684558153152466,-0.619685709476471,0.5411539077758789,0.6675562262535095,0.03702906146645546,0.7436380386352539
4,1650640197.028023,-133.1978759765625,-54.19029235839844,1217.862548828125,0.22067886590957642,0.8686984181404114,-0.44346797466278076,-0.8699000477790833,-0.030330805107951164,-0.492294579744339,-0.44110625982284546,0.494411826133728,0.7489874362945557
300,1650640197.0892866,33.0608024597168,28.958667755126953,1223.0887451171875,-0.48091307282447815,0.7841492295265198,0.39221498370170593,-0.5685042142868042,-0.6194455027580261,0.5413780808448792,0.667477011680603,0.03737993910908699,0.7436915636062622
4,1650640197.0893133,-131.65357971191406,-53.41350555419922,1216.5977783203125,0.2177429497241974,0.873672366142273,-0.4350685179233551,-0.8736103773117065,-0.024298686534166336,-0.4860190451145172,-0.4351930022239685,0.48590758442878723,0.7579583525657654
300,1650640197.1202135,33.04386520385742,28.958492279052734,1223.1285400390625,-0.4808547794818878,0.783988356590271,0.3926078677177429,-0.5684813857078552,-0.6196706295013428,0.5411443710327148,0.6675384640693665,0.03702159225940704,0.7436543703079224
4,1650640197.1202393,-129.39952087402344,-52.806156158447266,1216.1259765625,0.19645559787750244,0.8805720806121826,-0.4312748312950134,-0.8841752409934998,-0.03103230521082878,-0.4661235511302948,-0.42383885383605957,0.4728951156139374,0.7724835872650146
300,1650640197.1518083,33.042724609375,28.961393356323242,1223.12890625,-0.48079627752304077,0.7837982773780823,0.39305880665779114,-0.5684871673583984,-0.6199371814727783,0.5408329367637634,0.6675756573677063,0.03658158704638481,0.7436426877975464
4,1650640197.1518326,-127.29145812988281,-52.09318161010742,1215.61669921875,0.17951646447181702,0.8847466111183167,-0.4301130473613739,-0.8935977220535278,-0.036191411316394806,-0.4474073350429535,-0.41140854358673096,0.4646649956703186,0.7841106057167053
300,1650640197.1824684,33.0562744140625,28.952808380126953,1223.0826416015625,-0.4808783531188965,0.7840343117713928,0.39248719811439514,-0.5684059858322144,-0.6196012496948242,0.5413029789924622,0.6675856709480286,0.03720880299806595,0.7436026334762573
4,1650640197.182497,-127.67723846435547,-51.55656051635742,1215.672119140625,0.18280376493930817,0.8851330280303955,-0.4279278814792633,-0.8921537399291992,-0.0335385799407959,-0.4504851698875427,-0.41309139132499695,0.4641278386116028,0.7835437655448914
300,1650640197.2195773,33.07196044921875,28.962112426757812,1223.0738525390625,-0.48093000054359436,0.7839823365211487,0.3925277888774872,-0.5686294436454773,-0.6196814179420471,0.5409764647483826,0.6673581600189209,0.03696893900632858,0.7438188195228577
4,1650640197.2196047,-127.7216567993164,-51.55082702636719,1215.5703125,0.18658126890659332,0.8850876092910767,-0.4263887405395508,-0.8889328241348267,-0.032703448086977005,-0.45686861872673035,-0.4183131158351898,0.4642740488052368,0.7806815505027771
300,1650640197.2466137,33.06541061401367,28.956357955932617,1223.0859375,-0.4808478057384491,0.7839166522026062,0.3927595913410187,-0.5684509873390198,-0.6197682619094849,0.5410645008087158,0.6675693988800049,0.03690511733293533,0.7436323761940002
4,1650640197.2466373,-127.69042205810547,-51.531532287597656,1215.4217529296875,0.18758638203144073,0.8846837282180786,-0.42678573727607727,-0.8880795240402222,-0.032887160778045654,-0.45851194858551025,-0.4196738302707672,0.4650302529335022,0.7795003056526184
300,1650640197.2847166,33.06936264038086,28.965002059936523,1223.0816650390625,-0.48088425397872925,0.7838103175163269,0.3929270803928375,-0.5685945749282837,-0.6199197769165039,0.5407399535179138,0.6674208045005798,0.03661713749170303,0.7437799572944641
4,1650640197.284743,-127.71885681152344,-51.48369598388672,1215.4041748046875,0.18788458406925201,0.8843113780021667,-0.42742571234703064,-0.8876307010650635,-0.03342943638563156,-0.45934101939201355,-0.4204890727996826,0.46569931507110596,0.7786610722541809
300,1650640197.31029,33.06656265258789,28.958457946777344,1223.06982421875,-0.4808427691459656,0.7839902639389038,0.3926187753677368,-0.5685258507728577,-0.6196713447570801,0.5410968661308289,0.6675092577934265,0.036968596279621124,0.7436832189559937
4,1650640197.3103166,-127.7808609008789,-51.49853515625,1215.4129638671875,0.18899893760681152,0.8839403390884399,-0.427701860666275,-0.8867291808128357,-0.03349921479821205,-0.46107393503189087,-0.4218895137310028,0.4663982093334198,0.7774843573570251
300,1650640197.3354545,33.07061004638672,28.961750030517578,1223.0760498046875,-0.4809190332889557,0.783953845500946,0.39259815216064453,-0.568581223487854,-0.6197188496589661,0.5409842729568481,0.6674071550369263,0.03694570064544678,0.7437759637832642
4,1650640197.33548,-127.7640609741211,-51.43032455444336,1215.3685302734375,0.18874074518680573,0.8843361139297485,-0.42699721455574036,-0.8868129849433899,-0.033287413418293,-0.4609280824661255,-0.4218289852142334,0.46566256880760193,0.7779580354690552
300,1650640197.3755012,33.07212448120117,28.96184539794922,1223.066162109375,-0.48088568449020386,0.7839500904083252,0.3926464915275574,-0.5685582160949707,-0.6197252869606018,0.5410010814666748,0.6674507856369019,0.036917299032211304,0.7437382340431213
4,1650640197.3755481,-127.7772445678711,-51.5560188293457,1215.352783203125,0.1903272569179535,0.883152186870575,-0.4287396967411041,-0.8853543996810913,-0.03428453207015991,-0.4636509120464325,-0.4241734445095062,0.46783196926116943,0.7753773927688599
300,1650640197.4033444,33.0700798034668,28.954517364501953,1223.07080078125,-0.4809168875217438,0.7841042876243591,0.3923001289367676,-0.5684598088264465,-0.6195047497749329,0.5413569808006287,0.6675121188163757,0.03734085336327553,0.7436620593070984
4,1650640197.4033694,-127.66983032226562,-51.61335372924805,1215.3321533203125,0.19087067246437073,0.8830048441886902,-0.42880159616470337,-0.8851087689399719,-0.034066446125507355,-0.46413570642471313,-0.4244418442249298,0.46812593936920166,0.7750530242919922
300,1650640197.4390705,33.07066345214844,28.96668815612793,1223.0665283203125,-0.48089006543159485,0.7838656306266785,0.39280959963798523,-0.5686089396476746,-0.6198440194129944,0.5408116579055786,0.6674043536186218,0.03671589866280556,0.7437898516654968
4,1650640197.4390957,-127.49868774414062,-51.4544677734375,1215.388427734375,0.1912461817264557,0.8832475543022156,-0.42813393473625183,-0.8856233358383179,-0.03278696909546852,-0.4632454514503479,-0.42319759726524353,0.46775931119918823,0.7759542465209961
300,1650640197.4680283,33.06808090209961,28.960874557495117,1223.058837890625,-0.4808353781700134,0.7839615345001221,0.3926851749420166,-0.5684309005737305,-0.6197062730789185,0.5411566495895386,0.6675954461097717,0.036992866545915604,0.7436046004295349
4,1650640197.4680533,-127.43872833251953,-51.196109771728516,1215.441650390625,0.191921666264534,0.8836526274681091,-0.426994264125824,-0.8857136964797974,-0.03143952414393425,-0.46316608786582947,-0.422702431678772,0.4670862853527069,0.7766293287277222
300,1650640197.503832,33.07211685180664,28.964019775390625,1223.0714111328125,-0.4809342622756958,0.7839570641517639,0.3925729990005493,-0.5686256885528564,-0.6197156310081482,0.5409411787986755,0.6673582792282104,0.03693005442619324,0.7438206076622009
4,1650640197.503858,-127.37740325927734,-51.08349609375,1215.4820556640625,0.1939094364643097,0.8837041854858398,-0.4259883761405945,-0.884602963924408,-0.03022174909710884,-0.4653646945953369,-0.4241188168525696,0.46706917881965637,0.7758669853210449
300,1650640197.529494,33.070556640625,28.960220336914062,1223.0672607421875,-0.4809262454509735,0.7840583324432373,0.39238056540489197,-0.5685626268386841,-0.619573175907135,0.541170597076416,0.6674177646636963,0.037170231342315674,0.7437552809715271
4,1650640197.5295193,-127.34276580810547,-51.10210037231445,1215.436767578125,0.19495199620723724,0.8836487531661987,-0.42562735080718994,-0.8839896321296692,-0.02970183826982975,-0.4665620028972626,-0.4249188303947449,0.4672073721885681,0.7753459215164185
300,1650640197.567064,33.072566986083984,28.955469131469727,1223.0650634765625,-0.48092982172966003,0.7840583324432373,0.392376184463501,-0.5685206055641174,-0.6195705533027649,0.5412177443504333,0.667451024055481,0.03721382096409798,0.7437232732772827
4,1650640197.5670886,-127.3244857788086,-51.179534912109375,1215.3408203125,0.19557078182697296,0.8835700154304504,-0.4255068600177765,-0.8835453391075134,-0.029530318453907967,-0.4674137532711029,-0.4255581200122833,0.4673670828342438,0.774898886680603
300,1650640197.5942173,33.07497024536133,28.959270477294922,1223.07373046875,-0.48092585802078247,0.7839266061782837,0.39264410734176636,-0.5686498880386353,-0.6197596192359924,0.5408653616905212,0.6673437356948853,0.036839134991168976,0.7438381910324097
4,1650640197.594242,-127.32413482666016,-51.26681900024414,1215.2882080078125,0.19595274329185486,0.8833281397819519,-0.42583325505256653,-0.8829256892204285,-0.030015382915735245,-0.46855229139328003,-0.4266669750213623,0.46779322624206543,0.7740315198898315
300,1650640197.6311307,33.073856353759766,28.96070671081543,1223.0697021484375,-0.4809460937976837,0.7839251756668091,0.39262211322784424,-0.568590521812439,-0.6197566986083984,0.5409311056137085,0.6673797369003296,0.03691750764846802,0.743802011013031
4,1650640197.6311557,-127.35685729980469,-51.62557601928711,1215.233154296875,0.19878911972045898,0.8823409080505371,-0.42656469345092773,-0.8799482583999634,-0.03093327209353447,-0.47406136989593506,-0.4314787685871124,0.4695931077003479,0.7702651619911194
300,1650640197.6563492,33.069156646728516,28.955522537231445,1223.074951171875,-0.4809042513370514,0.783940315246582,0.39264318346977234,-0.5685352087020874,-0.6197360157966614,0.5410129427909851,0.6674569845199585,0.036943964660167694,0.7437313199043274
4,1650640197.6563733,-127.44717407226562,-51.87899398803711,1215.314453125,0.20098590850830078,0.8820666670799255,-0.4261021614074707,-0.8777183294296265,-0.030997298657894135,-0.4781733453273773,-0.434988796710968,0.47010377049446106,0.7679760456085205
300,1650640197.6960907,33.067806243896484,28.954557418823242,1223.0780029296875,-0.48086902499198914,0.7839231491088867,0.39272060990333557,-0.5685301423072815,-0.6197620630264282,0.5409883856773376,0.6674866676330566,0.03687107190489769,0.7437083125114441
4,1650640197.6961167,-127.98600769042969,-52.29856491088867,1215.6783447265625,0.20974823832511902,0.8800739645957947,-0.42599940299987793,-0.8715627789497375,-0.029181212186813354,-0.4894147217273712,-0.4431523084640503,0.47393912076950073,0.7609190344810486
300,1650640197.7216833,33.06808090209961,28.95569610595703,1223.0858154296875,-0.4808344841003418,0.7838300466537476,0.3929486572742462,-0.5685039758682251,-0.6198914647102356,0.5408676862716675,0.6675338745117188,0.03667498007416725,0.7436756491661072
4,1650640197.721708,-128.6202392578125,-52.471900939941406,1216.0982666015625,0.21657316386699677,0.8784250617027283,-0.4259876012802124,-0.8671073913574219,-0.027412395924329758,-0.49736639857292175,-0.4485764801502228,0.4770932197570801,0.7557520866394043
300,1650640197.760826,33.06875228881836,28.95558738708496,1223.0806884765625,-0.4808463156223297,0.7839053273200989,0.3927839696407318,-0.568491518497467,-0.6197862029075623,0.5410013794898987,0.6675359606742859,0.0368441641330719,0.7436654567718506
4,1650640197.7608526,-129.7604522705078,-52.608394622802734,1216.966064453125,0.22507067024707794,0.8761356472969055,-0.4262974262237549,-0.860951840877533,-0.02601533755660057,-0.50802081823349,-0.4561854302883148,0.48136213421821594,0.748455286026001
300,1650640197.7896278,33.070194244384766,28.959556579589844,1223.0791015625,-0.4808904230594635,0.7839021682739258,0.3927362561225891,-0.5684860348701477,-0.6197868585586548,0.5410063862800598,0.6675088405609131,0.036899711936712265,0.7436869740486145
4,1650640197.7896552,-129.9886932373047,-52.90018081665039,1217.13671875,0.22419482469558716,0.8748548626899719,-0.4293781518936157,-0.8610482215881348,-0.028533047065138817,-0.5077221989631653,-0.4564347267150879,0.4835439920425415,0.7468952536582947
300,1650640197.8256123,33.07122802734375,28.962909698486328,1223.0745849609375,-0.4808952808380127,0.7839346528053284,0.3926655054092407,-0.5685215592384338,-0.6197437644004822,0.5410184264183044,0.6674750447273254,0.03693439066410065,0.7437155842781067
4,1650640197.8256373,-130.17767333984375,-53.26320266723633,1217.386474609375,0.22235335409641266,0.8736839890480042,-0.43270695209503174,-0.8623785972595215,-0.030795445665717125,-0.5053264498710632,-0.45482102036476135,0.4855182468891144,0.7465988993644714
300,1650640197.8525908,33.06827163696289,28.961057662963867,1223.087890625,-0.480929434299469,0.7840606570243835,0.3923719823360443,-0.5685557723045349,-0.6195693612098694,0.5411821603775024,0.667421281337738,0.03718506172299385,0.7437513470649719
4,1650640197.8526142,-130.25485229492188,-53.51325988769531,1217.611083984375,0.22106267511844635,0.8729702830314636,-0.43480363488197327,-0.8632062673568726,-0.032346468418836594,-0.5038141012191772,-0.45387908816337585,0.4866997003555298,0.7464028000831604
300,1650640197.8868337,33.065589904785156,28.956254959106445,1223.0848388671875,-0.4808211326599121,0.7840352654457092,0.39255544543266296,-0.5684043169021606,-0.6196042895317078,0.5413013100624084,0.6676283478736877,0.037138909101486206,0.7435678243637085
4,1650640197.8868601,-130.39366149902344,-53.73647689819336,1217.745361328125,0.22048909962177277,0.8719861507415771,-0.43706372380256653,-0.8635872006416321,-0.03378545492887497,-0.5030662417411804,-0.45343321561813354,0.48836326599121094,0.7455867528915405
300,1650640197.9123416,33.066261291503906,28.961149215698242,1223.081787109375,-0.48084449768066406,0.7839059829711914,0.3927849531173706,-0.5684764385223389,-0.6197846531867981,0.5410189628601074,0.6675500869750977,0.0368570052087307,0.7436521053314209
4,1650640197.912368,-130.48045349121094,-53.808868408203125,1217.788330078125,0.21944290399551392,0.8721373677253723,-0.4372884929180145,-0.8642494082450867,-0.034193895757198334,-0.5019001364707947,-0.45267847180366516,0.4880647361278534,0.7462405562400818
300,1650640197.9746609,33.065956115722656,28.963815689086914,1223.0826416015625,-0.48086515069007874,0.7838836312294006,0.39280423521995544,-0.5685489773750305,-0.619817852973938,0.540904700756073,0.6674734354019165,0.03677378594875336,0.7437250018119812
4,1650640197.9746873,-130.52316284179688,-53.859153747558594,1217.84375,0.21806249022483826,0.8731445074081421,-0.43596723675727844,-0.8656855225563049,-0.03319736570119858,-0.4994862377643585,-0.4505966305732727,0.48632973432540894,0.7486294507980347
300,1650640198.0042913,33.06498336791992,28.964481353759766,1223.078857421875,-0.480869859457016,0.7838411331176758,0.3928832709789276,-0.56849604845047,-0.6198731064796448,0.540897011756897,0.6675150990486145,0.0367484912276268,0.7436888813972473
4,1650640198.0043182,-130.6019744873047,-53.807613372802734,1217.7701416015625,0.21899688243865967,0.87369304895401,-0.4343971014022827,-0.864754855632782,-0.03241213783621788,-0.5011471509933472,-0.4519285261631012,0.48539668321609497,0.7484321594238281
300,1650640198.0364065,33.065643310546875,28.961732864379883,1223.0704345703125,-0.48085764050483704,0.7839475274085999,0.3926858603954315,-0.5684177279472351,-0.6197231411933899,0.5411511063575745,0.6675906181335449,0.037007056176662445,0.743608295917511
4,1650640198.0364327,-130.64642333984375,-53.75130081176758,1217.6890869140625,0.21914994716644287,0.8740342259407043,-0.43363288044929504,-0.8644077181816101,-0.03220059350132942,-0.5017592906951904,-0.4525180459022522,0.4847961366176605,0.7484651803970337
300,1650640198.101452,33.06196594238281,28.962636947631836,1223.0921630859375,-0.4809340536594391,0.784034252166748,0.39241907000541687,-0.5684994459152222,-0.6196022629737854,0.5412036776542664,0.6674659848213196,0.037193287163972855,0.7437108755111694
4,1650640198.1014776,-130.6938934326172,-53.69221878051758,1217.6348876953125,0.21876664459705353,0.8758262395858765,-0.4301971197128296,-0.864800214767456,-0.030176078900694847,-0.501208484172821,-0.4519532024860382,0.48168230056762695,0.7508131861686707
300,1650640198.1317313,33.06022644042969,28.96750259399414,1223.0936279296875,-0.48086923360824585,0.7839016318321228,0.3927633464336395,-0.5685312747955322,-0.6197918057441711,0.5409531593322754,0.6674855351448059,0.036829493939876556,0.7437113523483276
4,1650640198.1317565,-130.7000732421875,-53.68881607055664,1217.6282958984375,0.21838116645812988,0.8765805959701538,-0.42885446548461914,-0.8653842806816101,-0.02915319986641407,-0.500260055065155,-0.451020747423172,0.48037126660346985,0.7522125244140625
300,1650640198.164741,33.0612907409668,28.973363876342773,1223.0955810546875,-0.48091521859169006,0.7837696075439453,0.3929704427719116,-0.5686342120170593,-0.6199756860733032,0.5406340956687927,0.6673647165298462,0.036542732268571854,0.7438339591026306
4,1650640198.1647644,-130.7132568359375,-53.695281982421875,1217.6571044921875,0.21725282073020935,0.8770184516906738,-0.4285321533679962,-0.8662862181663513,-0.02908281423151493,-0.49870073795318604,-0.4498326778411865,0.47957563400268555,0.7534306645393372
300,1650640198.1919715,33.06118392944336,28.96858787536621,1223.0823974609375,-0.4808546006679535,0.7838783860206604,0.3928276598453522,-0.5684710144996643,-0.6198215484619141,0.5409823656082153,0.6675474047660828,0.03682271018624306,0.7436562180519104
4,1650640198.1919966,-130.7732696533203,-53.713592529296875,1217.6585693359375,0.21610087156295776,0.8773805499076843,-0.42837339639663696,-0.8668097853660583,-0.02953149564564228,-0.4977636933326721,-0.4493786692619324,0.4788854122161865,0.7541402578353882
300,1650640198.228506,33.06375503540039,28.967920303344727,1223.0694580078125,-0.48081013560295105,0.7838594317436218,0.3929198682308197,-0.5683698058128357,-0.619845449924469,0.541061282157898,0.6676656007766724,0.03682395815849304,0.7435500621795654
4,1650640198.2285326,-130.885986328125,-53.74782180786133,1217.634765625,0.21531541645526886,0.8770970106124878,-0.42934849858283997,-0.867037832736969,-0.03058893047273159,-0.49730247259140015,-0.4493158161640167,0.47933825850486755,0.7538899779319763
300,1650640198.2560987,33.06201171875,28.97134017944336,1223.0770263671875,-0.48085418343544006,0.783954381942749,0.3926764130592346,-0.5684942603111267,-0.6197181344032288,0.5410764217376709,0.6675279140472412,0.03694455698132515,0.7436676621437073
4,1650640198.2561262,-130.97401428222656,-53.75391387939453,1217.5877685546875,0.21515372395515442,0.8769752979278564,-0.4296780526638031,-0.866899311542511,-0.031077329069375992,-0.4975135624408722,-0.44966036081314087,0.4795295298099518,0.753562867641449
300,1650640198.2933972,33.0609130859375,28.971891403198242,1223.0694580078125,-0.4808572828769684,0.7839064598083496,0.39276832342147827,-0.5684747099876404,-0.6197829246520996,0.541022777557373,0.6675423383712769,0.03687587380409241,0.7436581254005432
4,1650640198.2934234,-131.0675811767578,-53.76446533203125,1217.5697021484375,0.2144302874803543,0.877206027507782,-0.42956870794296265,-0.8669856190681458,-0.0316108800470829,-0.49732959270477295,-0.4498395323753357,0.4790724217891693,0.7537466287612915
300,1650640198.31929,33.05686950683594,28.97370147705078,1223.078125,-0.4808650016784668,0.7840186953544617,0.3925347924232483,-0.568535327911377,-0.6196309924125671,0.5411331057548523,0.6674851775169373,0.03704208880662918,0.743701159954071
4,1650640198.3193147,-131.133056640625,-53.76911544799805,1217.55615234375,0.2140493392944336,0.8773530721664429,-0.429458349943161,-0.8669664263725281,-0.031930506229400635,-0.497342586517334,-0.45005786418914795,0.4787818193435669,0.7538009285926819
300,1650640198.3602831,33.055660247802734,28.96205711364746,1223.065185546875,-0.4806853234767914,0.7839034795761108,0.39298462867736816,-0.568224310874939,-0.6197862029075623,0.5412819981575012,0.6678792834281921,0.03688288480043411,0.7433551549911499
4,1650640198.360307,-131.23062133789062,-53.77131271362305,1217.54443359375,0.2131800800561905,0.877518892288208,-0.4295518696308136,-0.867038905620575,-0.032731346786022186,-0.49716416001319885,-0.4503307640552521,0.47842368483543396,0.7538653612136841
300,1650640198.3876195,33.06083297729492,28.965761184692383,1223.0408935546875,-0.48087936639785767,0.7839530110359192,0.3926483988761902,-0.5684934854507446,-0.6197181344032288,0.5410772562026978,0.667510449886322,0.03697482869029045,0.743681788444519
4,1650640198.387644,-131.2847137451172,-53.764427185058594,1217.5263671875,0.2130434662103653,0.8776464462280273,-0.4293590188026428,-0.8667272925376892,-0.03308223560452461,-0.49768394231796265,-0.45099470019340515,0.47816550731658936,0.7536321878433228
300,1650640198.4232554,33.0567626953125,28.969533920288086,1223.03369140625,-0.4808603525161743,0.7839940786361694,0.39258965849876404,-0.5684128403663635,-0.6196585297584534,0.5412302017211914,0.6675928235054016,0.03710315749049187,0.7436015009880066
4,1650640198.423281,-131.3292236328125,-53.71541213989258,1217.3970947265625,0.21269086003303528,0.8777968287467957,-0.42922642827033997,-0.8667942881584167,-0.033270176500082016,-0.49755480885505676,-0.45103245973587036,0.47787636518478394,0.7537930011749268
300,1650640198.448488,33.05192565917969,28.964378356933594,1223.0224609375,-0.480744868516922,0.7840275168418884,0.3926642835140228,-0.5682564377784729,-0.6196125745773315,0.5414470434188843,0.6678090691566467,0.0371638759970665,0.7434042692184448
4,1650640198.4485126,-131.40554809570312,-53.66216278076172,1217.3277587890625,0.21276694536209106,0.8776958584785461,-0.4293951392173767,-0.8665874600410461,-0.03351287171244621,-0.4978986978530884,-0.45139390230178833,0.4780448079109192,0.7534697651863098
300,1650640198.4880364,33.06035614013672,28.972442626953125,1223.0345458984375,-0.48092901706695557,0.7839322686195374,0.3926289677619934,-0.5684561133384705,-0.6197408437728882,0.5410904884338379,0.6675065159797668,0.03703378885984421,0.7436824440956116
4,1650640198.4880621,-131.4403076171875,-53.564903259277344,1217.19775390625,0.21258434653282166,0.8783202171325684,-0.42820727825164795,-0.8664173483848572,-0.03319178521633148,-0.4982161223888397,-0.45180627703666687,0.47691917419433594,0.7539358139038086
300,1650640198.5330937,33.061309814453125,28.965164184570312,1223.025146484375,-0.48092857003211975,0.7839619517326355,0.3925701677799225,-0.5684307813644409,-0.6196985244750977,0.5411655902862549,0.6675283908843994,0.03711305186152458,0.7436588406562805
4,1650640198.5331244,-131.44044494628906,-53.4310188293457,1217.05712890625,0.21218635141849518,0.8789477944374084,-0.4271155893802643,-0.8667677640914917,-0.032580237835645676,-0.49764660000801086,-0.45132091641426086,0.47580385208129883,0.7549305558204651
300,1650640198.5978482,33.059513092041016,28.96489143371582,1223.0440673828125,-0.4809447228908539,0.784018337726593,0.39243775606155396,-0.5684394240379333,-0.6196200251579285,0.5412464141845703,0.6675093770027161,0.03723248839378357,0.7436699271202087
4,1650640198.5978737,-131.47109985351562,-53.259071350097656,1216.9034423828125,0.2130042463541031,0.8792691230773926,-0.4260457158088684,-0.8655232787132263,-0.03250757232308388,-0.49981266260147095,-0.4533195495605469,0.47521471977233887,0.7541036605834961
300,1650640198.6353383,33.06367111206055,28.96381378173828,1223.04736328125,-0.4808902442455292,0.7840191721916199,0.39250290393829346,-0.5683869123458862,-0.619620144367218,0.541301429271698,0.6675933599472046,0.03721306473016739,0.7435954809188843
4,1650640198.635364,-131.4904327392578,-53.17805480957031,1216.857666015625,0.21336926519870758,0.8797948956489563,-0.4247758686542511,-0.864849328994751,-0.032144997268915176,-0.5010013580322266,-0.45443281531333923,0.4742654263973236,0.754031240940094
300,1650640198.6620803,33.063114166259766,28.966690063476562,1223.0594482421875,-0.4809216856956482,0.7840877175331116,0.3923273980617523,-0.5684605836868286,-0.619527280330658,0.5413303375244141,0.6675080060958862,0.037314821034669876,0.7436670660972595
4,1650640198.6621046,-131.46426391601562,-53.113990783691406,1216.8231201171875,0.21247327327728271,0.880092978477478,-0.42460739612579346,-0.8655644059181213,-0.032149408012628555,-0.49976465106010437,-0.4534902274608612,0.47371166944503784,0.754946231842041
300,1650640198.697013,33.06513214111328,28.963809967041016,1223.0501708984375,-0.480969101190567,0.7842154502868652,0.3920138478279114,-0.568437933921814,-0.619346022605896,0.5415615439414978,0.6674931049346924,0.0376388244330883,0.7436640858650208
4,1650640198.6970394,-131.4713134765625,-53.085472106933594,1216.79931640625,0.21192319691181183,0.880064845085144,-0.42494046688079834,-0.865659773349762,-0.032758742570877075,-0.4995598793029785,-0.4535655975341797,0.4737221598625183,0.7548943758010864
300,1650640198.72239,33.064666748046875,28.97222328186035,1223.06494140625,-0.4809094965457916,0.7838950753211975,0.3927271068096161,-0.5685232877731323,-0.6197972893714905,0.5409552454948425,0.6674633622169495,0.03687601163983345,0.7437289953231812
4,1650640198.7224162,-131.5308074951172,-53.08034133911133,1216.787109375,0.21124492585659027,0.8805135488510132,-0.42434829473495483,-0.8656935095787048,-0.033028095960617065,-0.4994836449623108,-0.45381754636764526,0.472868949174881,0.7552778124809265
300,1650640198.7639394,33.0673713684082,28.966644287109375,1223.07275390625,-0.48096370697021484,0.7839469909667969,0.3925570249557495,-0.5685507655143738,-0.6197231411933899,0.5410113334655762,0.6674008369445801,0.037018198519945145,0.7437780499458313
4,1650640198.7639637,-131.67408752441406,-53.08395004272461,1216.7174072265625,0.20948977768421173,0.8802130818367004,-0.42583906650543213,-0.8660484552383423,-0.0351586751639843,-0.49872228503227234,-0.4539538323879242,0.47327449917793274,0.7549418210983276
300,1650640198.7908363,33.06220245361328,28.964778900146484,1223.0733642578125,-0.48091956973075867,0.7839202284812927,0.3926646113395691,-0.5685226321220398,-0.6197618842124939,0.5409964919090271,0.6674566268920898,0.03693707287311554,0.7437319755554199
4,1650640198.7908616,-131.8010711669922,-53.07076644897461,1216.653564453125,0.2069971114397049,0.8801583051681519,-0.42716920375823975,-0.8668565154075623,-0.03741500526666641,-0.49715176224708557,-0.45355480909347534,0.4732033908367157,0.755226194858551
300,1650640198.8273654,33.062217712402344,28.970062255859375,1223.0775146484375,-0.48095354437828064,0.7839067578315735,0.39264988899230957,-0.5686241984367371,-0.6197834610939026,0.5408650636672974,0.6673456430435181,0.03686073422431946,0.7438353896141052
4,1650640198.827392,-132.09320068359375,-53.05593490600586,1216.5169677734375,0.20536036789417267,0.878826916217804,-0.4306858777999878,-0.8661293983459473,-0.04169902205467224,-0.4980773329734802,-0.4556829631328583,0.47531506419181824,0.7526145577430725
300,1650640198.8544087,33.06197738647461,28.965282440185547,1223.0753173828125,-0.48088157176971436,0.7839088439941406,0.3927338123321533,-0.5684818029403687,-0.6197781562805176,0.5410207509994507,0.6675187945365906,0.036904867738485336,0.7436777949333191
4,1650640198.854444,-132.32443237304688,-53.01731872558594,1216.3746337890625,0.20440122485160828,0.8784659504890442,-0.4318769574165344,-0.8649070262908936,-0.04454311355948448,-0.4999517798423767,-0.458427757024765,0.47572416067123413,0.7506867051124573
300,1650640198.892194,33.06346130371094,28.960779190063477,1223.0694580078125,-0.48084697127342224,0.7839112877845764,0.3927712142467499,-0.5684868693351746,-0.6197776794433594,0.5410160422325134,0.6675394177436829,0.03686065971851349,0.7436614632606506
4,1650640198.8922205,-132.80752563476562,-52.86849594116211,1216.0076904296875,0.20424208045005798,0.877412736415863,-0.4340876042842865,-0.862091600894928,-0.048864688724279404,-0.5043910145759583,-0.46377065777778625,0.4772411584854126,0.7464299201965332
300,1650640198.9172695,33.060630798339844,28.96693229675293,1223.064453125,-0.48081737756729126,0.7838549017906189,0.39292001724243164,-0.568487823009491,-0.619857668876648,0.5409233570098877,0.6675599217414856,0.03671512380242348,0.7436502575874329
4,1650640198.9172943,-133.24972534179688,-52.65327835083008,1215.590576171875,0.2036699652671814,0.8771754503250122,-0.434835284948349,-0.8594591617584229,-0.05251801386475563,-0.5084995031356812,-0.4688799977302551,0.47728925943374634,0.7432001829147339
300,1650640198.9572127,33.05408477783203,28.972896575927734,1223.0823974609375,-0.4808289110660553,0.7838103771209717,0.3929946720600128,-0.5685251951217651,-0.6199200749397278,0.5408125519752502,0.667519748210907,0.03661094605922699,0.7436914443969727
4,1650640198.9572387,-134.25152587890625,-52.089111328125,1214.5992431640625,0.202423557639122,0.8772726655006409,-0.4352210462093353,-0.8541111946105957,-0.05926079303026199,-0.516703188419342,-0.4790811538696289,0.4763200581073761,0.7372926473617554
300,1650640198.9877582,33.05339431762695,28.969289779663086,1223.086669921875,-0.4808802604675293,0.7840203642845154,0.3925126791000366,-0.56843101978302,-0.6196216940879822,0.5412532687187195,0.6675629615783691,0.03716162219643593,0.7436253428459167
4,1650640198.987784,-135.42816162109375,-51.47964096069336,1213.5421142578125,0.20216676592826843,0.8779846429824829,-0.4339027404785156,-0.8473289608955383,-0.0653529018163681,-0.5270318984985352,-0.49108269810676575,0.47420671582221985,0.7307296395301819
300,1650640199.0223145,33.052635192871094,28.964506149291992,1223.0831298828125,-0.4808192849159241,0.7840688228607178,0.3924906253814697,-0.5683131814002991,-0.6195529699325562,0.5414556264877319,0.6677072048187256,0.037284716963768005,0.743489682674408
4,1650640199.022341,-136.9705352783203,-50.57034683227539,1212.0936279296875,0.19881406426429749,0.879000723361969,-0.43339434266090393,-0.8397542834281921,-0.07519467175006866,-0.5377346277236938,-0.5052580833435059,0.4708539545536041,0.7231948971748352
300,1650640199.0871203,33.054073333740234,28.972352981567383,1223.0833740234375,-0.480827271938324,0.7840161323547363,0.3925860822200775,-0.5683648586273193,-0.6196279525756836,0.5413155555725098,0.6676574349403381,0.037147156894207,0.7435412406921387
4,1650640199.0871465,-139.57200622558594,-48.69407272338867,1209.452880859375,0.1884821206331253,0.8828505277633667,-0.43017372488975525,-0.8290156126022339,-0.09180045872926712,-0.551639199256897,-0.5265051126480103,0.46059486269950867,0.7145941257476807
300,1650640199.116531,33.05144119262695,28.968320846557617,1223.081787109375,-0.4807722270488739,0.7839433550834656,0.3927987515926361,-0.568343997001648,-0.6197313070297241,0.541219174861908,0.6677148938179016,0.03695831820368767,0.7434991002082825
4,1650640199.1165564,-140.7144317626953,-47.785648345947266,1208.2623291015625,0.18293063342571259,0.885123074054718,-0.42789426445961,-0.8250290155410767,-0.09848910570144653,-0.5564413666725159,-0.5346620082855225,0.4548153579235077,0.7122355699539185
300,1650640199.1505344,33.053428649902344,28.968523025512695,1223.087646484375,-0.4808279871940613,0.7839561700820923,0.39270493388175964,-0.5684197545051575,-0.6197136044502258,0.5411599278450012,0.667610228061676,0.03698359802365303,0.7435917854309082
4,1650640199.1505582,-142.08251953125,-46.811241149902344,1206.9962158203125,0.17717847228050232,0.8881453275680542,-0.42403504252433777,-0.8204299807548523,-0.10468939691781998,-0.5620807409286499,-0.5436013340950012,0.4474796652793884,0.7101123332977295
300,1650640199.1811745,33.05864334106445,28.97150421142578,1223.0882568359375,-0.48092055320739746,0.7839388251304626,0.39262619614601135,-0.5684952735900879,-0.6197345852851868,0.5410565137863159,0.6674792170524597,0.03699903562664986,0.7437086701393127
4,1650640199.1812017,-142.9863739013672,-46.207969665527344,1206.21875,0.17339807748794556,0.8901704549789429,-0.4213427007198334,-0.8173477649688721,-0.10860387235879898,-0.5658161044120789,-0.5494322180747986,0.4424949288368225,0.7087470889091492
300,1650640199.2139056,33.05665969848633,28.96985626220703,1223.087158203125,-0.48087191581726074,0.7839189171791077,0.3927255868911743,-0.5684677362442017,-0.6197642683982849,0.54105144739151,0.6675377488136292,0.036924634128808975,0.7436597943305969
4,1650640199.2139452,-143.65374755859375,-45.736717224121094,1205.623046875,0.1682576984167099,0.8921546339988708,-0.4192247986793518,-0.8166183233261108,-0.11204557120800018,-0.5661981105804443,-0.5521085262298584,0.437613844871521,0.7096973061561584
300,1650640199.2427235,33.06129455566406,28.97503662109375,1223.0965576171875,-0.48099324107170105,0.7839217185974121,0.392571359872818,-0.5685741305351257,-0.6197569966316223,0.5409479141235352,0.6673596501350403,0.03698636591434479,0.7438165545463562
4,1650640199.2427495,-144.18869018554688,-45.48051452636719,1205.262451171875,0.16486255824565887,0.8930400609970093,-0.41868817806243896,-0.8151965737342834,-0.11558730900287628,-0.5675333142280579,-0.5552250146865845,0.4348781704902649,0.7089471817016602
300,1650640199.2793195,33.058250427246094,28.9787540435791,1223.0980224609375,-0.4807863235473633,0.7838305234909058,0.3930066227912903,-0.5684865117073059,-0.6198934316635132,0.5408837199211121,0.6675834059715271,0.036630529910326004,0.7436333894729614
4,1650640199.2793462,-144.8388671875,-45.30616760253906,1204.9105224609375,0.16188713908195496,0.893286406993866,-0.4193231463432312,-0.8143470883369446,-0.11906321346759796,-0.5680341720581055,-0.5573431849479675,0.4334319829940796,0.7081704139709473
300,1650640199.3060186,33.06025695800781,28.979665756225586,1223.1004638671875,-0.48086628317832947,0.7839434146881104,0.3926835358142853,-0.5684838891029358,-0.6197317838668823,0.5410716533660889,0.6675280332565308,0.03694883733987808,0.7436673641204834
4,1650640199.3060443,-145.20086669921875,-45.30276107788086,1204.8189697265625,0.1593906134366989,0.8929564356803894,-0.4209791421890259,-0.8143505454063416,-0.12212754786014557,-0.5673782825469971,-0.5580571889877319,0.43325936794281006,0.7077135443687439
300,1650640199.3439887,33.054229736328125,28.97574234008789,1223.1044921875,-0.4808184504508972,0.7839351296424866,0.39275863766670227,-0.5684379935264587,-0.6197443604469299,0.5411055088043213,0.6676015257835388,0.03691457584500313,0.7436030507087708
4,1650640199.3440158,-145.4567108154297,-45.419944763183594,1204.850830078125,0.1553223580121994,0.8934181928634644,-0.42151978611946106,-0.8162421584129333,-0.1242799311876297,-0.5641837120056152,-0.5564384460449219,0.43169257044792175,0.709942102432251
300,1650640199.3745942,33.05693817138672,28.97846794128418,1223.11328125,-0.48089373111724854,0.7840220332145691,0.3924928605556488,-0.568510890007019,-0.6196228265762329,0.5411681532859802,0.6674852967262268,0.037107907235622406,0.7436977624893188
4,1650640199.3746192,-145.50099182128906,-45.5540657043457,1204.9683837890625,0.1536785513162613,0.8939552307128906,-0.42098334431648254,-0.8179665207862854,-0.1239289790391922,-0.561758279800415,-0.5543587803840637,0.4306804835796356,0.7121802568435669
300,1650640199.410373,33.056785583496094,28.979175567626953,1223.1121826171875,-0.48078128695487976,0.7837900519371033,0.3930934965610504,-0.5684252977371216,-0.6199461817741394,0.5408876538276672,0.6676391959190369,0.0366043746471405,0.7435845732688904
4,1650640199.4103997,-145.37832641601562,-45.80667495727539,1205.2119140625,0.15520694851875305,0.8937497138977051,-0.42085888981819153,-0.8186653852462769,-0.12207108736038208,-0.5611466765403748,-0.5528994202613831,0.4316364824771881,0.7127357125282288
300,1650640199.4375138,33.05624008178711,28.976442337036133,1223.0899658203125,-0.4807153046131134,0.7837715744972229,0.3932109773159027,-0.5683538913726807,-0.6199726462364197,0.5409323573112488,0.667747437953949,0.03655146807432175,0.7434899806976318
4,1650640199.4375396,-145.0858917236328,-46.10989761352539,1205.5330810546875,0.1587056964635849,0.8937588334083557,-0.4195326268672943,-0.8189969062805176,-0.11814124137163162,-0.5615040063858032,-0.5514132380485535,0.43270981311798096,0.7132360339164734
300,1650640199.475133,33.05934524536133,28.973878860473633,1223.0740966796875,-0.4808320701122284,0.7840554118156433,0.3925018310546875,-0.5682873129844666,-0.6195691227912903,0.5414643287658691,0.6677200198173523,0.037299588322639465,0.743477463722229
4,1650640199.4751587,-144.2998046875,-46.70057678222656,1206.25390625,0.1637495458126068,0.8950324058532715,-0.4148530960083008,-0.8224582076072693,-0.10835468024015427,-0.5584099888801575,-0.5447463393211365,0.4326387047767639,0.7183837294578552
300,1650640199.5022657,33.06095886230469,28.983930587768555,1223.08056640625,-0.4808487296104431,0.7838975787162781,0.39279645681381226,-0.5685868859291077,-0.619801938533783,0.5408830642700195,0.6674529910087585,0.036744020879268646,0.7437448501586914
4,1650640199.5022912,-143.2416534423828,-47.51591110229492,1207.263671875,0.16913369297981262,0.8960719108581543,-0.4104253351688385,-0.8275970816612244,-0.09702233225107193,-0.5528740882873535,-0.5352353453636169,0.4331764280796051,0.7251767516136169
300,1650640199.5399294,33.058006286621094,28.975902557373047,1223.06982421875,-0.4807831346988678,0.7838693261146545,0.392933189868927,-0.5684167742729187,-0.6198365092277527,0.5410222411155701,0.6676450371742249,0.036764536052942276,0.743571400642395
4,1650640199.5399559,-141.5321502685547,-48.89179992675781,1208.99267578125,0.17609438300132751,0.8962184190750122,-0.40716493129730225,-0.835943341255188,-0.08226662129163742,-0.5426149368286133,-0.5197976231575012,0.43591824173927307,0.7347010970115662
300,1650640199.572483,33.06059265136719,28.980791091918945,1223.0789794921875,-0.4808800220489502,0.7839749455451965,0.3926037847995758,-0.5685579180717468,-0.6196914315223694,0.5410401225090027,0.6674550771713257,0.03695738688111305,0.7437323927879333
4,1650640199.572521,-139.88600158691406,-50.43132781982422,1210.9166259765625,0.18560513854026794,0.8938533067703247,-0.4081383943557739,-0.8426023125648499,-0.06891395896673203,-0.5341087579727173,-0.5055413246154785,0.4430316984653473,0.7403721213340759
300,1650640199.6055412,33.05895233154297,28.979177474975586,1223.0733642578125,-0.48084187507629395,0.7839769721031189,0.3926464319229126,-0.5684837698936462,-0.6196874380111694,0.5411226153373718,0.667545735836029,0.03698129206895828,0.7436498403549194
4,1650640199.6055677,-138.0886993408203,-51.9901123046875,1212.9818115234375,0.1950988918542862,0.8920619487762451,-0.4076296091079712,-0.8494948148727417,-0.05402981489896774,-0.5248231291770935,-0.49019888043403625,0.4486716687679291,0.7472608685493469
300,1650640199.632597,33.058677673339844,28.979801177978516,1223.0718994140625,-0.4808935225009918,0.7839813232421875,0.3925745189189911,-0.5685239434242249,-0.6196797490119934,0.5410891771316528,0.6674742698669434,0.03701827675104141,0.7437121272087097
4,1650640199.632623,-136.68006896972656,-53.20756912231445,1214.662109375,0.2006121724843979,0.8899073004722595,-0.40965813398361206,-0.8561423420906067,-0.04401026666164398,-0.5148625373840332,-0.4762090742588043,0.4540133476257324,0.7530583143234253
300,1650640199.6725662,33.062103271484375,28.979816436767578,1223.0665283203125,-0.4809013307094574,0.783916711807251,0.39269396662712097,-0.5685532689094543,-0.619769811630249,0.5409552454948425,0.6674436926841736,0.03687864542007446,0.7437465190887451
4,1650640199.6725907,-134.81085205078125,-54.980255126953125,1217.14111328125,0.20776581764221191,0.8873149752616882,-0.4117105305194855,-0.86456298828125,-0.030306478962302208,-0.5016098022460938,-0.4575633704662323,0.4601670503616333,0.7608429789543152
300,1650640199.70007,33.05796432495117,28.97998809814453,1223.0740966796875,-0.48088741302490234,0.7838450074195862,0.39285406470298767,-0.5685049295425415,-0.6198669075965881,0.5408947467803955,0.6674948930740356,0.03677000105381012,0.7437059283256531
