300,1648569134.9124079,301.34796142578125,-22.652727127075195,1551.8563232421875,0.9967734813690186,-0.017127424478530884,-0.0784173458814621,0.0064016953110694885,0.990820050239563,-0.13503588736057281,0.0800102949142456,0.13409818708896637,0.9877327680587769
4,1648569134.912434,38.032012939453125,-57.74212646484375,1556.4951171875,0.11066162586212158,-0.9409554600715637,-0.31993257999420166,-0.993513286113739,-0.09625507891178131,-0.06055041402578354,0.026180105283856392,0.3245578706264496,-0.9455034732818604
410,1648569134.9124532,74.6353759765625,-189.49630737304688,1538.7752685546875,0.1241995319724083,0.9814748167991638,-0.14588229358196259,-0.9915532469749451,0.12829996645450592,0.0190066359937191,0.03737122565507889,0.1422894448041916,0.9891193509101868
300,1648569134.946569,301.3586120605469,-22.65950584411621,1551.8489990234375,0.9967650175094604,-0.017247922718524933,-0.07849835604429245,0.00655348738655448,0.9908910393714905,-0.13450631499290466,0.08010327816009521,0.13355675339698792,0.9877985715866089
4,1648569134.9465938,37.33869171142578,-57.877586364746094,1556.6895751953125,0.10635723173618317,-0.9386187791824341,-0.32815074920654297,-0.9939730167388916,-0.09154493361711502,-0.060308944433927536,0.02656657248735428,0.33258727192878723,-0.9426982402801514
410,1648569134.9466121,74.19217681884766,-189.85169982910156,1539.2960205078125,0.12644532322883606,0.9807306528091431,-0.14892612397670746,-0.9910428524017334,0.1313968151807785,0.023851808160543442,0.04296061769127846,0.14457623660564423,0.9885606169700623
300,1648569134.982389,301.36065673828125,-22.66795539855957,1551.88720703125,0.9966695308685303,-0.017367318272590637,-0.07967584580183029,0.006535390391945839,0.9909265637397766,-0.134245365858078,0.08128439635038376,0.1332775503396988,0.9877398014068604
4,1648569134.9824162,36.93948745727539,-57.99061965942383,1556.8062744140625,0.10475276410579681,-0.9373094439506531,-0.33238205313682556,-0.9941101670265198,-0.08935382962226868,-0.06132582575082779,0.027781667187809944,0.3368484377861023,-0.9411489367485046
410,1648569134.9824355,73.9264144897461,-190.09207153320312,1539.572509765625,0.1281583309173584,0.9802426695823669,-0.1506643444299698,-0.9907110929489136,0.13350176811218262,0.02586037665605545,0.045463401824235916,0.14595061540603638,0.9882466793060303
300,1648569135.0290773,301.3381042480469,-22.66441535949707,1551.8453369140625,0.9966906905174255,-0.017257021740078926,-0.07943476736545563,0.006487520877271891,0.9909754395484924,-0.13388638198375702,0.08102838695049286,0.13292796909809113,0.9878079295158386
4,1648569135.0291061,37.05508041381836,-57.94178771972656,1556.8035888671875,0.10536593198776245,-0.9379621744155884,-0.3303406238555908,-0.9940679669380188,-0.09033996611833572,-0.06056001037359238,0.026960043236613274,0.33476200699806213,-0.9419169425964355
410,1648569135.029127,73.7193832397461,-190.0734405517578,1539.477783203125,0.12463444471359253,0.9811344742774963,-0.14778827130794525,-0.9911826252937317,0.12986992299556732,0.026283282786607742,0.04498068615794182,0.14320935308933258,0.9886696934700012
300,1648569135.0797222,301.3343811035156,-22.666059494018555,1551.872314453125,0.9966812133789062,-0.01721089333295822,-0.07956347614526749,0.006448286585509777,0.9910148978233337,-0.1335960477590561,0.08114790171384811,0.13263961672782898,0.9878368973731995
4,1648569135.0797486,36.58258819580078,-58.00094985961914,1556.81982421875,0.10268590599298477,-0.9360793828964233,-0.336468368768692,-0.994330883026123,-0.08721045404672623,-0.06083144620060921,0.027599502354860306,0.3408074378967285,-0.9397279024124146
410,1648569135.079767,73.16078186035156,-190.10572814941406,1539.25537109375,0.1250240057706833,0.9815298914909363,-0.14480368793010712,-0.9912881851196289,0.12967228889465332,0.023082323372364044,0.04143301770091057,0.14065633714199066,0.9891911149024963
300,1648569135.1297388,301.3580322265625,-22.668346405029297,1551.8699951171875,0.996725857257843,-0.017230691388249397,-0.07899770885705948,0.006540215574204922,0.9910088777542114,-0.13363635540008545,0.08059006929397583,0.13268214464187622,0.987876832485199
4,1648569135.1297648,36.40314865112305,-58.01825714111328,1556.8189697265625,0.10120413452386856,-0.9359566569328308,-0.3372578024864197,-0.9944724440574646,-0.08564363420009613,-0.060742828994989395,0.027968671172857285,0.34154102206230164,-0.9394506216049194
410,1648569135.1297855,72.84132385253906,-190.09451293945312,1538.8656005859375,0.12319757789373398,0.9818876385688782,-0.14394114911556244,-0.9916477203369141,0.127383753657341,0.020202213898301125,0.03817206621170044,0.1402500569820404,0.9893800020217896
300,1648569135.165819,301.3592529296875,-22.660320281982422,1551.8572998046875,0.9967209100723267,-0.017288781702518463,-0.07904725521802902,0.006577786989510059,0.990986168384552,-0.13380254805088043,0.0806480199098587,0.13284385204315186,0.9878503680229187
4,1648569135.1658473,36.38266372680664,-58.02095413208008,1556.8800048828125,0.10139191895723343,-0.9359381198883057,-0.3372529149055481,-0.9944590330123901,-0.08588971197605133,-0.06061520427465439,0.02776552364230156,0.34153011441230774,-0.9394606351852417
410,1648569135.1658666,72.6336669921875,-190.147705078125,1538.4996337890625,0.12256768345832825,0.9825314283370972,-0.1400327980518341,-0.9917706847190857,0.12651558220386505,0.019613156095147133,0.03698687255382538,0.13647648692131042,0.9899526238441467
300,1648569135.1984894,301.3453674316406,-22.663766860961914,1551.8955078125,0.9967877864837646,-0.017189543694257736,-0.07822176069021225,0.0065762256272137165,0.9909639954566956,-0.13396677374839783,0.0798177719116211,0.13302204012870789,0.9878938794136047
4,1648569135.1985183,36.44614028930664,-58.015472412109375,1556.8603515625,0.10137571394443512,-0.9358831644058228,-0.33741024136543274,-0.9944746494293213,-0.08603809028863907,-0.06014631316065788,0.027259789407253265,0.3416433334350586,-0.939434289932251
410,1648569135.1985369,72.60609436035156,-190.2097930908203,1538.3441162109375,0.12227627635002136,0.9824675917625427,-0.14073379337787628,-0.9918357133865356,0.1261320412158966,0.018777724355459213,0.03619954362511635,0.13728871941566467,0.9898693561553955
300,1648569135.2309244,301.33526611328125,-22.670530319213867,1551.8787841796875,0.9966734647750854,-0.017277149483561516,-0.0796462893486023,0.006481390446424484,0.990979015827179,-0.13386012613773346,0.08124051988124847,0.13289861381053925,0.9877944588661194
4,1648569135.23095,36.58362579345703,-58.022010803222656,1556.7423095703125,0.10312933474779129,-0.9358007907867432,-0.33710718154907227,-0.9942967891693115,-0.08773162215948105,-0.06063900887966156,0.027171071618795395,0.3414382338523865,-0.9395114183425903
410,1648569135.230971,72.51761627197266,-190.2964630126953,1538.325439453125,0.12237389385700226,0.9823789596557617,-0.1412663757801056,-0.9918553233146667,0.1261167675256729,0.01781925931572914,0.035321325063705444,0.13793519139289856,0.9898112416267395
300,1648569135.2681925,301.3467102050781,-22.664581298828125,1551.8450927734375,0.9967289566993713,-0.017187103629112244,-0.07896862179040909,0.006527494173496962,0.9910531044006348,-0.1333085149526596,0.08055328577756882,0.13235698640346527,0.9879235029220581
4,1648569135.268219,36.49764633178711,-58.035099029541016,1556.794189453125,0.1021609976887703,-0.9354379177093506,-0.33840662240982056,-0.9944075345993042,-0.08687781542539597,-0.0600486621260643,0.02677176706492901,0.3426487445831299,-0.9390820860862732
410,1648569135.2682376,72.53668212890625,-190.4092254638672,1538.3759765625,0.12236087769269943,0.9823099374771118,-0.14175663888454437,-0.9918695092201233,0.12606321275234222,0.017403915524482727,0.03496633842587471,0.13847453892230988,0.9897485375404358
300,1648569135.3101318,301.35284423828125,-22.66221046447754,1551.8623046875,0.9967324733734131,-0.01719985529780388,-0.07892119139432907,0.006491363979876041,0.9909620881080627,-0.13398493826389313,0.08051243424415588,0.1330348253250122,0.9878357648849487
4,1648569135.3101585,36.404296875,-57.99302291870117,1556.73291015625,0.10177937895059586,-0.9352951645851135,-0.3389158546924591,-0.9944518804550171,-0.08655472099781036,-0.05978027358651161,0.026577431708574295,0.34311991930007935,-0.9389155507087708
410,1648569135.3101773,72.55884552001953,-190.42706298828125,1538.408935546875,0.12214095145463943,0.9823896884918213,-0.14139346778392792,-0.9918484687805176,0.12602558732032776,0.018819324672222137,0.03630710765719414,0.13794228434562683,0.9897745847702026
300,1648569135.3452125,301.3548583984375,-22.66498565673828,1551.862548828125,0.9967043399810791,-0.017206432297825813,-0.07927446812391281,0.006466013845056295,0.9909877181053162,-0.13379664719104767,0.08086218684911728,0.13284310698509216,0.9878329634666443
4,1648569135.3452368,36.43931579589844,-58.01957702636719,1556.6868896484375,0.10221388190984726,-0.9355448484420776,-0.3380949795246124,-0.9943989515304565,-0.08690670132637024,-0.06014953926205635,0.026889869943261147,0.34234941005706787,-0.9391878247261047
410,1648569135.345255,72.53675842285156,-190.538818359375,1538.48486328125,0.12180475145578384,0.9824483394622803,-0.14127591252326965,-0.9918782711029053,0.12573416531085968,0.019195325672626495,0.03662162646651268,0.13779042661190033,0.9897841215133667
300,1648569135.3887043,301.34698486328125,-22.66050910949707,1551.826171875,0.9966956377029419,-0.01722458377480507,-0.07937995344400406,0.006460134871304035,0.990971565246582,-0.13391649723052979,0.0809699296951294,0.13296116888523102,0.9878082871437073
4,1648569135.3887308,36.442012786865234,-58.00678634643555,1556.7589111328125,0.10206109285354614,-0.9352457523345947,-0.33896735310554504,-0.9944332838058472,-0.08694840967655182,-0.05951845273375511,0.0261917095631361,0.3431549370288849,-0.9389135837554932
410,1648569135.3887494,72.5102310180664,-190.59141540527344,1538.32763671875,0.12156734615564346,0.9827591180801392,-0.13930508494377136,-0.9918734431266785,0.1255844682455063,0.02038588747382164,0.03752896934747696,0.13569475710391998,0.9900396466255188
300,1648569135.4243321,301.3410339355469,-22.663782119750977,1551.828369140625,0.9967358708381653,-0.017215237021446228,-0.078874871134758,0.006569305434823036,0.9910550713539124,-0.13329195976257324,0.08046399056911469,0.1323387175798416,0.9879332184791565
4,1648569135.4243746,36.63607406616211,-58.02442169189453,1556.73779296875,0.10318532586097717,-0.9356653094291687,-0.33746588230133057,-0.9943121671676636,-0.08803173899650574,-0.05994734540581703,0.026382941752672195,0.3417321443557739,-0.9394270181655884
410,1648569135.4244096,72.42364501953125,-190.6955108642578,1538.2379150390625,0.12194016575813293,0.982738196849823,-0.13912661373615265,-0.9918162226676941,0.12599126994609833,0.02065887488424778,0.037831004709005356,0.13546888530254364,0.9900590777397156
300,1648569135.4666092,301.3507385253906,-22.66745948791504,1551.8626708984375,0.9966855049133301,-0.017315419390797615,-0.07948672026395798,0.006604794412851334,0.9910832643508911,-0.13308031857013702,0.0810822993516922,0.1321142464876175,0.9879127144813538
4,1648569135.4666357,36.74497985839844,-58.016658782958984,1556.689697265625,0.10442005097866058,-0.935481071472168,-0.3375968337059021,-0.9942123889923096,-0.08956602960824966,-0.059326332062482834,0.025261450558900833,0.3418378233909607,-0.9394193887710571
410,1648569135.4666545,72.42066955566406,-190.71966552734375,1538.2640380859375,0.12011944502592087,0.983085036277771,-0.13825729489326477,-0.9921044111251831,0.12392868101596832,0.019249649718403816,0.03605808690190315,0.13485342264175415,0.9902092814445496
300,1648569135.5004857,301.3486633300781,-22.658937454223633,1551.840576171875,0.9967178106307983,-0.017238404601812363,-0.07909785956144333,0.006525347474962473,0.9909937977790833,-0.13374853134155273,0.08069109916687012,0.1327933967113495,0.9878536462783813
4,1648569135.5005126,36.77082824707031,-57.99766159057617,1556.66748046875,0.1047637090086937,-0.9353700280189514,-0.33779793977737427,-0.9941630959510803,-0.08969908952713013,-0.059948164969682693,0.02577354945242405,0.3421066403388977,-0.9393075704574585
410,1648569135.500534,72.3980941772461,-190.73471069335938,1538.3621826171875,0.12058286368846893,0.9828387498855591,-0.13959862291812897,-0.9920316934585571,0.12447561323642731,0.019466014578938484,0.036508575081825256,0.13613899052143097,0.9900168180465698
300,1648569135.5428126,301.35955810546875,-22.661819458007812,1551.9022216796875,0.9967292547225952,-0.017266977578401566,-0.07894744724035263,0.0065641580149531364,0.9909775257110596,-0.1338675171136856,0.08054662495851517,0.13291144371032715,0.9878495931625366
4,1648569135.5428395,36.589359283447266,-58.03755187988281,1556.79248046875,0.10330718010663986,-0.935309648513794,-0.3384132385253906,-0.9942765831947327,-0.08779144287109375,-0.06088331714272499,0.027234967797994614,0.34276604652404785,-0.9390259385108948
410,1648569135.5428593,72.62769317626953,-190.72711181640625,1538.7080078125,0.12126763164997101,0.9825530648231506,-0.14100928604602814,-0.9919441342353821,0.12519685924053192,0.019302595406770706,0.03661974519491196,0.1375325620174408,0.9898200631141663
300,1648569135.5803065,301.3445739746094,-22.657947540283203,1551.87890625,0.9967052340507507,-0.017183752730488777,-0.07926762849092484,0.006457993760704994,0.9910101890563965,-0.13363030552864075,0.08085130155086517,0.13267812132835388,0.9878560304641724
4,1648569135.5803325,36.51265335083008,-58.024009704589844,1556.8568115234375,0.10244576632976532,-0.9356130957603455,-0.33783575892448425,-0.9943501353263855,-0.08682851493358612,-0.06106241047382355,0.027797015383839607,0.34218263626098633,-0.9392222166061401
410,1648569135.5803509,72.7391128540039,-190.7061309814453,1538.7606201171875,0.12129225581884384,0.9825004935264587,-0.14135411381721497,-0.991913378238678,0.12533146142959595,0.01999812386929989,0.03736428543925285,0.1377854198217392,0.9897570610046387
300,1648569135.6232955,301.34368896484375,-22.671890258789062,1551.875,0.9966841340065002,-0.017305178567767143,-0.07950634509325027,0.0065506016835570335,0.9910157322883606,-0.1335846185684204,0.08110374212265015,0.13262085616588593,0.9878430366516113
4,1648569135.6233227,36.87754440307617,-58.01958465576172,1556.78173828125,0.10536608099937439,-0.9358481168746948,-0.3362831175327301,-0.9940577149391174,-0.08982551097869873,-0.06148668751120567,0.02733539417386055,0.3407634496688843,-0.9397515654563904
410,1648569135.6233413,72.8879165649414,-190.7984619140625,1538.5040283203125,0.12107658386230469,0.9827418327331543,-0.13985341787338257,-0.9918828010559082,0.12529045343399048,0.021696941927075386,0.03884479030966759,0.1360912024974823,0.989934504032135
300,1648569135.6601083,301.3523254394531,-22.667766571044922,1551.9129638671875,0.9967145919799805,-0.01728152111172676,-0.07912851870059967,0.006573003716766834,0.9910081624984741,-0.13363981246948242,0.0807265043258667,0.13268063962459564,0.9878659248352051
4,1648569135.6601343,37.029296875,-57.99458694458008,1556.6907958984375,0.1066301167011261,-0.9356494545936584,-0.3364374041557312,-0.9939380288124084,-0.09119036793708801,-0.061412639915943146,0.02678084932267666,0.34094637632369995,-0.9397011995315552
410,1648569135.6601548,72.66920471191406,-190.725830078125,1538.2784423828125,0.12107956409454346,0.9831892848014832,-0.13666966557502747,-0.9919440746307373,0.12500707805156708,0.02049807831645012,0.037238169461488724,0.13308677077293396,0.9904046058654785
300,1648569135.7256534,301.3582458496094,-22.666378021240234,1551.8759765625,0.9967179298400879,-0.017331602051854134,-0.07907554507255554,0.006625726353377104,0.9910009503364563,-0.13369055092334747,0.08068101853132248,0.13272784650325775,0.987863302230835
4,1648569135.7256804,36.96707534790039,-57.99186706542969,1556.6773681640625,0.10641762614250183,-0.93536776304245,-0.33728694915771484,-0.9939996004104614,-0.09144432097673416,-0.06002310663461685,0.025300702080130577,0.3416506052017212,-0.9394864439964294
410,1648569135.7257006,72.53240203857422,-190.7774658203125,1538.44482421875,0.121322400867939,0.9830511212348938,-0.13744591176509857,-0.991889476776123,0.12535251677036285,0.021022921428084373,0.037895798683166504,0.1337805986404419,0.9902861714363098
300,1648569135.7770631,301.3477783203125,-22.66969108581543,1551.8590087890625,0.9966877698898315,-0.017381781712174416,-0.07944435626268387,0.006529892794787884,0.990842342376709,-0.13486599922180176,0.08106104284524918,0.13390052318572998,0.9876739382743835
4,1648569135.7771072,36.33462142944336,-58.07383728027344,1557.0362548828125,0.1018143817782402,-0.9347012042999268,-0.34053999185562134,-0.9944154024124146,-0.08606582134962082,-0.06107935681939125,0.027782093733549118,0.34485697746276855,-0.9382439851760864
410,1648569135.7771425,72.11035919189453,-190.83457946777344,1538.9312744140625,0.121243417263031,0.9832624197006226,-0.13599655032157898,-0.9918871521949768,0.12528489530086517,0.021531039848923683,0.0382089763879776,0.13228273391723633,0.9904752969741821
300,1648569135.8282783,301.3465881347656,-22.66165542602539,1551.88330078125,0.9967185258865356,-0.017225859686732292,-0.07909131050109863,0.006460079923272133,0.9909053444862366,-0.13440559804439545,0.0806872546672821,0.1334536224603653,0.9877650141716003
4,1648569135.8283198,36.015071868896484,-58.093448638916016,1557.17333984375,0.09965463727712631,-0.9336785674095154,-0.3439669907093048,-0.9945855140686035,-0.08323056995868683,-0.06222821772098541,0.029472583904862404,0.34830591082572937,-0.9369174838066101
410,1648569135.828353,71.91216278076172,-190.9490966796875,1539.31103515625,0.12008602172136307,0.983176052570343,-0.13763785362243652,-0.9919424653053284,0.12446531653404236,0.023633765056729317,0.04036729410290718,0.133690744638443,0.9902006387710571
300,1648569135.8789945,301.35760498046875,-22.66925811767578,1551.8861083984375,0.996644139289856,-0.017384802922606468,-0.07998860627412796,0.006538345478475094,0.9909716248512268,-0.1339121162891388,0.08159448206424713,0.13293972611427307,0.9877597689628601
4,1648569135.8790257,35.690914154052734,-58.133182525634766,1557.3797607421875,0.09757202863693237,-0.9326521754264832,-0.3473321497440338,-0.9947661757469177,-0.08075863867998123,-0.06259610503911972,0.030330320820212364,0.3516218960285187,-0.935650646686554
410,1648569135.8790572,71.57347869873047,-191.0133819580078,1539.1427001953125,0.11810898780822754,0.9833720922470093,-0.13794787228107452,-0.9921782612800598,0.12251946330070496,0.023900656029582024,0.040404535830020905,0.13404598832130432,0.990151047706604
300,1648569135.92976,301.3550109863281,-22.66363525390625,1551.85546875,0.9966442584991455,-0.017263414338231087,-0.08001402765512466,0.006452692206948996,0.991034984588623,-0.13344670832157135,0.08160044252872467,0.1324825882911682,0.9878206849098206
4,1648569135.9297922,35.81541442871094,-58.053627014160156,1557.0364990234375,0.09862459450960159,-0.9326463937759399,-0.34705033898353577,-0.9947236776351929,-0.08249502629041672,-0.06098692864179611,0.028249312192201614,0.35123398900032043,-0.9358614683151245
410,1648569135.9298167,70.91322326660156,-190.9527130126953,1538.4913330078125,0.11667335778474808,0.9843195080757141,-0.13229689002037048,-0.9924430847167969,0.12064564973115921,0.02239048108458519,0.038000430911779404,0.12868477404117584,0.9909572005271912
300,1648569135.9799051,301.3470458984375,-22.668228149414062,1551.855712890625,0.9966664910316467,-0.01730821467936039,-0.07972697168588638,0.006489765364676714,0.9909597635269165,-0.13400249183177948,0.08132556080818176,0.13303838670253754,0.9877686500549316
4,1648569135.9799328,35.686866760253906,-58.02921676635742,1556.8994140625,0.09787604212760925,-0.9326668381690979,-0.34720727801322937,-0.9948455095291138,-0.08240047097206116,-0.05909827724099159,0.026508959010243416,0.3512018918991089,-0.9359244108200073
410,1648569135.9799507,70.68641662597656,-191.02723693847656,1538.2474365234375,0.11651421338319778,0.9845720529556274,-0.13054603338241577,-0.9924715757369995,0.1204150840640068,0.022369790822267532,0.03774438053369522,0.12695682048797607,0.9911898374557495
300,1648569136.0301604,301.3457336425781,-22.665510177612305,1551.8468017578125,0.9967233538627625,-0.017227422446012497,-0.07903043180704117,0.006483749952167273,0.9909283518791199,-0.13423483073711395,0.08062601089477539,0.13328257203102112,0.9877930879592896
4,1648569136.030188,35.33172607421875,-58.03103256225586,1556.9447021484375,0.09467314183712006,-0.9326643347740173,-0.3481009006500244,-0.9951336979866028,-0.07906986027956009,-0.05879556015133858,0.027312230318784714,0.351973295211792,-0.9356114864349365
410,1648569136.0302076,70.47195434570312,-190.94842529296875,1538.3978271484375,0.11704838275909424,0.9846171736717224,-0.1297256201505661,-0.9924127459526062,0.12091260403394699,0.022295651957392693,0.037638142704963684,0.12613168358802795,0.9912992119789124
300,1648569136.0808702,301.35107421875,-22.661815643310547,1551.8572998046875,0.9967210292816162,-0.017238643020391464,-0.07905678451061249,0.006556762848049402,0.991036057472229,-0.13343387842178345,0.08064834028482437,0.1324779987335205,0.9878994822502136
4,1648569136.0808961,35.29139709472656,-58.044097900390625,1556.980712890625,0.09454897791147232,-0.9324735403060913,-0.34864532947540283,-0.9951184988021851,-0.07857704907655716,-0.05970656871795654,0.028279274702072144,0.35258859395980835,-0.9353510141372681
410,1648569136.0809155,70.38602447509766,-190.97998046875,1538.71044921875,0.11579287797212601,0.9846608638763428,-0.13051837682724,-0.9925435185432434,0.11974085867404938,0.022791095077991486,0.03806988149881363,0.1269061267375946,0.991183876991272
300,1648569136.1315463,301.3507995605469,-22.665401458740234,1551.9136962890625,0.9967024922370911,-0.01728910580277443,-0.0792793482542038,0.0065311542712152,0.9909601807594299,-0.13399705290794373,0.08087936788797379,0.13303740322589874,0.9878054261207581
4,1648569136.1315727,35.48810958862305,-58.0543098449707,1557.0589599609375,0.09615061432123184,-0.9329861402511597,-0.34683120250701904,-0.9949399828910828,-0.07988303154706955,-0.06093549355864525,0.029146047309041023,0.3509351909160614,-0.9359460473060608
410,1648569136.1315913,70.41348266601562,-191.07737731933594,1538.831298828125,0.11399110406637192,0.9848235845565796,-0.13087590038776398,-0.9927054047584534,0.11811632663011551,0.024176830425858498,0.03926849365234375,0.12716525793075562,0.9911039471626282
300,1648569136.1821873,301.3487243652344,-22.672170639038086,1551.91357421875,0.9967284202575684,-0.01726224645972252,-0.0789586529135704,0.0065670255571603775,0.9909924864768982,-0.13375627994537354,0.08055636286735535,0.1328001618385315,0.9878637790679932
4,1648569136.1822135,35.55978012084961,-58.04985046386719,1556.9859619140625,0.09660010039806366,-0.9329203963279724,-0.3468831181526184,-0.9949133396148682,-0.08050474524497986,-0.060551244765520096,0.02856375463306904,0.3509678840637207,-0.9359517097473145
410,1648569136.1822364,70.28821563720703,-191.08108520507812,1538.6085205078125,0.11340989917516708,0.9848185181617737,-0.13141807913780212,-0.9927451014518738,0.11763999611139297,0.024859009310603142,0.039941634982824326,0.12764538824558258,0.9910153150558472
300,1648569136.2329454,301.3519592285156,-22.66362190246582,1551.8687744140625,0.9966634511947632,-0.017299866303801537,-0.07976613193750381,0.006452507339417934,0.9909210205078125,-0.13429035246372223,0.08136514574289322,0.13332760334014893,0.9877263903617859
4,1648569136.2329714,35.651187896728516,-58.012821197509766,1556.8662109375,0.09708774089813232,-0.9333699941635132,-0.3455350399017334,-0.9949095845222473,-0.081598199903965,-0.05913211777806282,0.026997104287147522,0.3495171368122101,-0.936540961265564
410,1648569136.2329907,70.29488372802734,-191.05406188964844,1538.568115234375,0.11409182101488113,0.9847095012664795,-0.1316443234682083,-0.9926881194114685,0.11825361102819443,0.02421572059392929,0.03941286727786064,0.12791892886161804,0.9910011887550354
300,1648569136.2836359,301.3515930175781,-22.676855087280273,1551.8525390625,0.9966737627983093,-0.017305508255958557,-0.07963645458221436,0.006510610226541758,0.9909783601760864,-0.13386370241641998,0.08123458176851273,0.1328999549150467,0.987794816493988
4,1648569136.2836635,35.57175064086914,-58.00816345214844,1556.8726806640625,0.09626656025648117,-0.9331597089767456,-0.34633174538612366,-0.9949992895126343,-0.08090957999229431,-0.058566946536302567,0.026630759239196777,0.3502378761768341,-0.9362821578979492
410,1648569136.2836826,70.58723449707031,-190.96180725097656,1538.79638671875,0.11585041135549545,0.984253466129303,-0.13350564241409302,-0.9924852848052979,0.12003927677869797,0.023738667368888855,0.03939078375697136,0.1297522485256195,0.9907637238502502
300,1648569136.3342953,301.3445739746094,-22.662410736083984,1551.888427734375,0.99675452709198,-0.01714518666267395,-0.07865429669618607,0.00651782238855958,0.9910368323326111,-0.13343000411987305,0.08023698627948761,0.1324843019247055,0.9879321455955505
4,1648569136.334323,35.69337844848633,-58.02112579345703,1556.8687744140625,0.09756923466920853,-0.9332672357559204,-0.3456769585609436,-0.9948608875274658,-0.08201811462640762,-0.059370458126068115,0.027056729421019554,0.3496932089328766,-0.9364734888076782
410,1648569136.3343425,71.0603256225586,-190.93360900878906,1538.824462890625,0.11665628850460052,0.9838716983795166,-0.13560156524181366,-0.9923691153526306,0.12096051126718521,0.02391952835023403,0.03993618115782738,0.13177643716335297,0.9904746413230896
300,1648569136.385022,301.3531494140625,-22.663639068603516,1551.80908203125,0.9966764450073242,-0.017340093851089478,-0.07959525287151337,0.006549736950546503,0.9909768104553223,-0.1338731050491333,0.08119842410087585,0.13290683925151825,0.9877968430519104
4,1648569136.3850486,36.089027404785156,-58.023048400878906,1556.9617919921875,0.10047107189893723,-0.933506965637207,-0.344195157289505,-0.9945535063743591,-0.08458961546421051,-0.06089237704873085,0.027728121727705002,0.34843844175338745,-0.9369214773178101
410,1648569136.3850663,71.81187438964844,-190.74671936035156,1538.7095947265625,0.11731875687837601,0.9837360382080078,-0.136013463139534,-0.992331862449646,0.12148986011743546,0.022753732278943062,0.03890792280435562,0.13230106234550476,0.9904456734657288
300,1648569136.4357939,301.35223388671875,-22.673192977905273,1551.9454345703125,0.9967672228813171,-0.017257003113627434,-0.07846859097480774,0.0065369070507586,0.9908415079116821,-0.13487154245376587,0.08007741719484329,0.13392259180545807,0.9877511262893677
4,1648569136.4358213,37.06080627441406,-57.979591369628906,1556.7144775390625,0.10767245292663574,-0.9347932934761047,-0.3384791910648346,-0.9938329458236694,-0.09212607890367508,-0.06171603500843048,0.02650897391140461,0.3430368900299072,-0.9389477968215942
410,1648569136.435841,72.97142791748047,-190.63006591796875,1538.29736328125,0.11945579200983047,0.9834099411964417,-0.13651062548160553,-0.9920448660850525,0.12372666597366333,0.02321089804172516,0.039715830236673355,0.13265198469161987,0.9903666377067566
300,1648569136.4864216,301.35400390625,-22.661863327026367,1551.92333984375,0.9967842698097229,-0.017153093591332436,-0.07827416807413101,0.006604790687561035,0.9910835027694702,-0.13307833671569824,0.0798589438199997,0.13213340938091278,0.9880097508430481
4,1648569136.486448,37.91468811035156,-57.90505599975586,1556.4644775390625,0.11387123912572861,-0.9351927042007446,-0.33533263206481934,-0.9932011365890503,-0.09894131869077682,-0.061335667967796326,0.02418241649866104,0.34003713726997375,-0.9401010274887085
410,1648569136.4865088,74.32595825195312,-190.42234802246094,1538.224609375,0.12379568815231323,0.9822612404823303,-0.14084556698799133,-0.9914917349815369,0.12819653749465942,0.02257855422794819,0.040233954787254333,0.13685208559036255,0.9897741079330444
300,1648569136.5203958,301.3515930175781,-22.662643432617188,1551.9002685546875,0.9967509508132935,-0.017184756696224213,-0.07869100570678711,0.006554655730724335,0.9910405278205872,-0.13340064883232117,0.0802784338593483,0.13245142996311188,0.9879332184791565
4,1648569136.5204213,38.33510208129883,-57.88936233520508,1556.41845703125,0.11732842773199081,-0.9353936314582825,-0.3335757851600647,-0.9928363561630249,-0.10284492373466492,-0.060818083584308624,0.022582270205020905,0.33832186460494995,-0.9407594799995422
410,1648569136.5204403,75.2356948852539,-190.33505249023438,1538.335205078125,0.12715113162994385,0.9812660217285156,-0.14473970234394073,-0.9910533428192139,0.13165318965911865,0.021923808380961418,0.040568530559539795,0.14065712690353394,0.9892268776893616
300,1648569136.5616496,301.3491516113281,-22.6715145111084,1551.87255859375,0.9967182278633118,-0.01724817603826523,-0.07909008860588074,0.006529135163873434,0.9909822940826416,-0.13383381068706512,0.08068526536226273,0.13287821412086487,0.9878427386283875
4,1648569136.561676,38.54670715332031,-57.91517639160156,1556.4671630859375,0.11896855384111404,-0.9353346228599548,-0.33316007256507874,-0.992608368396759,-0.10393386334180832,-0.06266128271818161,0.023982655256986618,0.3381521999835968,-0.940785825252533
410,1648569136.561694,76.22543334960938,-190.10899353027344,1538.61083984375,0.13018956780433655,0.980228841304779,-0.14900363981723785,-0.9906952977180481,0.1346205323934555,0.02000449225306511,0.03966793045401573,0.14501282572746277,0.9886342883110046
300,1648569136.612753,301.3575744628906,-22.670085906982422,1551.871826171875,0.9966839551925659,-0.01725948415696621,-0.07951853424310684,0.006575450301170349,0.9911332726478577,-0.13270871341228485,0.08110395073890686,0.13174577057361603,0.9879601001739502
4,1648569136.6127794,38.748069763183594,-57.93867111206055,1556.629638671875,0.12010842561721802,-0.935346782207489,-0.33271661400794983,-0.9924226999282837,-0.10437828302383423,-0.06482524424791336,0.02590569481253624,0.33798161149024963,-0.9407961368560791
410,1648569136.6127987,76.92352294921875,-189.9883270263672,1538.8087158203125,0.13248878717422485,0.9794124960899353,-0.15230855345726013,-0.9903668165206909,0.1370476484298706,0.019786695018410683,0.040252864360809326,0.14821982383728027,0.9881349205970764
300,1648569136.663386,301.36279296875,-22.664640426635742,1551.8995361328125,0.9967967867851257,-0.017131084576249123,-0.07811985164880753,0.006551449652761221,0.9909971356391907,-0.13372261822223663,0.07970736920833588,0.1327824741601944,0.9879350066184998
4,1648569136.6634135,38.89643096923828,-57.94817352294922,1556.7279052734375,0.12183590978384018,-0.9355320334434509,-0.3315657377243042,-0.9922089576721191,-0.1060381680727005,-0.06540056318044662,0.026025699451565742,0.3369506299495697,-0.9411625266075134
410,1648569136.6634321,77.519287109375,-189.9023895263672,1538.8909912109375,0.1330300122499466,0.9788352251052856,-0.15551406145095825,-0.9902671575546265,0.13774754106998444,0.019913947209715843,0.040914151817560196,0.15135131776332855,0.9876329302787781
300,1648569136.7136652,301.3555603027344,-22.67107582092285,1551.8533935546875,0.9966850280761719,-0.017297565937042236,-0.07949705421924591,0.006431889720261097,0.9908310770988464,-0.13495339453220367,0.08110251277685165,0.1339947134256363,0.9876577258110046
4,1648569136.7136922,39.09571838378906,-57.93852615356445,1556.67578125,0.12342143803834915,-0.9356170892715454,-0.3307383060455322,-0.9920198917388916,-0.10767311602830887,-0.06559783220291138,0.025762829929590225,0.3361951410770416,-0.9414399266242981
410,1648569136.7137113,77.49877166748047,-189.93885803222656,1538.6168212890625,0.13254386186599731,0.9791437983512878,-0.15397892892360687,-0.9903247952461243,0.13726334273815155,0.020386409014463425,0.04109688848257065,0.1497870534658432,0.9878637790679932
300,1648569136.7643974,301.35504150390625,-22.66728401184082,1551.8260498046875,0.9966222643852234,-0.01736486703157425,-0.08026528358459473,0.00656487699598074,0.9911069273948669,-0.1329060047864914,0.08185937255620956,0.1319301575422287,0.9878731966018677
4,1648569136.7644236,39.20729446411133,-57.87096405029297,1556.4066162109375,0.12454573065042496,-0.9353832006454468,-0.33097830414772034,-0.9919020533561707,-0.10901346057653427,-0.06516382843255997,0.024872060865163803,0.3364139497280121,-0.9413856863975525
410,1648569136.7644424,77.31733703613281,-189.89273071289062,1538.31005859375,0.1322803795337677,0.9793248772621155,-0.15305110812187195,-0.9903667569160461,0.13695907592773438,0.02039409801363945,0.040934186428785324,0.14887899160385132,0.9880077838897705
300,1648569136.815107,301.3547058105469,-22.66828155517578,1551.8824462890625,0.9967241883277893,-0.017263226211071014,-0.07901187986135483,0.006600911263376474,0.991058349609375,-0.13326574862003326,0.08060597628355026,0.13230764865875244,0.9879257678985596
4,1648569136.8151517,39.01415252685547,-57.85818862915039,1556.401123046875,0.12310998886823654,-0.9351925253868103,-0.3320525288581848,-0.9921046495437622,-0.10791485011577606,-0.06389603018760681,0.023921692743897438,0.33729711174964905,-0.9410942792892456
410,1648569136.8151712,76.99067687988281,-189.77230834960938,1538.3206787109375,0.13256050646305084,0.9791935086250305,-0.15364815294742584,-0.9904571771621704,0.13676141202449799,0.017054397612810135,0.037712693214416504,0.14992117881774902,0.987978458404541
300,1648569136.8658562,301.3598937988281,-22.66508674621582,1551.9263916015625,0.9967387318611145,-0.01718486286699772,-0.07884559035301208,0.0064170220866799355,0.9908466935157776,-0.13483913242816925,0.08044108748435974,0.1338934302330017,0.987725555896759
4,1648569136.865883,38.768829345703125,-57.84748458862305,1556.3192138671875,0.12148317694664001,-0.934619128704071,-0.3342587649822235,-0.9923157095909119,-0.10638930648565292,-0.06317315995693207,0.02348128706216812,0.3393647074699402,-0.940361738204956
410,1648569136.865901,76.77466583251953,-189.81112670898438,1538.1907958984375,0.13224945962429047,0.9795433282852173,-0.1516738086938858,-0.9904717206954956,0.13652440905570984,0.018079781904816628,0.03841710835695267,0.1478375792503357,0.9882652163505554
300,1648569136.9165666,301.3514404296875,-22.66326904296875,1551.86962890625,0.9966365098953247,-0.017399029806256294,-0.08008099347352982,0.006505890283733606,0.990915834903717,-0.13432608544826508,0.08169066905975342,0.13335327804088593,0.9876960515975952
4,1648569136.9165933,38.668434143066406,-57.85637283325195,1556.4083251953125,0.12064263969659805,-0.934489905834198,-0.3349238634109497,-0.9924114346504211,-0.10545864701271057,-0.06322959065437317,0.023766793310642242,0.34001046419143677,-0.9401212930679321
410,1648569136.9166129,76.81583404541016,-189.72373962402344,1538.058349609375,0.13168123364448547,0.979831337928772,-0.15030182898044586,-0.990582287311554,0.13580241799354553,0.01744733937084675,0.03750680014491081,0.14658884704113007,0.9884861707687378
300,1648569136.9672806,301.3555908203125,-22.66644859313965,1551.8812255859375,0.9967382550239563,-0.01717684231698513,-0.07885302603244781,0.006561055313795805,0.9910996556282043,-0.13296012580394745,0.08043504506349564,0.1320090889930725,0.9879796504974365
4,1648569136.9673069,38.94905471801758,-57.881813049316406,1556.4935302734375,0.12266841530799866,-0.9345327019691467,-0.33406755328178406,-0.9921831488609314,-0.107707180082798,-0.06302215158939362,0.022914789617061615,0.33918699622154236,-0.9404398202896118
410,1648569136.967325,76.78826904296875,-189.77191162109375,1537.855224609375,0.13048484921455383,0.9803401231765747,-0.1480100452899933,-0.9907433986663818,0.1345670074224472,0.017866546288132668,0.037432558834552765,0.1443086564540863,0.9888244867324829
300,1648569137.0186877,301.3544616699219,-22.661848068237305,1551.8350830078125,0.9967542290687561,-0.017296526581048965,-0.07862462103366852,0.006684295833110809,0.9910556674003601,-0.1332816630601883,0.08022668212652206,0.1323235183954239,0.9879545569419861
4,1648569137.0187318,39.42156982421875,-57.936485290527344,1556.7783203125,0.12581227719783783,-0.9360516667366028,-0.32860082387924194,-0.99168461561203,-0.10962676256895065,-0.06740634143352509,0.027072375640273094,0.3343489170074463,-0.9420604705810547
410,1648569137.018765,76.72840118408203,-189.80563354492188,1538.26611328125,0.1303589642047882,0.980379581451416,-0.14785943925380707,-0.9907210469245911,0.13458752632141113,0.0189199261367321,0.038448743522167206,0.14402107894420624,0.9888274073600769
300,1648569137.0688658,301.34466552734375,-22.673900604248047,1551.8199462890625,0.9966803193092346,-0.017256056889891624,-0.07956458628177643,0.006468089297413826,0.9909737706184387,-0.13389980792999268,0.08115699887275696,0.13294066488742828,0.9877957105636597
4,1648569137.0688925,39.58743667602539,-58.08757019042969,1557.5159912109375,0.1266864389181137,-0.9355407953262329,-0.32971805334091187,-0.9913902878761292,-0.10832339525222778,-0.07356208562850952,0.033104151487350464,0.3361985683441162,-0.9412091374397278
410,1648569137.0689106,77.03374481201172,-189.8723907470703,1539.57470703125,0.13001444935798645,0.9795096516609192,-0.15380845963954926,-0.9906557202339172,0.13477551937103271,0.020898498594760895,0.04119989648461342,0.14965412020683289,0.9878796339035034
300,1648569137.1195643,301.34942626953125,-22.663156509399414,1551.8876953125,0.9967919588088989,-0.017141487449407578,-0.07817866653203964,0.006560548208653927,0.9910081624984741,-0.13364070653915405,0.07976649701595306,0.13269908726215363,0.9879414439201355
4,1648569137.1195908,39.593788146972656,-58.229068756103516,1558.2449951171875,0.12664759159088135,-0.9356552362442017,-0.32940810918807983,-0.9911401867866516,-0.10596586763858795,-0.08007695525884628,0.04001840204000473,0.336631178855896,-0.940785825252533
410,1648569137.1196103,77.45343780517578,-189.90304565429688,1541.279541015625,0.12946929037570953,0.9787499308586121,-0.1590166687965393,-0.9905694127082825,0.13491350412368774,0.02388593927025795,0.044831857085227966,0.15442456305027008,0.9869869351387024
300,1648569137.1701722,301.3504333496094,-22.663219451904297,1551.8358154296875,0.9966399669647217,-0.01744285598397255,-0.08002830296754837,0.006676068529486656,0.9911096692085266,-0.1328798085451126,0.08163462579250336,0.13189905881881714,0.9878959655761719
4,1648569137.1701992,39.462791442871094,-58.34738540649414,1558.659912109375,0.12504643201828003,-0.9366106986999512,-0.3272976875305176,-0.9911327958106995,-0.10298460721969604,-0.08396372944116592,0.0449347048997879,0.3348948359489441,-0.9411834478378296
410,1648569137.1702342,77.80965423583984,-190.15911865234375,1542.814208984375,0.13027836382389069,0.977771520614624,-0.16428738832473755,-0.9900538325309753,0.13716934621334076,0.03127249702811241,0.05311255156993866,0.15857923030853271,0.9859166741371155
300,1648569137.2039025,301.3580017089844,-22.657121658325195,1551.8511962890625,0.9967208504676819,-0.017318155616521835,-0.07904178649187088,0.006572176702320576,0.9909273386001587,-0.13423797488212585,0.08064942061901093,0.13327831029891968,0.9877917766571045
4,1648569137.2039292,39.295841217041016,-58.40606689453125,1558.9161376953125,0.12377367913722992,-0.9362554550170898,-0.32879453897476196,-0.9911854863166809,-0.100876085460186,-0.08588004857301712,0.04723815247416496,0.3365260660648346,-0.9404885768890381
410,1648569137.2039485,78.00279998779297,-190.3040771484375,1543.484375,0.1305866539478302,0.9772619605064392,-0.16705158352851868,-0.9898467063903809,0.13805246353149414,0.03383781015872955,0.05613028630614281,0.16093669831752777,0.9853673577308655
300,1648569137.2471654,301.3454895019531,-22.66657066345215,1551.887451171875,0.9967268705368042,-0.017301281914114952,-0.07896966487169266,0.006674979813396931,0.991108238697052,-0.13289041817188263,0.08056666702032089,0.13192832469940186,0.9879797101020813
4,1648569137.2471893,39.462547302246094,-58.418758392333984,1559.0413818359375,0.12494949251413345,-0.9364913702011108,-0.3276759386062622,-0.9910672307014465,-0.10228961706161499,-0.08557235449552536,0.046619925647974014,0.33544111251831055,-0.9409069418907166
