300,1648569069.0193744,301.3508605957031,-22.65757179260254,1551.88037109375,0.9967405200004578,-0.017233023419976234,-0.0788118913769722,0.006575369276106358,0.9910219311714172,-0.13353781402111053,0.0804055705666542,0.1325843334197998,0.9879050254821777
4,1648569069.0193994,47.06465148925781,-14.060689926147461,1463.3330078125,0.13998930156230927,-0.9799060821533203,-0.14208120107650757,-0.8591102361679077,-0.19154608249664307,0.47459423542022705,-0.49227285385131836,0.055625300854444504,-0.8686617612838745
410,1648569069.0194192,99.64501190185547,-94.11153411865234,1402.9619140625,0.12637247145175934,0.8064923286437988,-0.5775812864303589,-0.865727961063385,-0.1945958286523819,-0.46113720536231995,-0.4842985272407532,0.5583033561706543,0.6736114025115967
300,1648569069.0541308,301.3515625,-22.65666961669922,1551.8580322265625,0.996760904788971,-0.017162242904305458,-0.07856911420822144,0.006588699296116829,0.9911068081855774,-0.13290539383888245,0.08015134185552597,0.13195723295211792,0.9880096316337585
4,1648569069.0541556,46.99052810668945,-14.030020713806152,1463.3350830078125,0.13909529149532318,-0.9799309968948364,-0.1427857130765915,-0.8590997457504272,-0.19112464785575867,0.4747830629348755,-0.4925445020198822,0.05662707984447479,-0.8684430122375488
410,1648569069.054174,99.4357681274414,-93.93025207519531,1403.0108642578125,0.12740756571292877,0.807246208190918,-0.5762993097305298,-0.8659764528274536,-0.19275212287902832,-0.4614449143409729,-0.4835825562477112,0.5578532218933105,0.6744981408119202
300,1648569069.087323,301.3564453125,-22.66042137145996,1551.852783203125,0.9967612028121948,-0.017254892736673355,-0.0785452201962471,0.006728448439389467,0.9911792278289795,-0.13235731422901154,0.08013620227575302,0.13140015304088593,0.9880850911140442
4,1648569069.0873551,46.80926513671875,-14.09315013885498,1463.3731689453125,0.13782094419002533,-0.9799560308456421,-0.14384543895721436,-0.8598021864891052,-0.19046680629253387,0.47377485036849976,-0.49167630076408386,0.05838252976536751,-0.8688186407089233
410,1648569069.0873852,99.38304901123047,-93.85457611083984,1403.27587890625,0.1275746077299118,0.8064903020858765,-0.5773198008537292,-0.8656267523765564,-0.19360630214214325,-0.46174338459968567,-0.484164297580719,0.5586501955986023,0.6734203100204468
300,1648569069.1342201,301.3441162109375,-22.667325973510742,1551.8182373046875,0.9967576861381531,-0.017252933233976364,-0.07859066873788834,0.006706815212965012,0.9911568760871887,-0.13252583146095276,0.08018213510513306,0.131569042801857,0.9880589246749878
4,1648569069.1342466,46.9235725402832,-14.157108306884766,1463.4620361328125,0.13886237144470215,-0.9801514744758606,-0.14149312674999237,-0.8598689436912537,-0.19021208584308624,0.4737560451030731,-0.4912663996219635,0.0558786503970623,-0.8692151308059692
410,1648569069.1342673,99.29684448242188,-94.00264739990234,1403.416015625,0.12706248462200165,0.8084161281585693,-0.5747333765029907,-0.8664306998252869,-0.19160960614681244,-0.46106794476509094,-0.48285919427871704,0.5565510392189026,0.6760901808738708
300,1648569069.184737,301.3370666503906,-22.651710510253906,1551.834228515625,0.9967767596244812,-0.017131458967924118,-0.07837461680173874,0.006637264974415302,0.9911946654319763,-0.13224612176418304,0.07995007187128067,0.1312996745109558,0.988113522529602
4,1648569069.1847644,46.89729309082031,-14.202786445617676,1463.5311279296875,0.13894715905189514,-0.9801152944564819,-0.1416606605052948,-0.8598607778549194,-0.19036650657653809,0.47370874881744385,-0.49125662446022034,0.05598796531558037,-0.8692135810852051
410,1648569069.1847823,99.32906341552734,-93.9411392211914,1403.616943359375,0.1303279548883438,0.8079027533531189,-0.574724018573761,-0.8663161993026733,-0.1891242414712906,-0.46230748295783997,-0.4821937680244446,0.5581443309783936,0.6752511262893677
300,1648569069.237325,301.3497619628906,-22.65359878540039,1551.841796875,0.9967638850212097,-0.017165876924991608,-0.0785306841135025,0.006599867716431618,0.9911108016967773,-0.13287515938282013,0.08011353015899658,0.13192686438560486,0.9880167841911316
4,1648569069.2373605,46.97249221801758,-14.150205612182617,1463.5369873046875,0.13924528658390045,-0.9798958897590637,-0.14288046956062317,-0.8602167963981628,-0.19116947054862976,0.4727380573749542,-0.4905484616756439,0.057081639766693115,-0.8695423603057861
410,1648569069.2373939,99.5942153930664,-93.78690338134766,1403.732666015625,0.13024228811264038,0.8077307939529419,-0.574985146522522,-0.8658117055892944,-0.18992577493190765,-0.4629235863685608,-0.4831221401691437,0.5581211447715759,0.674606442451477
300,1648569069.2723932,301.349365234375,-22.65414810180664,1551.83837890625,0.9967971444129944,-0.017101606354117393,-0.0781213790178299,0.006598435342311859,0.9911243319511414,-0.13277436792850494,0.07969865202903748,0.13183362782001495,0.9880627393722534
4,1648569069.2724235,47.159942626953125,-14.086268424987793,1463.5145263671875,0.13998477160930634,-0.9798101782798767,-0.1427455097436905,-0.8599536418914795,-0.19176717102527618,0.4729747474193573,-0.4907993674278259,0.05654525384306908,-0.8694357872009277
410,1648569069.2724423,99.72547149658203,-93.65863800048828,1403.682373046875,0.13137419521808624,0.8095663189888,-0.5721391439437866,-0.8662053942680359,-0.1869334876537323,-0.46340492367744446,-0.4821089804172516,0.5564694404602051,0.6766924858093262
300,1648569069.3143814,301.3394775390625,-22.652494430541992,1551.8389892578125,0.9968088269233704,-0.017054466530680656,-0.0779830664396286,0.006568989250808954,0.9911229610443115,-0.1327858418226242,0.07955539971590042,0.13184982538223267,0.9880721569061279
4,1648569069.3144076,47.38096237182617,-14.03665828704834,1463.521484375,0.1419192999601364,-0.9797418713569641,-0.14129696786403656,-0.8590838313102722,-0.19281934201717377,0.47412627935409546,-0.4917661249637604,0.05409827083349228,-0.8690451383590698
410,1648569069.3144276,100.06669616699219,-93.63075256347656,1403.8634033203125,0.1315699815750122,0.8085986375808716,-0.5734610557556152,-0.8666089177131653,-0.18706591427326202,-0.4625963270664215,-0.4813297688961029,0.5578302145004272,0.6761265397071838
300,1648569069.3514228,301.3349914550781,-22.653711318969727,1551.798583984375,0.9967290163040161,-0.01722797565162182,-0.07895868271589279,0.006590504199266434,0.9910873770713806,-0.13305038213729858,0.08054713904857635,0.13209480047225952,0.987959086894989
4,1648569069.3514476,47.523040771484375,-13.998941421508789,1463.52392578125,0.14365926384925842,-0.979422390460968,-0.1417526751756668,-0.8593493103981018,-0.19449883699417114,0.47295767068862915,-0.4907960593700409,0.0538703091442585,-0.8696075081825256
410,1648569069.3514664,100.20906829833984,-93.62193298339844,1404.0152587890625,0.13174261152744293,0.8093841075897217,-0.5723121762275696,-0.8666655421257019,-0.18620441854000092,-0.46283775568008423,-0.4811806082725525,0.556978702545166,0.6769342422485352
300,1648569069.3922966,301.3392028808594,-22.654991149902344,1551.7935791015625,0.9967336058616638,-0.017137397080659866,-0.07892018556594849,0.006544668227434158,0.9911519885063171,-0.1325703263282776,0.08049380779266357,0.13162080943584442,0.9880266785621643
4,1648569069.3923228,47.48099899291992,-14.031696319580078,1463.6497802734375,0.1432841420173645,-0.979502260684967,-0.14158043265342712,-0.8593589663505554,-0.19409362971782684,0.47310659289360046,-0.4908888339996338,0.05387973040342331,-0.8695545792579651
410,1648569069.392342,100.3275375366211,-93.82307434082031,1404.3216552734375,0.1333463490009308,0.8081952333450317,-0.5736193656921387,-0.867722749710083,-0.18442986905574799,-0.46156567335128784,-0.47882774472236633,0.5592906475067139,0.6766963601112366
300,1648569069.4262123,301.34246826171875,-22.64899253845215,1551.799072265625,0.9967748522758484,-0.017127297818660736,-0.07839984446763992,0.006583035457879305,0.9911177754402161,-0.13282380998134613,0.07997839152812958,0.13187932968139648,0.9880340695381165
4,1648569069.4262393,47.59287643432617,-14.051872253417969,1463.7144775390625,0.14398542046546936,-0.9797127842903137,-0.1393953263759613,-0.8595620393753052,-0.19361700117588043,0.47293296456336975,-0.49032777547836304,0.05172346904873848,-0.8700019121170044
410,1648569069.4262598,100.51618957519531,-94.04397583007812,1404.645751953125,0.13487927615642548,0.8066884875297546,-0.5753792524337769,-0.8689306974411011,-0.18277661502361298,-0.45994800329208374,-0.4762006402015686,0.5620021224021912,0.6763036251068115
300,1648569069.4675817,301.3440856933594,-22.65182113647461,1551.8680419921875,0.9968578219413757,-0.01708199456334114,-0.07734760642051697,0.006640349980443716,0.9910547733306885,-0.13329057395458221,0.07893258333206177,0.1323581337928772,0.9880541563034058
4,1648569069.467608,47.74803161621094,-14.037589073181152,1463.718017578125,0.14475347101688385,-0.9800752401351929,-0.13601066172122955,-0.8592263460159302,-0.19267410039901733,0.47392693161964417,-0.49068981409072876,0.0482613742351532,-0.8699967861175537
410,1648569069.4676263,100.67186737060547,-94.12367248535156,1404.7923583984375,0.13569749891757965,0.8070916533470154,-0.5746209621429443,-0.8696382641792297,-0.18084463477134705,-0.45937401056289673,-0.4746740460395813,0.5620482563972473,0.677337646484375
300,1648569069.5010386,301.3375244140625,-22.650131225585938,1551.8028564453125,0.9967116713523865,-0.017224818468093872,-0.07917773723602295,0.0066245077177882195,0.9911956191062927,-0.1322397142648697,0.08075843006372452,0.1312803477048874,0.9880504012107849
4,1648569069.501065,47.799964904785156,-13.985702514648438,1463.6871337890625,0.1465536653995514,-0.9795281887054443,-0.13800914585590363,-0.8585789203643799,-0.19524776935577393,0.4740470051765442,-0.4912883937358856,0.049018412828445435,-0.8696165084838867
410,1648569069.5010839,100.76480102539062,-94.24639129638672,1404.8822021484375,0.13464543223381042,0.8065493106842041,-0.5756290555000305,-0.870173454284668,-0.1816374957561493,-0.4580458104610443,-0.47399234771728516,0.5625709295272827,0.677381157875061
300,1648569069.5363586,301.3302917480469,-22.64484405517578,1551.78466796875,0.9967495203018188,-0.017281781882047653,-0.07868754118680954,0.00671027135103941,0.9911364316940308,-0.13267847895622253,0.08028300851583481,0.1317191869020462,0.988030731678009
4,1648569069.5363834,47.839515686035156,-13.93289852142334,1463.6759033203125,0.145735502243042,-0.9794604182243347,-0.1393500715494156,-0.8590126633644104,-0.1951514035463333,0.47330033779144287,-0.4907732903957367,0.05072681978344917,-0.8698093891143799
410,1648569069.536402,100.76837158203125,-94.27877807617188,1404.84326171875,0.13177081942558289,0.8077273964881897,-0.5746415257453918,-0.8701326847076416,-0.1834554374217987,-0.45739832520484924,-0.4748742878437042,0.5602861046791077,0.6786559224128723
300,1648569069.5714865,301.3365173339844,-22.645931243896484,1551.8153076171875,0.9967859387397766,-0.01710309460759163,-0.07826410233974457,0.006620300002396107,0.9911892414093018,-0.13228775560855865,0.07983706891536713,0.13134443759918213,0.9881167411804199
4,1648569069.5715122,47.7556037902832,-13.931373596191406,1463.7901611328125,0.1465228945016861,-0.9792407751083374,-0.14006619155406952,-0.8582649230957031,-0.1962491124868393,0.47420206665992737,-0.49184587597846985,0.050732433795928955,-0.8692029714584351
410,1648569069.5715315,100.68292999267578,-94.27823638916016,1404.8570556640625,0.13065609335899353,0.8070638179779053,-0.5758272409439087,-0.8702375888824463,-0.1849040687084198,-0.45661479234695435,-0.4749900698661804,0.5607659816741943,0.6781784296035767
300,1648569069.6046739,301.35174560546875,-22.64356231689453,1551.81689453125,0.9967690706253052,-0.01725306361913681,-0.07844603061676025,0.006704594008624554,0.9911213517189026,-0.13279128074645996,0.0800405889749527,0.13183629512786865,0.9880347847938538
4,1648569069.6046996,47.43754959106445,-13.998150825500488,1463.8411865234375,0.14335252344608307,-0.9794164896011353,-0.14210331439971924,-0.8593575358390808,-0.19440482556819916,0.47298142313957214,-0.490871399641037,0.054314468055963516,-0.869537353515625
410,1648569069.6047213,100.45680236816406,-94.38410949707031,1404.93701171875,0.13162431120872498,0.8063690662384033,-0.5765795707702637,-0.8708533644676208,-0.18381771445274353,-0.4558787941932678,-0.4735921025276184,0.5621209740638733,0.6780343055725098
300,1648569069.6485698,301.3554382324219,-22.643293380737305,1551.819580078125,0.9968326091766357,-0.017024237662553787,-0.0776849165558815,0.006613533478230238,0.9911811351776123,-0.1323489546775818,0.07925296574831009,0.1314159780740738,0.9881542325019836
4,1648569069.6485946,47.24319076538086,-14.075533866882324,1463.9534912109375,0.14277318120002747,-0.9796998500823975,-0.14072656631469727,-0.8600936532020569,-0.19316376745700836,0.47215113043785095,-0.4897496700286865,0.05362750589847565,-0.8702122569084167
410,1648569069.6486135,100.15335083007812,-94.66573333740234,1405.21044921875,0.12976743280887604,0.805816650390625,-0.5777715444564819,-0.8711491227149963,-0.18564096093177795,-0.45457300543785095,-0.47356054186820984,0.562313973903656,0.6778963208198547
300,1648569069.6834686,301.3465270996094,-22.64533805847168,1551.8807373046875,0.9968222975730896,-0.017152758315205574,-0.07778871059417725,0.006716890260577202,0.9911625981330872,-0.13248230516910553,0.07937369495630264,0.13153882324695587,0.9881281852722168
4,1648569069.683496,46.943870544433594,-14.145060539245605,1464.0491943359375,0.13956980407238007,-0.9798396229743958,-0.14294950664043427,-0.8606010675430298,-0.1914355456829071,0.4719303250312805,-0.4897816479206085,0.05715527758002281,-0.8699696660041809
410,1648569069.6835155,99.90563201904297,-94.88220977783203,1405.4644775390625,0.13076597452163696,0.8060041069984436,-0.5772846937179565,-0.8720697164535522,-0.18346300721168518,-0.4536912143230438,-0.4715873599052429,0.5627598762512207,0.6789010763168335
300,1648569069.726669,301.3371887207031,-22.64701271057129,1551.81884765625,0.9967588782310486,-0.017198435962200165,-0.07858721911907196,0.006572377867996693,0.9910242557525635,-0.13352032005786896,0.08017818629741669,0.1325710564851761,0.9879252910614014
4,1648569069.726694,46.935306549072266,-14.147494316101074,1464.0872802734375,0.1400565356016159,-0.9798722267150879,-0.14224834740161896,-0.8607229590415955,-0.19150029122829437,0.4716816842556,-0.4894283711910248,0.05637432262301445,-0.8702194094657898
410,1648569069.7267118,99.71102142333984,-95.03895568847656,1405.5096435546875,0.12957964837551117,0.8067458868026733,-0.5765156149864197,-0.8731240630149841,-0.18273364007472992,-0.45195436477661133,-0.46996110677719116,0.5619337558746338,0.6807106733322144
300,1648569069.7613046,301.3338928222656,-22.648151397705078,1551.796142578125,0.9967755079269409,-0.017091602087020874,-0.07839971780776978,0.006598110776394606,0.9912012219429016,-0.1321992129087448,0.0799693912267685,0.131255641579628,0.9881178140640259
4,1648569069.7613316,46.91709518432617,-14.160655975341797,1464.10595703125,0.1395137459039688,-0.9799503684043884,-0.1422434151172638,-0.8608741760253906,-0.19101586937904358,0.4716021418571472,-0.4893174469470978,0.056658703833818436,-0.8702632784843445
410,1648569069.7613766,99.71605682373047,-95.04586029052734,1405.5546875,0.1290408819913864,0.806567370891571,-0.5768861174583435,-0.8732232451438904,-0.18325962126255035,-0.4515496790409088,-0.4699251651763916,0.5620186924934387,0.6806653738021851
300,1648569069.828159,301.3360290527344,-22.633113861083984,1551.7545166015625,0.9967116713523865,-0.017322855070233345,-0.07915676385164261,0.006599683314561844,0.990990400314331,-0.13377001881599426,0.08076087385416031,0.13280773162841797,0.9878460168838501
4,1648569069.828187,47.08903121948242,-14.102446556091309,1464.1380615234375,0.14026117324829102,-0.9799655079841614,-0.14140169322490692,-0.8605751991271973,-0.191284641623497,0.47203871607780457,-0.4896296262741089,0.055478084832429886,-0.8701637983322144
410,1648569069.828207,99.76215362548828,-94.85711669921875,1405.447998046875,0.1276213675737381,0.808074414730072,-0.5750900506973267,-0.8720198273658752,-0.1848343163728714,-0.4532303214073181,-0.4725401997566223,0.5593317747116089,0.6810680627822876
300,1648569069.8646433,301.3239440917969,-22.639877319335938,1551.784912109375,0.9967746734619141,-0.017172852531075478,-0.07839228212833405,0.006642114836722612,0.9911385774612427,-0.13266591727733612,0.07997586578130722,0.13171733915805817,0.9880558848381042
4,1648569069.8646708,47.346580505371094,-14.009870529174805,1464.0543212890625,0.1437978595495224,-0.9797483682632446,-0.13933871686458588,-0.8597776293754578,-0.19340623915195465,0.4726271629333496,-0.49000468850135803,0.05183754116296768,-0.870177149772644
410,1648569069.8646894,99.88375091552734,-94.8101806640625,1405.3883056640625,0.1282435804605484,0.8071113228797913,-0.5763028264045715,-0.8723328709602356,-0.1846400648355484,-0.4527067542076111,-0.4717933237552643,0.560784637928009,0.6803908348083496
300,1648569069.9034984,301.33087158203125,-22.640029907226562,1551.7830810546875,0.996723473072052,-0.01735050603747368,-0.07900190353393555,0.006806844845414162,0.9912500977516174,-0.13182149827480316,0.08059781789779663,0.13085182011127472,0.9881203174591064
4,1648569069.9035256,47.38141632080078,-14.012274742126465,1464.0823974609375,0.14437730610370636,-0.9796518683433533,-0.1394181251525879,-0.8596591353416443,-0.19395343959331512,0.4726184606552124,-0.49004217982292175,0.05161668360233307,-0.8701691627502441
410,1648569069.903545,99.96720886230469,-94.785888671875,1405.4879150390625,0.12917275726795197,0.8071418404579163,-0.5760524868965149,-0.8724526762962341,-0.18360495567321777,-0.4528968334197998,-0.4713180661201477,0.5610805153846741,0.6804763078689575
300,1648569069.955877,301.33734130859375,-22.641511917114258,1551.7578125,0.996683657169342,-0.017249738797545433,-0.07952471077442169,0.006577276159077883,0.991153359413147,-0.1325584501028061,0.08110778033733368,0.13159579038619995,0.9879797697067261
4,1648569069.9559019,47.362728118896484,-14.032546043395996,1464.1488037109375,0.14195570349693298,-0.9797178506851196,-0.14142675697803497,-0.8603978753089905,-0.1927674263715744,0.4717586636543274,-0.4894528388977051,0.05471445247530937,-0.8703115582466125
410,1648569069.9559205,100.32850646972656,-94.84161376953125,1405.60791015625,0.1297920048236847,0.8069762587547302,-0.5761452317237854,-0.8728535175323486,-0.18267706036567688,-0.45249953866004944,-0.47040489315986633,0.5616211891174316,0.6806620359420776
300,1648569069.9901412,301.3384094238281,-22.639684677124023,1551.71484375,0.9966828227043152,-0.017317475751042366,-0.07952027022838593,0.006586823612451553,0.9910579323768616,-0.1332697570323944,0.08111708611249924,0.1323038935661316,0.9878844618797302
4,1648569069.9901729,47.529685974121094,-14.018369674682617,1464.1705322265625,0.1434914916753769,-0.979686439037323,-0.14008828997612,-0.8599097728729248,-0.19349120557308197,0.47235196828842163,-0.4898626506328583,0.05268480256199837,-0.8702062368392944
410,1648569069.9901934,100.669677734375,-94.85002899169922,1405.8006591796875,0.12985451519489288,0.8063475489616394,-0.5770107507705688,-0.8726839423179626,-0.18331441283226013,-0.4525688588619232,-0.4707021713256836,0.5623161196708679,0.6798823475837708
300,1648569070.0277686,301.3357849121094,-22.6412296295166,1551.7801513671875,0.9967981576919556,-0.017193084582686424,-0.07808839529752731,0.006684522144496441,0.9911083579063416,-0.1328890174627304,0.07967883348464966,0.1319415420293808,0.9880499839782715
4,1648569070.0277927,47.78653335571289,-13.994537353515625,1464.1746826171875,0.145401731133461,-0.979663610458374,-0.1382662057876587,-0.8596140146255493,-0.19428026676177979,0.47256630659103394,-0.48981839418411255,0.050143610686063766,-0.8703812956809998
410,1648569070.0278108,101.05838775634766,-94.89275360107422,1405.944580078125,0.1298850178718567,0.8060777187347412,-0.5773808360099792,-0.8731562495231628,-0.18293222784996033,-0.45181185007095337,-0.46981701254844666,0.5628272891044617,0.6800715923309326
300,1648569070.076305,301.3431396484375,-22.645761489868164,1551.834716796875,0.9968026876449585,-0.01718829944729805,-0.07803211361169815,0.006703758612275124,0.9911357164382935,-0.13268399238586426,0.07962103188037872,0.1317366510629654,0.9880819320678711
4,1648569070.076332,48.064605712890625,-13.973731994628906,1464.1937255859375,0.14852885901927948,-0.9792409539222717,-0.13793577253818512,-0.8595613837242126,-0.19680781662464142,0.471615195274353,-0.4889717698097229,0.04851578548550606,-0.870949387550354
410,1648569070.0763514,101.46430206298828,-94.98018646240234,1406.11669921875,0.132344052195549,0.8050567507743835,-0.5782461762428284,-0.8744019269943237,-0.1799163669347763,-0.45061221718788147,-0.4668043553829193,0.5652554035186768,0.6801323294639587
300,1648569070.1267073,301.3525390625,-22.634950637817383,1551.8466796875,0.9967679977416992,-0.017364297062158585,-0.0784347876906395,0.0068310960195958614,0.9911442995071411,-0.1326134204864502,0.08004292845726013,0.13164901733398438,0.9880595207214355
4,1648569070.1267338,48.352882385253906,-13.961078643798828,1464.252197265625,0.1510380506515503,-0.979271650314331,-0.1349610835313797,-0.8593395948410034,-0.1975502222776413,0.4717090427875519,-0.48859289288520813,0.044731393456459045,-0.8713644742965698
410,1648569070.1267536,101.63616180419922,-95.04714965820312,1406.3304443359375,0.13204802572727203,0.8058433532714844,-0.5772172808647156,-0.8741794228553772,-0.17985090613365173,-0.4510698616504669,-0.46730470657348633,0.564154326915741,0.6807027459144592
300,1648569070.1628015,301.3555908203125,-22.632648468017578,1551.87548828125,0.996802031993866,-0.017167890444397926,-0.07804504781961441,0.006777199916541576,0.9912930727005005,-0.1314995139837265,0.07962308079004288,0.13055004179477692,0.9882392883300781
4,1648569070.1628273,48.45771789550781,-13.928868293762207,1464.289794921875,0.15347497165203094,-0.9790621995925903,-0.1337258368730545,-0.8588006496429443,-0.19909700751304626,0.4720400273799896,-0.4887809753417969,0.04239751398563385,-0.8713756799697876
410,1648569070.1628454,101.72374725341797,-95.01477813720703,1406.3359375,0.13186399638652802,0.8050870895385742,-0.5783136487007141,-0.8747000098228455,-0.17998450994491577,-0.45000603795051575,-0.4663815498352051,0.5651905536651611,0.680476188659668
300,1648569070.1996763,301.3493347167969,-22.634944915771484,1551.8502197265625,0.9967995285987854,-0.017231853678822517,-0.07806231081485748,0.006736308336257935,0.9911242723464966,-0.13276776671409607,0.07965728640556335,0.13181699812412262,0.9880683422088623
4,1648569070.1997025,48.36211013793945,-13.922869682312012,1464.2794189453125,0.1527751237154007,-0.9790445566177368,-0.13465352356433868,-0.859077513217926,-0.19891823828220367,0.4716114401817322,-0.48851361870765686,0.04362732544541359,-0.8714649081230164
410,1648569070.1997278,101.64363098144531,-94.92161560058594,1406.2884521484375,0.13325677812099457,0.8048507571220398,-0.5783233642578125,-0.8746883273124695,-0.17886726558208466,-0.45047396421432495,-0.46600744128227234,0.5658814311027527,0.6801583170890808
300,1648569070.251975,301.3449401855469,-22.63348388671875,1551.8536376953125,0.9967902898788452,-0.017086798325181007,-0.07821191847324371,0.006580549292266369,0.9911391139030457,-0.1326647698879242,0.07978571206331253,0.1317242830991745,0.9880703091621399
4,1648569070.2519999,48.3492431640625,-13.902606964111328,1464.2724609375,0.15056294202804565,-0.97935950756073,-0.1348545253276825,-0.8593407273292542,-0.19709065556526184,0.4718991816043854,-0.4887374937534332,0.04483545944094658,-0.8712780475616455
410,1648569070.252018,101.56901550292969,-94.79269409179688,1406.2420654296875,0.13396115601062775,0.8054251670837402,-0.5773600935935974,-0.8737198710441589,-0.17892514169216156,-0.45232662558555603,-0.46761950850486755,0.565045177936554,0.6797469854354858
300,1648569070.3008435,301.34954833984375,-22.631580352783203,1551.803955078125,0.9967585802078247,-0.017239518463611603,-0.07858200371265411,0.006698225624859333,0.9911628365516663,-0.1324814409017563,0.08017147332429886,0.1315256506204605,0.9880655407905579
4,1648569070.3008716,48.09647750854492,-13.905868530273438,1464.2713623046875,0.14865189790725708,-0.9792115092277527,-0.1380123645067215,-0.8597386479377747,-0.19693264365196228,0.4712398946285248,-0.48862266540527344,0.048603858798742294,-0.8711403608322144
410,1648569070.3008912,101.37759399414062,-94.76142120361328,1406.1805419921875,0.13266898691654205,0.8065482378005981,-0.5760893225669861,-0.8735290765762329,-0.1794961392879486,-0.4524689018726349,-0.4683437943458557,0.5632593631744385,0.6807297468185425
300,1648569070.353391,301.3496398925781,-22.64276695251465,1551.8485107421875,0.996819019317627,-0.017098402604460716,-0.07784239202737808,0.0066354828886687756,0.991129457950592,-0.1327342987060547,0.07942143082618713,0.13179555535316467,0.9880901575088501
4,1648569070.3534162,47.95480728149414,-13.955336570739746,1464.3477783203125,0.14761637151241302,-0.9792909026145935,-0.13855940103530884,-0.8599516153335571,-0.19628608226776123,0.4711209833621979,-0.4885617792606354,0.04960920661687851,-0.8711178302764893
410,1648569070.3534343,101.18045806884766,-94.7635498046875,1406.124267578125,0.1334678679704666,0.8055728077888489,-0.5772683620452881,-0.8737743496894836,-0.17921048402786255,-0.4521084129810333,-0.46765878796577454,0.564744234085083,0.6799699664115906
300,1648569070.4021645,301.3404235839844,-22.63446807861328,1551.823486328125,0.9968080520629883,-0.01705794222652912,-0.07799191772937775,0.006611675024032593,0.9911897778511047,-0.13228406012058258,0.07956129312515259,0.13134616613388062,0.988138735294342
4,1648569070.4021914,48.17310333251953,-13.90967082977295,1464.3624267578125,0.14841653406620026,-0.9798073172569275,-0.13397829234600067,-0.8594505190849304,-0.19481448829174042,0.47264376282691956,-0.48920074105262756,0.044999562203884125,-0.8710095882415771
410,1648569070.4022107,101.18849182128906,-94.7391357421875,1406.1451416015625,0.13125796616077423,0.8064614534378052,-0.576533854007721,-0.8732258081436157,-0.1812586933374405,-0.45235157012939453,-0.4693058729171753,0.5628190040588379,0.6804313063621521
300,1648569070.4547002,301.3408203125,-22.63800621032715,1551.7943115234375,0.9967116713523865,-0.01737552508711815,-0.0791446641087532,0.0067507000640034676,0.9911489486694336,-0.13258293271064758,0.08074784278869629,0.13161267340183258,0.9880070090293884
4,1648569070.4547246,48.22419357299805,-13.792516708374023,1464.265625,0.1522030383348465,-0.9793540239334106,-0.13304126262664795,-0.858393132686615,-0.19770874083042145,0.4733629524707794,-0.4898933172225952,0.04215443506836891,-0.8707626461982727
410,1648569070.4547431,101.1987533569336,-94.6849594116211,1406.1297607421875,0.1327788531780243,0.8054897785186768,-0.5775430798530579,-0.8737262487411499,-0.17998461425304413,-0.45189377665519714,-0.4679446816444397,0.5646165013313293,0.679879367351532
300,1648569070.5035849,301.3411560058594,-22.63469123840332,1551.823974609375,0.9968188405036926,-0.01717226207256317,-0.0778287947177887,0.0067059644497931,0.9911210536956787,-0.13279350101947784,0.0794181227684021,0.13184913992881775,0.9880833029747009
4,1648569070.5036113,47.95983123779297,-13.827064514160156,1464.3170166015625,0.14580345153808594,-0.9793974757194519,-0.13972103595733643,-0.8593393564224243,-0.19535480439662933,0.4726228713989258,-0.4901808202266693,0.05115773156285286,-0.8701182007789612
410,1648569070.5036342,101.38774871826172,-94.70806884765625,1406.26953125,0.13206276297569275,0.8059134483337402,-0.577116072177887,-0.8740459680557251,-0.1799432337284088,-0.451291561126709,-0.4675500690937042,0.564024806022644,0.6806415915489197
300,1648569070.5381079,301.34332275390625,-22.631040573120117,1551.7520751953125,0.996690571308136,-0.017307491973042488,-0.07942532002925873,0.006609948817640543,0.9910911917686462,-0.13302092254161835,0.08101999014616013,0.13205569982528687,0.98792564868927
4,1648569070.5381322,48.12514114379883,-13.81235408782959,1464.2821044921875,0.1499001681804657,-0.9793309569358826,-0.13579700887203217,-0.8593419194221497,-0.19697552919387817,0.4719450771808624,-0.488939106464386,0.045951418578624725,-0.8711068034172058
410,1648569070.5381505,101.37826538085938,-94.76970672607422,1406.3328857421875,0.1323743760585785,0.8060100674629211,-0.5769097208976746,-0.8741250038146973,-0.17947819828987122,-0.45132365822792053,-0.46731412410736084,0.5640348792076111,0.6807952523231506
300,1648569070.5753806,301.34893798828125,-22.635046005249023,1551.7823486328125,0.9966982007026672,-0.017210641875863075,-0.07935046404600143,0.006530300248414278,0.9911026954650879,-0.13293905556201935,0.08093242347240448,0.13198193907737732,0.9879426956176758
4,1648569070.5754082,48.15834045410156,-13.833093643188477,1464.337646484375,0.15144537389278412,-0.9793057441711426,-0.1342557668685913,-0.8594961166381836,-0.1975463628768921,0.471425324678421,-0.48819124698638916,0.043997131288051605,-0.8716269731521606
410,1648569070.5754282,101.45226287841797,-94.84321594238281,1406.5146484375,0.13451404869556427,0.8052554726600647,-0.57746821641922,-0.8741726279258728,-0.17798618972301483,-0.4518220126628876,-0.4666135311126709,0.565583348274231,0.6799906492233276
300,1648569070.625765,301.3410949707031,-22.636993408203125,1551.7706298828125,0.9967069625854492,-0.017142945900559425,-0.07925476878881454,0.006499207578599453,0.9911414384841919,-0.132651686668396,0.08082672953605652,0.13169975578784943,0.9879889488220215
4,1648569070.625795,48.17833709716797,-13.844223022460938,1464.3936767578125,0.14807865023612976,-0.9796375632286072,-0.13558366894721985,-0.8600806593894958,-0.19523848593235016,0.4713206887245178,-0.48819461464881897,0.04682035744190216,-0.8714779615402222
410,1648569070.625816,101.9266357421875,-95.0155029296875,1406.830322265625,0.13399150967597961,0.8045150637626648,-0.5786206126213074,-0.8753769993782043,-0.17759443819522858,-0.44963914155960083,-0.4645012617111206,0.5667589902877808,0.6804577708244324
300,1648569070.6761987,301.3570861816406,-22.627470016479492,1551.8271484375,0.9967797994613647,-0.017243942245841026,-0.07831144332885742,0.006721428595483303,0.9911345839500427,-0.13269174098968506,0.07990530878305435,0.13173808157444,0.9880588054656982
4,1648569070.676225,48.788082122802734,-13.69505786895752,1464.335205078125,0.15576864778995514,-0.978959858417511,-0.13180962204933167,-0.8579208850860596,-0.20021744072437286,0.4731646180152893,-0.48959973454475403,0.03937801346182823,-0.8710576891899109
410,1648569070.6762435,102.27433776855469,-95.11123657226562,1406.8328857421875,0.13280482590198517,0.8035377860069275,-0.5802499055862427,-0.8768485188484192,-0.17767225205898285,-0.4467318058013916,-0.46206018328666687,0.5681193470954895,0.680985152721405
300,1648569070.708678,301.3460388183594,-22.625904083251953,1551.7822265625,0.9967496395111084,-0.017145680263638496,-0.07871558517217636,0.006599497050046921,0.9911836981773376,-0.1323304921388626,0.08029050379991531,0.13138088583946228,0.9880751371383667
4,1648569070.7087035,48.47359085083008,-13.800629615783691,1464.414306640625,0.15312199294567108,-0.9787329435348511,-0.1365119069814682,-0.8592427372932434,-0.20009580254554749,0.4708115756511688,-0.48811426758766174,0.045205261558294296,-0.8716082572937012
410,1648569070.7087224,102.1465835571289,-95.01605987548828,1406.803955078125,0.13416029512882233,0.8034806847572327,-0.58001708984375,-0.8765590190887451,-0.1767873764038086,-0.4476500451564789,-0.46221786737442017,0.5684760212898254,0.6805803775787354
300,1648569070.7496433,301.3487854003906,-22.627634048461914,1551.79931640625,0.9967544078826904,-0.01724778115749359,-0.07863282412290573,0.006679132580757141,0.9911290407180786,-0.13273492455482483,0.0802246630191803,0.13177892565727234,0.9880275130271912
4,1648569070.749667,48.57577896118164,-13.767792701721191,1464.416748046875,0.1523127406835556,-0.9792221784591675,-0.13388332724571228,-0.8595407605171204,-0.19810877740383148,0.4711078703403473,-0.48784273862838745,0.04332244396209717,-0.8718558549880981
410,1648569070.749685,102.08234405517578,-94.92552947998047,1406.77783203125,0.1340072751045227,0.8027449250221252,-0.5810703039169312,-0.8759806156158447,-0.1782110184431076,-0.4482173025608063,-0.4633572995662689,0.5690706968307495,0.6793074011802673
300,1648569070.7981243,301.3488464355469,-22.622282028198242,1551.803955078125,0.9967477321624756,-0.017227115109562874,-0.07872206717729568,0.006612774915993214,0.9910734295845032,-0.13315285742282867,0.08031319081783295,0.1321992427110672,0.9879641532897949
4,1648569070.7981672,48.624141693115234,-13.711045265197754,1464.3966064453125,0.15476536750793457,-0.9789535403251648,-0.13303256034851074,-0.858321487903595,-0.1999126374721527,0.4725666046142578,-0.4892156422138214,0.04104775935411453,-0.8711963891983032
410,1648569070.7981875,101.90689849853516,-94.79795837402344,1406.6177978515625,0.13119465112686157,0.8038807511329651,-0.5801411271095276,-0.8751843571662903,-0.1809627115726471,-0.44867002964019775,-0.46566110849380493,0.566593587398529,0.6798025369644165
300,1648569070.8508458,301.3572692871094,-22.61643409729004,1551.8203125,0.9967281818389893,-0.017314141616225243,-0.07895048707723618,0.006707026623189449,0.9911355376243591,-0.13268540799617767,0.08054796606302261,0.13172176480293274,0.9880087971687317
4,1648569070.8508704,48.53493881225586,-13.682820320129395,1464.3812255859375,0.15637579560279846,-0.9785809516906738,-0.13388779759407043,-0.8577097654342651,-0.20176099240779877,0.47289153933525085,-0.48977598547935486,0.04088807478547096,-0.8708890080451965
410,1648569070.8508885,101.5942611694336,-94.7205581665039,1406.52099609375,0.13098496198654175,0.8048994541168213,-0.5787744522094727,-0.8749932050704956,-0.1806030571460724,-0.4491875171661377,-0.4660792052745819,0.5652604699134827,0.6806252598762512
300,1648569070.899756,301.3492126464844,-22.61594009399414,1551.813720703125,0.9967323541641235,-0.017226185649633408,-0.07891681045293808,0.006574846804141998,0.991055428981781,-0.13328897953033447,0.08050699532032013,0.13233457505702972,0.9879302382469177
4,1648569070.8997834,48.11683654785156,-13.69952392578125,1464.3963623046875,0.14586839079856873,-0.9795494079589844,-0.13858354091644287,-0.8594862818717957,-0.19484640657901764,0.47256553173065186,-0.4899037778377533,0.05017828196287155,-0.8703312277793884
410,1648569070.8998032,101.47477722167969,-94.74659729003906,1406.500732421875,0.1294897347688675,0.805489182472229,-0.5782902240753174,-0.8748665452003479,-0.18170376121997833,-0.44899022579193115,-0.46673429012298584,0.5640664100646973,0.6811667680740356
300,1648569070.9521227,301.34283447265625,-22.619548797607422,1551.80078125,0.9968058466911316,-0.01717422716319561,-0.07799429446458817,0.006719829980283976,0.9911772012710571,-0.13237297534942627,0.07957956939935684,0.13142605125904083,0.9881266355514526
4,1648569070.952158,48.29997253417969,-13.647636413574219,1464.4127197265625,0.1522759199142456,-0.9791879057884216,-0.1341756135225296,-0.8582014441490173,-0.1983363777399063,0.4734479486942291,-0.49020642042160034,0.043054986745119095,-0.8705423474311829
410,1648569070.9521775,101.27812957763672,-94.81656646728516,1406.5262451171875,0.12943904101848602,0.8051238059997559,-0.5788101553916931,-0.8757297396659851,-0.18098878860473633,-0.4475940763950348,-0.46512681245803833,0.5648174285888672,0.6816438436508179
300,1648569071.0009923,301.32965087890625,-22.628108978271484,1551.7332763671875,0.9967662692070007,-0.01717182993888855,-0.07849954068660736,0.006645109970122576,0.9911686182022095,-0.13244099915027618,0.0800805389881134,0.13149107992649078,0.9880775213241577
4,1648569071.0010197,48.027828216552734,-13.77148723602295,1464.453125,0.14633634686470032,-0.9798307418823242,-0.13607878983020782,-0.8602759838104248,-0.19396169483661652,0.47149133682250977,-0.48837578296661377,0.048069000244140625,-0.8713085055351257
410,1648569071.0010388,101.15400695800781,-94.93798828125,1406.716552734375,0.1296359747648239,0.8044190406799316,-0.5797452330589294,-0.8751190900802612,-0.18209008872509003,-0.44834116101264954,-0.46622002124786377,0.5654672384262085,0.680357038974762
300,1648569071.0536997,301.3404846191406,-22.614330291748047,1551.7789306640625,0.9968958497047424,-0.017195817083120346,-0.07683055847883224,0.006869621109217405,0.9911330938339233,-0.13269519805908203,0.07843111455440521,0.1317555010318756,0.9881746172904968
4,1648569071.0537248,47.992286682128906,-13.730138778686523,1464.4447021484375,0.14731083810329437,-0.9792727828025818,-0.13901180028915405,-0.8593913316726685,-0.1962989866733551,0.47213688492774963,-0.48963868618011475,0.0499146543443203,-0.8704955577850342
410,1648569071.053743,101.12826538085938,-94.9180679321289,1406.6944580078125,0.1274547278881073,0.80531245470047,-0.5789880156517029,-0.8751801252365112,-0.1833670437335968,-0.4477011561393738,-0.46670663356781006,0.5637804269790649,0.6814224123954773
300,1648569071.0880318,301.3549499511719,-22.61305809020996,1551.82421875,0.9968698620796204,-0.017148368060588837,-0.07717780768871307,0.006822281517088413,0.9912102818489075,-0.13211974501609802,0.07876507937908173,0.13117966055870056,0.9882246255874634
4,1648569071.088059,48.28306198120117,-13.607728958129883,1464.396728515625,0.15363626182079315,-0.9790273904800415,-0.1337956339120865,-0.8578739762306213,-0.19934916496276855,0.4736160337924957,-0.49035513401031494,0.042015191167593,-0.8705093860626221
410,1648569071.0880783,101.16719818115234,-94.88703918457031,1406.683837890625,0.1280766874551773,0.8050448298454285,-0.5792229175567627,-0.8759631514549255,-0.18204379081726074,-0.4467085897922516,-0.4650643765926361,0.5645909309387207,0.6818740367889404
300,1648569071.1277564,301.3572998046875,-22.622669219970703,1551.8109130859375,0.9967971444129944,-0.017223523929715157,-0.0780949741601944,0.006661674939095974,0.991021454334259,-0.133536696434021,0.0796937644481659,0.13258874416351318,0.9879621267318726
4,1648569071.127783,48.34541702270508,-13.605950355529785,1464.37353515625,0.15586084127426147,-0.978788435459137,-0.13296844065189362,-0.8575845956802368,-0.2008843570947647,0.4734914004802704,-0.49015918374061584,0.04023291915655136,-0.8707038760185242
410,1648569071.1278195,101.28990173339844,-94.90995025634766,1406.7158203125,0.12762455642223358,0.8050781488418579,-0.579276442527771,-0.8761075735092163,-0.18226595222949982,-0.44633471965789795,-0.4649166762828827,0.5644717216491699,0.6820734143257141
300,1648569071.178187,301.35107421875,-22.62445831298828,1551.87109375,0.9968933463096619,-0.017018871381878853,-0.07690233737230301,0.006704630330204964,0.9911686778068542,-0.13243772089481354,0.07847712934017181,0.1315106749534607,0.9882035851478577
4,1648569071.1782136,48.01045608520508,-13.625833511352539,1464.4041748046875,0.14503219723701477,-0.979483962059021,-0.13991738855838776,-0.8595104813575745,-0.1947709619998932,0.47255268692970276,-0.4901095926761627,0.051725100725889206,-0.8701247572898865
410,1648569071.1782324,101.44544219970703,-94.90889739990234,1406.8046875,0.12823233008384705,0.805112361907959,-0.5790945887565613,-0.8762832880020142,-0.18145696818828583,-0.4463193118572235,-0.4644179344177246,0.5646834969520569,0.6822378635406494
300,1648569071.2106616,301.3507995605469,-22.621984481811523,1551.774169921875,0.9967303276062012,-0.017346246168017387,-0.0789160430431366,0.006743784993886948,0.9911357164382935,-0.13268212974071503,0.08051804453134537,0.13171611726284027,0.9880120158195496
4,1648569071.2106872,48.42138671875,-13.58152961730957,1464.37939453125,0.15585671365261078,-0.9785784482955933,-0.13451002538204193,-0.8578521609306335,-0.20160362124443054,0.4727003574371338,-0.4896920621395111,0.04171619564294815,-0.8708969354629517
