300,1648569303.5575764,301.0773010253906,-22.655181884765625,1551.842529296875,0.9965312480926514,-0.016257483512163162,-0.08161611109972,0.0051610092632472515,0.9909178614616394,-0.1343695968389511,0.08305937051773071,0.13348227739334106,0.9875645041465759
4,1648569303.5576022,90.17514038085938,-49.257720947265625,1524.747314453125,0.1351371556520462,-0.9907419085502625,0.012978514656424522,-0.9765382409095764,-0.13096041977405548,0.17094573378562927,-0.16766342520713806,-0.035775136202573776,-0.985194981098175
410,1648569303.5576203,141.08587646484375,-153.83599853515625,1499.5704345703125,0.10636285692453384,0.7395139336585999,-0.6646849513053894,-0.9820759892463684,-0.02648255042731762,-0.18661566078662872,-0.1556074470281601,0.6726201176643372,0.7234421372413635
300,1648569303.5920548,301.0849914550781,-22.650075912475586,1551.9119873046875,0.9965963363647461,-0.016251983121037483,-0.08081825077533722,0.005247638560831547,0.990892767906189,-0.13455122709274292,0.08226894587278366,0.1336691528558731,0.9876053929328918
4,1648569303.5920808,90.37256622314453,-49.12253952026367,1524.6878662109375,0.1360701024532318,-0.9906354546546936,0.011240030638873577,-0.9758950471878052,-0.13207411766052246,0.17373903095722198,-0.17062753438949585,-0.034609775990247726,-0.9847275614738464
410,1648569303.5921001,141.0282745361328,-152.5603485107422,1499.413330078125,0.1048128679394722,0.7422139048576355,-0.6619160175323486,-0.98288893699646,-0.024063322693109512,-0.18262065947055817,-0.15147149562835693,0.6697309017181396,0.7269916534423828
300,1648569303.625165,301.081787109375,-22.655467987060547,1551.90087890625,0.9965206384658813,-0.01618131995201111,-0.08176017552614212,0.004962611477822065,0.9907518029212952,-0.13559569418430328,0.08319815993309021,0.1347181648015976,0.9873849749565125
4,1648569303.6251895,90.142333984375,-49.239234924316406,1524.6416015625,0.1342587023973465,-0.9908945560455322,0.010130396112799644,-0.976570188999176,-0.13056901097297668,0.17106246948242188,-0.1681821495294571,-0.032859668135643005,-0.9852080941200256
410,1648569303.6252077,140.83544921875,-151.1348876953125,1499.408935546875,0.10398649424314499,0.7424288988113403,-0.6618052124977112,-0.9826474189758301,-0.026067644357681274,-0.18364229798316956,-0.153593048453331,0.6694175601005554,0.7268351316452026
300,1648569303.67368,301.0732116699219,-22.65949058532715,1551.874755859375,0.9965150356292725,-0.016253085806965828,-0.08181481808423996,0.004998637363314629,0.9907062649726868,-0.13592667877674103,0.08326368033885956,0.13504400849342346,0.9873349070549011
4,1648569303.6737075,89.95304107666016,-49.22126388549805,1524.6123046875,0.13479819893836975,-0.9908289313316345,0.009355195797979832,-0.9758964776992798,-0.13111956417560577,0.17445257306098938,-0.1716260015964508,-0.03264559805393219,-0.9846211075782776
410,1648569303.6737256,140.58782958984375,-149.38743591308594,1499.5279541015625,0.10578703135251999,0.7424371838569641,-0.6615104675292969,-0.9823090434074402,-0.02535293437540531,-0.18554282188415527,-0.15452513098716736,0.6694357395172119,0.7266207933425903
300,1648569303.7240663,301.0738525390625,-22.647485733032227,1551.8590087890625,0.9964745044708252,-0.016388999298214912,-0.08227984607219696,0.005044491495937109,0.9906638860702515,-0.1362336426973343,0.08374439924955368,0.13533829152584076,0.9872539639472961
4,1648569303.724094,90.22344970703125,-49.042083740234375,1524.46240234375,0.13681119680404663,-0.9905195832252502,0.012393265031278133,-0.9750890135765076,-0.13245373964309692,0.17792543768882751,-0.1745970994234085,-0.03642673045396805,-0.9839659333229065
410,1648569303.7241132,140.67030334472656,-148.26248168945312,1499.4566650390625,0.10873576253652573,0.7431325912475586,-0.6602503061294556,-0.9816511869430542,-0.02439039759337902,-0.18911902606487274,-0.1566442847251892,0.6686995029449463,0.7268449068069458
300,1648569303.7586124,301.077392578125,-22.64720916748047,1551.84619140625,0.9964559674263,-0.016450898721814156,-0.0824914425611496,0.005100572481751442,0.9907013773918152,-0.1359587460756302,0.08396103233098984,0.13505613803863525,0.9872742295265198
4,1648569303.75864,90.15316009521484,-49.030086517333984,1524.2974853515625,0.137333482503891,-0.990474283695221,0.01001073606312275,-0.9747130870819092,-0.13333572447299957,0.17932094633579254,-0.1762779951095581,-0.03438436612486839,-0.9837396740913391
410,1648569303.7586594,140.51504516601562,-148.25741577148438,1499.439208984375,0.10840149968862534,0.7411863207817078,-0.6624892354011536,-0.9812039136886597,-0.027250856161117554,-0.19103999435901642,-0.15964962542057037,0.6707460284233093,0.7243008613586426
300,1648569303.7898414,301.0820007324219,-22.652013778686523,1551.89501953125,0.9965429902076721,-0.016298796981573105,-0.08146419376134872,0.005115753039717674,0.9907448291778564,-0.135640949010849,0.08292101323604584,0.13475529849529266,0.9874032139778137
4,1648569303.7898667,90.02587890625,-49.080055236816406,1524.388916015625,0.13313010334968567,-0.9910520911216736,0.009598706848919392,-0.9756859540939331,-0.12935228645801544,0.17693178355693817,-0.17410700023174286,-0.032920271158218384,-0.9841763377189636
410,1648569303.7898853,140.3501434326172,-148.24319458007812,1499.44384765625,0.10816792398691177,0.7418283820152283,-0.661808431148529,-0.9813136458396912,-0.02688741311430931,-0.19052720069885254,-0.15913279354572296,0.6700505614280701,0.7250578999519348
300,1648569303.8304248,301.0833435058594,-22.653594970703125,1551.9183349609375,0.9965712428092957,-0.01626219041645527,-0.08112489432096481,0.005218235310167074,0.990895688533783,-0.13453072309494019,0.08257406949996948,0.1336461305618286,0.9875830411911011
4,1648569303.8304498,90.02422332763672,-49.01300048828125,1524.326171875,0.13587744534015656,-0.9906078577041626,0.015277919359505177,-0.9751867055892944,-0.13100987672805786,0.178458109498024,-0.1747804433107376,-0.039147257804870605,-0.9838289022445679
410,1648569303.8305,140.1515655517578,-148.24290466308594,1499.308837890625,0.1064954623579979,0.7414590716362,-0.662493109703064,-0.982043445110321,-0.025914639234542847,-0.18686656653881073,-0.15572218596935272,0.670497477054596,0.7253852486610413
300,1648569303.8633316,301.09033203125,-22.652231216430664,1551.891845703125,0.9964491724967957,-0.016239654272794724,-0.0826154500246048,0.005036586429923773,0.9909624457359314,-0.13404497504234314,0.0840456560254097,0.13315290212631226,0.9875255227088928
4,1648569303.863358,89.76582336425781,-49.224918365478516,1524.477294921875,0.1329645812511444,-0.9910702705383301,0.01000953745096922,-0.9760828614234924,-0.12918788194656372,0.1748506873846054,-0.17199620604515076,-0.033019088208675385,-0.9845440983772278
410,1648569303.8633785,140.1115264892578,-148.45021057128906,1499.5147705078125,0.10573980957269669,0.7412373423576355,-0.6628621816635132,-0.981848955154419,-0.027724614366889,-0.18762728571891785,-0.15745395421981812,0.670670211315155,0.7248514890670776
300,1648569303.9042757,301.0810241699219,-22.660802841186523,1551.8956298828125,0.9965470433235168,-0.01629825495183468,-0.08141456544399261,0.00523416418582201,0.9909263849258423,-0.1343037337064743,0.08286475390195847,0.13341385126113892,0.9875900745391846
4,1648569303.9043033,89.6456527709961,-49.35139083862305,1524.5335693359375,0.13362453877925873,-0.9909675717353821,0.011302965693175793,-0.9764806628227234,-0.12970668077468872,0.17222581803798676,-0.16920413076877594,-0.034050725400447845,-0.9849926233291626
410,1648569303.904323,140.00526428222656,-148.82400512695312,1499.6712646484375,0.10304715484380722,0.7397589087486267,-0.6649346351623535,-0.9827449917793274,-0.027512745931744576,-0.18290802836418152,-0.1536020189523697,0.6723092794418335,0.7241592407226562
300,1648569303.9354084,301.0740661621094,-22.657005310058594,1551.915283203125,0.9965717196464539,-0.01623796671628952,-0.08112434297800064,0.005172560922801495,0.9908607006072998,-0.1347898244857788,0.08257163316011429,0.13390810787677765,0.987547755241394
4,1648569303.9354353,89.22068786621094,-49.408451080322266,1524.55517578125,0.1234607994556427,-0.9923245310783386,0.007029222324490547,-0.9773544669151306,-0.1203654557466507,0.17404122650623322,-0.17185930907726288,-0.028357312083244324,-0.9847132563591003
410,1648569303.9354553,139.78028869628906,-149.0556182861328,1500.0391845703125,0.10518564283847809,0.7376381158828735,-0.6669527292251587,-0.9823457598686218,-0.027261504903435707,-0.1850772649049759,-0.15470218658447266,0.6746456623077393,0.7217481732368469
300,1648569303.9697888,301.0780944824219,-22.6536922454834,1551.9029541015625,0.9965682029724121,-0.016199612990021706,-0.08117524534463882,0.005155307240784168,0.9909058809280396,-0.13445818424224854,0.0826151967048645,0.13357825577259064,0.9875887632369995
4,1648569303.9698157,89.18274688720703,-49.35420227050781,1524.5517578125,0.13154631853103638,-0.9912462830543518,0.011240686289966106,-0.9762260317802429,-0.12756577134132385,0.17524191737174988,-0.17227397859096527,-0.034025877714157104,-0.98446124792099
410,1648569303.969834,139.71205139160156,-149.14146423339844,1500.33203125,0.10669784992933273,0.7370991706848145,-0.6673083305358887,-0.9823993444442749,-0.025337722152471542,-0.1850663423538208,-0.1533203274011612,0.675309419631958,0.7214222550392151
300,1648569304.0087354,301.08734130859375,-22.6562557220459,1551.8885498046875,0.9964531064033508,-0.016322877258062363,-0.08255194127559662,0.00497574545443058,0.9907192587852478,-0.13583315908908844,0.08400298655033112,0.13494060933589935,0.9872864484786987
4,1648569304.0087621,89.0096664428711,-49.35974884033203,1524.6207275390625,0.12628410756587982,-0.9919571876525879,0.008560894057154655,-0.9765876531600952,-0.12280311435461044,0.17662391066551208,-0.17415204644203186,-0.030665256083011627,-0.9842411875724792
410,1648569304.0087812,139.54156494140625,-149.2013702392578,1500.26806640625,0.10483477264642715,0.7369183897972107,-0.6678030490875244,-0.9828779697418213,-0.025539373978972435,-0.18247927725315094,-0.15152761340141296,0.6754990816116333,0.721623420715332
300,1648569304.0416038,301.08477783203125,-22.662620544433594,1551.8828125,0.996457576751709,-0.016307001933455467,-0.08250094205141068,0.005070454906672239,0.9908850193023682,-0.13461506366729736,0.08394411206245422,0.13371989130973816,0.9874575138092041
4,1648569304.0416284,89.27517700195312,-49.42864990234375,1524.6221923828125,0.13009662926197052,-0.991445779800415,0.010495384223759174,-0.9771956205368042,-0.12642070651054382,0.17060627043247223,-0.1678200364112854,-0.03245134279131889,-0.985283374786377
410,1648569304.0416462,139.51162719726562,-149.26585388183594,1500.1572265625,0.10348536819219589,0.7372033596038818,-0.6676989793777466,-0.9829767942428589,-0.02666032686829567,-0.1817852109670639,-0.15181374549865723,0.6751447319984436,0.7218948602676392
300,1648569304.0852005,301.0818176269531,-22.6617488861084,1551.910400390625,0.9965307712554932,-0.016243763267993927,-0.08162475377321243,0.0051307897083461285,0.9908931255340576,-0.13455285131931305,0.08306705206632614,0.1336672604084015,0.9875388145446777
4,1648569304.0852265,89.55956268310547,-49.2229118347168,1524.6219482421875,0.13007552921772003,-0.9914336204528809,0.011822371743619442,-0.9761120080947876,-0.1259543001651764,0.17703363299369812,-0.17402802407741547,-0.034567706286907196,-0.984133780002594
410,1648569304.085245,139.36016845703125,-149.21510314941406,1499.7823486328125,0.09924831986427307,0.7388967275619507,-0.6664693355560303,-0.9825406670570374,-0.03315139561891556,-0.18307062983512878,-0.15736468136310577,0.6730026602745056,0.7227058410644531
300,1648569304.1165576,301.0843505859375,-22.657032012939453,1551.9287109375,0.9965679049491882,-0.01619524136185646,-0.08117944002151489,0.005056967027485371,0.9907541871070862,-0.13557487726211548,0.08262453973293304,0.1346990466117859,0.9874357581138611
4,1648569304.1165838,89.55162811279297,-49.334922790527344,1524.6119384765625,0.13074195384979248,-0.9913201928138733,0.013813826255500317,-0.9765335321426392,-0.12636157870292664,0.17439892888069153,-0.1711396425962448,-0.03629092127084732,-0.9845781922340393
410,1648569304.1166053,139.1941375732422,-149.263427734375,1499.4288330078125,0.09802819788455963,0.7413240671157837,-0.6639496088027954,-0.9822859168052673,-0.03498714417219162,-0.18409308791160583,-0.1597023457288742,0.6702346801757812,0.724762499332428
300,1648569304.1506517,301.0899963378906,-22.65692138671875,1551.9056396484375,0.9964727759361267,-0.016346760094165802,-0.08230937272310257,0.005018880590796471,0.9906970858573914,-0.1359931379556656,0.08376670628786087,0.1351003497838974,0.9872846603393555
4,1648569304.150677,89.49516296386719,-49.26851272583008,1524.4791259765625,0.12882210314273834,-0.9915581941604614,0.014737281948328018,-0.976405680179596,-0.12422825396060944,0.17663322389125824,-0.17331132292747498,-0.037143830209970474,-0.9841663837432861
410,1648569304.1506956,139.0673828125,-149.4713897705078,1499.2437744140625,0.10123324394226074,0.7423216104507446,-0.6623522043228149,-0.982391357421875,-0.030498767271637917,-0.18432874977588654,-0.15703214704990387,0.6693492531776428,0.726162850856781
300,1648569304.1824303,301.09832763671875,-22.657499313354492,1551.89697265625,0.9964115619659424,-0.016413524746894836,-0.08303400874137878,0.005044612567871809,0.9907896518707275,-0.1353161334991455,0.08449024707078934,0.13441167771816254,0.9873170256614685
4,1648569304.1824558,89.26888275146484,-49.391929626464844,1524.576171875,0.12824054062366486,-0.9916749000549316,0.011629462242126465,-0.9765868782997131,-0.124229796230793,0.17562754452228546,-0.17272070050239563,-0.03387974947690964,-0.984387993812561
410,1648569304.1824968,139.26467895507812,-149.69851684570312,1499.4793701171875,0.10032567381858826,0.7390612959861755,-0.666125476360321,-0.98255455493927,-0.03177697956562042,-0.1832396239042282,-0.15659277141094208,0.6728882789611816,0.7229799628257751
300,1648569304.213651,301.1002197265625,-22.658504486083984,1551.889892578125,0.9964820742607117,-0.01638288050889969,-0.08218926936388016,0.005131374578922987,0.9907938241958618,-0.13528205454349518,0.0836489349603653,0.1343844085931778,0.9873923659324646
4,1648569304.2136765,89.15751647949219,-49.480377197265625,1524.5880126953125,0.12818914651870728,-0.9916934967041016,0.010561344213783741,-0.9769653677940369,-0.12443909794092178,0.17335964739322662,-0.1706053912639618,-0.03254089131951332,-0.9848019480705261
410,1648569304.213696,139.09823608398438,-149.84210205078125,1499.614501953125,0.10099059343338013,0.7416646480560303,-0.6631247401237488,-0.9822090268135071,-0.03174334019422531,-0.18508853018283844,-0.15832342207431793,0.6700193285942078,0.7252639532089233
300,1648569304.2622635,301.0762023925781,-22.658262252807617,1551.9298095703125,0.996553361415863,-0.016241101548075676,-0.08134844899177551,0.005115463864058256,0.9908122420310974,-0.13514761626720428,0.08279599249362946,0.1342656910419464,0.9874804019927979
4,1648569304.2622898,89.20597076416016,-49.50368881225586,1524.6942138671875,0.12849171459674835,-0.9916707873344421,0.008884248323738575,-0.9770075082778931,-0.12504471838474274,0.17268508672714233,-0.17013584077358246,-0.03086858242750168,-0.9849370121955872
410,1648569304.2623096,139.3915557861328,-150.16322326660156,1499.75927734375,0.10139847546815872,0.7388158440589905,-0.6662352681159973,-0.9824788570404053,-0.03089916706085205,-0.18379490077495575,-0.1563767045736313,0.6731985807418823,0.7227378487586975
300,1648569304.3129523,301.0777587890625,-22.658653259277344,1551.9300537109375,0.9965469241142273,-0.0162812527269125,-0.08141926676034927,0.005164299160242081,0.9908420443534851,-0.13492731750011444,0.08287041634321213,0.1340409368276596,0.9875047206878662
4,1648569304.3129783,89.43988037109375,-49.391845703125,1524.583740234375,0.1284894496202469,-0.9916260242462158,0.012971107847988605,-0.9766943454742432,-0.12426551431417465,0.1750035583972931,-0.17192621529102325,-0.03515491634607315,-0.9844823479652405
410,1648569304.3129966,139.4597930908203,-150.3621826171875,1499.57421875,0.1009824350476265,0.739625871181488,-0.6653992533683777,-0.9824584126472473,-0.031256888061761856,-0.1838436871767044,-0.15677385032176971,0.6722920536994934,0.7234952449798584
300,1648569304.3599682,301.0780029296875,-22.656091690063477,1551.8885498046875,0.9964792728424072,-0.016365768387913704,-0.08222657442092896,0.005083186086267233,0.9907519221305847,-0.1355903297662735,0.08368517458438873,0.13469497859477997,0.9873470067977905
4,1648569304.3599944,89.56045532226562,-49.43417739868164,1524.59619140625,0.1288212090730667,-0.9915590286254883,0.014690270647406578,-0.9772630929946899,-0.12442032247781754,0.17168699204921722,-0.1684100180864334,-0.03647318482398987,-0.9850420355796814
410,1648569304.3600125,139.5833282470703,-150.4426727294922,1499.474853515625,0.10277596861124039,0.7387170791625977,-0.6661337614059448,-0.9820247888565063,-0.03123290278017521,-0.18615004420280457,-0.15831750631332397,0.6732916235923767,0.722228467464447
300,1648569304.4104953,301.084228515625,-22.661224365234375,1551.9200439453125,0.9965369701385498,-0.016305169090628624,-0.08153660595417023,0.00515856733545661,0.9908198714256287,-0.13509003818035126,0.08299075812101364,0.13420160114765167,0.9874727725982666
4,1648569304.410525,89.61637878417969,-49.4608268737793,1524.6507568359375,0.13356105983257294,-0.9909095764160156,0.016114523634314537,-0.9764078259468079,-0.12878775596618652,0.17332470417022705,-0.16967375576496124,-0.03888377919793129,-0.9847328662872314
410,1648569304.4105442,139.78195190429688,-150.72970581054688,1499.443603515625,0.1007465124130249,0.7387824058532715,-0.6663712859153748,-0.9818317294120789,-0.034424323588609695,-0.18660497665405273,-0.16079984605312347,0.6730642914772034,0.7218918800354004
300,1648569304.4626143,301.0684509277344,-22.67746925354004,1551.8828125,0.9964686632156372,-0.01625717617571354,-0.08237636089324951,0.004983145743608475,0.9907979369163513,-0.13525760173797607,0.08381723612546921,0.13436946272850037,0.9873801469802856
4,1648569304.4626393,89.53690338134766,-49.52825927734375,1524.769775390625,0.1305353343486786,-0.9913378357887268,0.014484110288321972,-0.9769376516342163,-0.12612180411815643,0.17229649424552917,-0.1689772754907608,-0.03664085268974304,-0.9849386215209961
410,1648569304.4626575,140.2858428955078,-151.36328125,1499.6744384765625,0.10470283031463623,0.7356975078582764,-0.6691685318946838,-0.9819696545600891,-0.030011577531695366,-0.18664124608039856,-0.15739430487155914,0.676645040512085,0.7192903161048889
300,1648569304.496226,301.0628967285156,-22.6652889251709,1551.8719482421875,0.9964520931243896,-0.016343267634510994,-0.0825599804520607,0.005092152394354343,0.9908746480941772,-0.13469049334526062,0.0840078741312027,0.1337922066450119,0.9874423146247864
4,1648569304.4962575,89.91936492919922,-49.34664535522461,1524.634765625,0.13257482647895813,-0.9910678267478943,0.014436940662562847,-0.9766213297843933,-0.12812790274620056,0.17260955274105072,-0.1692180037498474,-0.036983102560043335,-0.98488450050354
410,1648569304.4962773,140.69549560546875,-150.98959350585938,1499.760009765625,0.10415656864643097,0.7363026142120361,-0.6685879826545715,-0.9818078279495239,-0.03118784911930561,-0.18729835748672485,-0.15876008570194244,0.675933301448822,0.7196592688560486
300,1648569304.539479,301.0623474121094,-22.658723831176758,1551.891357421875,0.9965508580207825,-0.016197774559259415,-0.08138818293809891,0.0050856270827353,0.9908426403999329,-0.1349257230758667,0.08282838016748428,0.13404643535614014,0.9875074625015259
4,1648569304.5395036,90.37838745117188,-49.11344909667969,1524.568359375,0.13505075871944427,-0.9907333254814148,0.014450729824602604,-0.9755527377128601,-0.13040123879909515,0.17689651250839233,-0.17337287962436676,-0.03798745572566986,-0.9841233491897583
410,1648569304.5395215,141.26681518554688,-149.491943359375,1499.7705078125,0.10564389824867249,0.734933614730835,-0.6698595881462097,-0.982056736946106,-0.028716089203953743,-0.18638640642166138,-0.15621739625930786,0.6775307655334473,0.7187128663063049
300,1648569304.587992,301.0802307128906,-22.656322479248047,1551.9132080078125,0.9965251684188843,-0.01635495387017727,-0.08167102187871933,0.005283295176923275,0.9909698963165283,-0.13398057222366333,0.08312477171421051,0.1330835223197937,0.987612783908844
4,1648569304.5880182,91.01705169677734,-48.87263488769531,1524.5355224609375,0.14252695441246033,-0.989641010761261,0.01722625084221363,-0.9746781587600708,-0.1372998207807541,0.17649705708026886,-0.17230357229709625,-0.04194563999772072,-0.9841504096984863
410,1648569304.5880365,141.30995178222656,-148.10638427734375,1499.605712890625,0.10446317493915558,0.7382722496986389,-0.6663644313812256,-0.9821299314498901,-0.028891367837786674,-0.18597346544265747,-0.15655122697353363,0.6738837957382202,0.7220611572265625
300,1648569304.6405306,301.05859375,-22.66021156311035,1551.933349609375,0.9965574741363525,-0.016255386173725128,-0.0812956839799881,0.005146268289536238,0.9908275008201599,-0.13503462076187134,0.0827450379729271,0.1341513991355896,0.9875001907348633
4,1648569304.6405704,90.6977767944336,-49.093711853027344,1524.7423095703125,0.1368987113237381,-0.9904772639274597,0.014613932929933071,-0.9759399890899658,-0.13233265280723572,0.1732894331216812,-0.169705331325531,-0.0379854217171669,-0.9847624897956848
410,1648569304.640604,140.91078186035156,-148.14625549316406,1499.7388916015625,0.10452499240636826,0.7383167743682861,-0.6663053631782532,-0.981418788433075,-0.03182370588183403,-0.18922069668769836,-0.16090911626815796,0.6737028956413269,0.7212715744972229
300,1648569304.6891499,301.056884765625,-22.645545959472656,1551.928955078125,0.9965971112251282,-0.01630336605012417,-0.08079830557107925,0.005218239966779947,0.9907568097114563,-0.13554970920085907,0.08226139098405838,0.1346668303012848,0.9874704480171204
4,1648569304.6891758,90.67414855957031,-48.932071685791016,1524.52978515625,0.14143788814544678,-0.9897593855857849,0.019278597086668015,-0.9746710658073425,-0.13582094013690948,0.17767678201198578,-0.1732388287782669,-0.043920520693063736,-0.9839000701904297
410,1648569304.689194,140.7721710205078,-147.9503936767578,1499.708251953125,0.10400674492120743,0.7387322187423706,-0.6659258604049683,-0.9816775918006897,-0.031234996393322945,-0.18797196447849274,-0.15966114401817322,0.6732748746871948,0.7219482660293579
300,1648569304.7417555,301.0632019042969,-22.660810470581055,1551.9459228515625,0.9964805841445923,-0.016272926703095436,-0.08222942054271698,0.004965747240930796,0.9907125234603882,-0.13588228821754456,0.08367691934108734,0.1349957287311554,0.9873065948486328
4,1648569304.7417808,90.37019348144531,-49.0461540222168,1524.6046142578125,0.1377291977405548,-0.9903668165206909,0.014292866922914982,-0.9754983186721802,-0.1331336796283722,0.17515257000923157,-0.17156243324279785,-0.03806629031896591,-0.9844375252723694
410,1648569304.7418022,140.64425659179688,-147.91641235351562,1499.61572265625,0.1054648905992508,0.7410839796066284,-0.6630774736404419,-0.9820568561553955,-0.027210794389247894,-0.18661168217658997,-0.15633778274059296,0.670860767364502,0.7249167561531067
300,1648569304.790334,301.07086181640625,-22.652849197387695,1551.925048828125,0.9964887499809265,-0.016386015340685844,-0.08210784196853638,0.005179460626095533,0.9908483028411865,-0.134880930185318,0.0835665687918663,0.13398204743862152,0.9874539971351624
4,1648569304.7903595,90.646728515625,-48.77662658691406,1524.59033203125,0.13684438169002533,-0.9904388785362244,0.017448417842388153,-0.9748619198799133,-0.13152381777763367,0.17984919250011444,-0.1758347451686859,-0.04162114858627319,-0.9835394620895386
410,1648569304.7903788,140.50955200195312,-147.46908569335938,1499.5823974609375,0.1048014834523201,0.7434116005897522,-0.660572350025177,-0.9818703532218933,-0.028146466240286827,-0.18745240569114685,-0.15794707834720612,0.6682416796684265,0.7269840240478516
300,1648569304.8428102,301.0477600097656,-22.656484603881836,1551.9384765625,0.9965714812278748,-0.016251495108008385,-0.08112406730651855,0.005161356646567583,0.9908205270767212,-0.1350851207971573,0.08257472515106201,0.13420328497886658,0.9875074028968811
4,1648569304.842836,90.75794982910156,-48.70927429199219,1524.582275390625,0.13721975684165955,-0.9904180765151978,0.015579566359519958,-0.9750299453735352,-0.13228186964988708,0.17837633192539215,-0.17460624873638153,-0.03966730087995529,-0.9838389754295349
410,1648569304.8428538,140.31349182128906,-147.06431579589844,1499.212158203125,0.10460375249385834,0.7460376620292664,-0.6576365828514099,-0.9812808632850647,-0.030089471489191055,-0.1902168244123459,-0.16169685125350952,0.6652235984802246,0.7289250493049622
300,1648569304.8915608,301.0501403808594,-22.659164428710938,1551.956787109375,0.9965417385101318,-0.016342375427484512,-0.08147057890892029,0.005175350233912468,0.9907724857330322,-0.13543690741062164,0.08293216675519943,0.1345468908548355,0.9874306917190552
4,1648569304.891589,90.60101318359375,-48.82524871826172,1524.7127685546875,0.1402169167995453,-0.9899842143058777,0.016446717083454132,-0.9749988317489624,-0.13516433537006378,0.1763744205236435,-0.17238487303256989,-0.04076620563864708,-0.9841857552528381
410,1648569304.891608,140.22622680664062,-147.0493621826172,1499.3668212890625,0.10247819125652313,0.7459837198257446,-0.6580322980880737,-0.9812712669372559,-0.03265945240855217,-0.18984223902225494,-0.16311019659042358,0.6651628613471985,0.7286655306816101
300,1648569304.9439008,301.0602111816406,-22.666112899780273,1551.9234619140625,0.9964849948883057,-0.016307657584547997,-0.08216879516839981,0.004965446889400482,0.9906426668167114,-0.1363907903432846,0.08362413197755814,0.1355033814907074,0.9872415065765381
4,1648569304.9439251,90.4786148071289,-48.78200149536133,1524.624755859375,0.13879524171352386,-0.9901793599128723,0.016754701733589172,-0.9753309488296509,-0.13374225795269012,0.17562055587768555,-0.17165504395961761,-0.04071667417883873,-0.9843153357505798
410,1648569304.9439425,140.08709716796875,-147.01654052734375,1499.264892578125,0.10212144255638123,0.7443185448646545,-0.6599705219268799,-0.9817688465118408,-0.03150705248117447,-0.18744918704032898,-0.1603156328201294,0.6670811176300049,0.7275312542915344
300,1648569304.9925997,301.0474853515625,-22.6638240814209,1551.9578857421875,0.9966695308685303,-0.016110513359308243,-0.07993903756141663,0.005090736318379641,0.9906704425811768,-0.13618412613868713,0.0813872367143631,0.135323628783226,0.9874531030654907
4,1648569304.992627,90.37716674804688,-48.60572814941406,1524.6143798828125,0.13555772602558136,-0.9906041026115417,0.01809975691139698,-0.9751797914505005,-0.13017448782920837,0.17910601198673248,-0.1750670224428177,-0.04192972183227539,-0.9836632609367371
410,1648569304.992646,139.69361877441406,-146.79180908203125,1499.3074951171875,0.10012896358966827,0.7445032000541687,-0.6600675582885742,-0.981689989566803,-0.034122034907341,-0.18740439414978027,-0.16204601526260376,0.6667463779449463,0.7274547219276428
300,1648569305.0448084,301.0364685058594,-22.66118621826172,1551.947021484375,0.996602475643158,-0.016292128711938858,-0.08073455095291138,0.005210523959249258,0.9907482862472534,-0.13561204075813293,0.08219703286886215,0.13473063707351685,0.9874671101570129
4,1648569305.0448327,90.35602569580078,-48.52973175048828,1524.5830078125,0.13396678864955902,-0.9908285737037659,0.017652876675128937,-0.9751113057136536,-0.12862421572208405,0.1805926263332367,-0.17666573822498322,-0.04140693321824074,-0.9833995699882507
410,1648569305.0448644,139.3531951904297,-146.57762145996094,1499.2562255859375,0.09854733943939209,0.7449175715446472,-0.6598380208015442,-0.9817155599594116,-0.035739999264478683,-0.18696832656860352,-0.16285860538482666,0.6661984920501709,0.7277750968933105
300,1648569305.0934303,301.03973388671875,-22.66046142578125,1551.8948974609375,0.9965351819992065,-0.016298258677124977,-0.08155994117259979,0.005099195055663586,0.9907400012016296,-0.1356770247220993,0.08301599323749542,0.1347910463809967,0.9873903393745422
4,1648569305.0934563,90.04463195800781,-48.73772430419922,1524.7574462890625,0.12959899008274078,-0.9914289116859436,0.01651616208255291,-0.976635217666626,-0.1247500404715538,0.17498868703842163,-0.17142844200134277,-0.03880862146615982,-0.9844319224357605
410,1648569305.0934746,139.2328643798828,-146.3791961669922,1499.5299072265625,0.09820030629634857,0.744605541229248,-0.6602418422698975,-0.981644868850708,-0.036518920212984085,-0.1871890127658844,-0.1634933054447174,0.6665050387382507,0.7273520231246948
300,1648569305.1266448,301.0493469238281,-22.658721923828125,1551.85498046875,0.9964674115180969,-0.01645853742957115,-0.08235148340463638,0.005170010961592197,0.9907701015472412,-0.13545450568199158,0.08382076770067215,0.13455024361610413,0.9873552322387695
4,1648569305.1266696,90.03324890136719,-48.60853958129883,1524.771728515625,0.13633152842521667,-0.9904948472976685,0.0182675588876009,-0.9751914143562317,-0.13093334436416626,0.17848844826221466,-0.17440006136894226,-0.04214797168970108,-0.9837723970413208
410,1648569305.1266878,139.13294982910156,-146.22434997558594,1499.852294921875,0.0984686017036438,0.7431459426879883,-0.6618443727493286,-0.9822892546653748,-0.033953793346881866,-0.1842688024044037,-0.1594107449054718,0.6682673096656799,0.7266408801078796
300,1648569305.1652136,301.04547119140625,-22.65975570678711,1551.9058837890625,0.9965693354606628,-0.01619037240743637,-0.08116308599710464,0.0050300355069339275,0.9907145500183105,-0.13586543500423431,0.082609161734581,0.13499107956886292,0.9873971343040466
4,1648569305.1652405,89.94125366210938,-48.58494567871094,1524.968017578125,0.13427354395389557,-0.9907947778701782,0.017215346917510033,-0.9756742715835571,-0.12914642691612244,0.17714647948741913,-0.17329250276088715,-0.04058265686035156,-0.9840339422225952
410,1648569305.1652596,139.13502502441406,-145.88265991210938,1500.4134521484375,0.09969253838062286,0.7420419454574585,-0.6628990173339844,-0.9824295043945312,-0.03223460540175438,-0.1838293820619583,-0.15777739882469177,0.669577956199646,0.7257903218269348
300,1648569305.215525,301.04388427734375,-22.653608322143555,1551.9815673828125,0.9966281056404114,-0.016026172786951065,-0.08047124743461609,0.0051107993349432945,0.990960419178009,-0.13405704498291016,0.08189224451780319,0.1331937462091446,0.9877009391784668
4,1648569305.215552,89.7176284790039,-48.83336639404297,1525.319091796875,0.13151301443576813,-0.9912083745002747,0.01450261753052473,-0.976658046245575,-0.12704837322235107,0.17319850623607635,-0.16983327269554138,-0.03694195672869682,-0.9847801327705383
410,1648569305.2155719,139.31143188476562,-145.53700256347656,1501.02294921875,0.10078739374876022,0.7400510907173157,-0.6649558544158936,-0.9825813174247742,-0.030842727050185204,-0.18325577676296234,-0.1561276912689209,0.6718430519104004,0.724051833152771
300,1648569305.250051,301.05340576171875,-22.629335403442383,1551.9732666015625,0.9965033531188965,-0.016403794288635254,-0.0819266214966774,0.005135925021022558,0.9907099008560181,-0.13589520752429962,0.08339471369981766,0.13499926030635834,0.9873300194740295
4,1648569305.2500768,90.0289077758789,-48.68097686767578,1525.3167724609375,0.1406732052564621,-0.989912211894989,0.016879519447684288,-0.9756828546524048,-0.1357162594795227,0.17211654782295227,-0.16808944940567017,-0.04068124294281006,-0.9849319458007812
410,1648569305.2500944,139.5732879638672,-145.2112579345703,1501.21826171875,0.1018812358379364,0.7398834228515625,-0.6649757623672485,-0.9827029705047607,-0.02906045876443386,-0.18289439380168915,-0.15464502573013306,0.6721071600914001,0.7241249084472656
300,1648569305.2870567,301.06036376953125,-22.6429500579834,1551.982666015625,0.9965166449546814,-0.016320742666721344,-0.0817815288901329,0.005170115269720554,0.9908669590950012,-0.13474410772323608,0.08323373645544052,0.13385193049907684,0.9874997735023499
4,1648569305.2870831,90.27424621582031,-48.4942626953125,1525.1785888671875,0.13907760381698608,-0.9901296496391296,0.017340809106826782,-0.9752228856086731,-0.13389958441257477,0.17609989643096924,-0.17203979194164276,-0.041402705013751984,-0.9842195510864258
410,1648569305.287102,139.792724609375,-144.69879150390625,1501.197021484375,0.10327789932489395,0.7414270639419556,-0.6630381345748901,-0.9828989505767822,-0.02610010839998722,-0.18228675425052643,-0.15245769917964935,0.6705256700515747,0.7260523438453674
300,1648569305.3373666,301.0671081542969,-22.662614822387695,1551.952392578125,0.996492326259613,-0.016205962747335434,-0.08209966123104095,0.0048583438619971275,0.9906180500984192,-0.13657324016094208,0.08354271203279495,0.13569532334804535,0.9872220754623413
4,1648569305.3374085,89.7718276977539,-48.766151428222656,1525.4400634765625,0.1340077966451645,-0.9909218549728394,0.010760967619717121,-0.9761853218078613,-0.13012994825839996,0.17357534170150757,-0.17059926688671112,-0.033765148371458054,-0.9847617745399475
410,1648569305.3374293,139.78277587890625,-142.50143432617188,1502.0196533203125,0.10560904443264008,0.7362983226776123,-0.6683648228645325,-0.9829714298248291,-0.024344157427549362,-0.18213890492916107,-0.15037934482097626,0.6762189865112305,0.7211892604827881
300,1648569305.387815,301.0666809082031,-22.635974884033203,1551.96484375,0.9964809417724609,-0.01668955385684967,-0.08214103430509567,0.005394917447119951,0.9907150864601135,-0.1358475685119629,0.08364559710025787,0.13492637872695923,0.987318754196167
4,1648569305.3878462,89.1333999633789,-48.72541809082031,1525.697021484375,0.13389018177986145,-0.9909417629241943,0.010384049266576767,-0.9768762588500977,-0.1302127093076706,0.16958020627498627,-0.16669197380542755,-0.03284905478358269,-0.9854616522789001
410,1648569305.3878753,139.02757263183594,-135.2428741455078,1503.9814453125,0.11648401618003845,0.7331944704055786,-0.6699681282043457,-0.9829241037368774,-0.01164726261049509,-0.18364255130290985,-0.14244899153709412,0.6799192428588867,0.7193177938461304
300,1648569305.4383235,301.0397644042969,-22.62772560119629,1551.9820556640625,0.9965177178382874,-0.016645248979330063,-0.08170269429683685,0.005447471048682928,0.990774929523468,-0.1354079395532608,0.08320288360118866,0.13449133932590485,0.9874154925346375
4,1648569305.4383495,89.49044799804688,-48.77814865112305,1525.99267578125,0.13676419854164124,-0.9905270338058472,0.012320750392973423,-0.9767978191375732,-0.13277846574783325,0.16803528368473053,-0.16480755805969238,-0.03501609340310097,-0.9857040047645569
410,1648569305.438368,138.99703979492188,-130.2118377685547,1505.2552490234375,0.11769743263721466,0.7303084135055542,-0.6729018688201904,-0.9826611280441284,-0.012104799970984459,-0.1850149929523468,-0.14326335489749908,0.6830102801322937,0.716221034526825
300,1648569305.4889743,301.0545654296875,-22.681230545043945,1551.99267578125,0.9964967966079712,-0.016027364879846573,-0.08208063244819641,0.004835751838982105,0.9908648729324341,-0.13477164506912231,0.08349085599184036,0.13390257954597473,0.9874712228775024
4,1648569305.489001,89.98193359375,-48.52471160888672,1525.293212890625,0.1397022306919098,-0.9900650978088379,0.015948327258229256,-0.9753959774971008,-0.13482259213924408,0.174429252743721,-0.17054612934589386,-0.03992408886551857,-0.9845405220985413
410,1648569305.4890184,138.55552673339844,-129.6875762939453,1503.1435546875,0.11005581170320511,0.7358996272087097,-0.6680864095687866,-0.9805517196655273,-0.029506120830774307,-0.19403024017810822,-0.16249941289424896,0.6764474511146545,0.7183403372764587
300,1648569305.5395443,301.060546875,-22.676881790161133,1551.9718017578125,0.9964938759803772,-0.016070257872343063,-0.08210774511098862,0.004852361977100372,0.9908287525177002,-0.13503628969192505,0.08352478593587875,0.13416442275047302,0.9874327778816223
4,1648569305.5395718,89.60508728027344,-48.352474212646484,1524.7958984375,0.13314002752304077,-0.9909721612930298,0.01574648916721344,-0.975647509098053,-0.12825365364551544,0.17794069647789001,-0.1743147224187851,-0.03905405104160309,-0.9839152097702026
410,1648569305.53959,138.05091857910156,-129.2352752685547,1501.96826171875,0.11062643676996231,0.7411186695098877,-0.6621969938278198,-0.9804523587226868,-0.027701305225491524,-0.1947968751192093,-0.16271132230758667,0.6708022952079773,0.7235670685768127
300,1648569305.5900645,301.04486083984375,-22.666902542114258,1551.9337158203125,0.9965206384658813,-0.016256183385849,-0.08174561709165573,0.00507470965385437,0.9908091425895691,-0.135172039270401,0.08319168537855148,0.13428689539432526,0.987444281578064
4,1648569305.5900912,88.85260772705078,-48.40580749511719,1524.5008544921875,0.12950552999973297,-0.991503894329071,0.012180513702332973,-0.975741446018219,-0.12524078786373138,0.17956434190273285,-0.17651323974132538,-0.03513960912823677,-0.9836708307266235
410,1648569305.5901093,137.38047790527344,-129.4945831298828,1501.8095703125,0.11044187843799591,0.7378784418106079,-0.6658363342285156,-0.9806069731712341,-0.028232960030436516,-0.1939404010772705,-0.16190296411514282,0.6743428707122803,0.7204506397247314
300,1648569305.6407332,301.0394592285156,-22.653217315673828,1551.9139404296875,0.9965118169784546,-0.016448024660348892,-0.08181468397378922,0.005187225993722677,0.9906967878341675,-0.13598871231079102,0.08329028636217117,0.1350899636745453,0.9873263835906982
4,1648569305.6407776,89.171142578125,-48.349998474121094,1524.742919921875,0.13109414279460907,-0.9912394881248474,0.01607995107769966,-0.9759268760681152,-0.12618327140808105,0.17788921296596527,-0.17430178821086884,-0.0390130877494812,-0.9839191436767578
410,1648569305.6408117,137.31031799316406,-129.54954528808594,1502.059326171875,0.10857124626636505,0.7380794286727905,-0.665921151638031,-0.9807104468345642,-0.030004145577549934,-0.19314958155155182,-0.16254013776779175,0.6740463376045227,0.7205846309661865
300,1648569305.6912954,301.063720703125,-22.661706924438477,1551.9329833984375,0.9964980483055115,-0.01655539683997631,-0.08196042478084564,0.0052661350928246975,0.990683376789093,-0.13608351349830627,0.08344975113868713,0.13517533242702484,0.987301230430603
4,1648569305.6913395,89.41129302978516,-48.31072235107422,1524.8067626953125,0.13466759026050568,-0.9907914996147156,0.014030453749001026,-0.975540041923523,-0.13008533418178558,0.17719900608062744,-0.1737421154975891,-0.03755023330450058,-0.9840750098228455
410,1648569305.691396,137.05897521972656,-129.56838989257812,1501.7884521484375,0.10129570960998535,0.7438971400260925,-0.6605726480484009,-0.9806519150733948,-0.03714074566960335,-0.19220402836799622,-0.16751419007778168,0.6672613024711609,0.7257419228553772
300,1648569305.7418826,301.073974609375,-22.653594970703125,1551.8499755859375,0.9964362382888794,-0.016390519216656685,-0.08274136483669281,0.005081488285213709,0.9908216595649719,-0.1350799947977066,0.08419597148895264,0.13417814671993256,0.987373948097229
4,1648569305.7419093,89.23812103271484,-48.36552810668945,1524.9227294921875,0.1331738382577896,-0.990976870059967,0.01515286136418581,-0.9759116768836975,-0.12845288217067719,0.1763412356376648,-0.17280364036560059,-0.03827189281582832,-0.9842124581336975
410,1648569305.7419283,136.89427185058594,-129.590087890625,1501.850830078125,0.10035480558872223,0.7414522171020508,-0.6634587645530701,-0.9809478521347046,-0.03775171563029289,-0.19056788086891174,-0.16634368896484375,0.6699428558349609,0.7235373854637146
300,1648569305.7924855,301.0621337890625,-22.649703979492188,1551.9490966796875,0.9964869618415833,-0.0163169763982296,-0.0821431577205658,0.005136237014085054,0.990896999835968,-0.13452428579330444,0.08359043300151825,0.13362978398799896,0.9874997138977051
