300,1648569438.114899,301.2044677734375,-22.70838165283203,1552.08056640625,0.9968096017837524,-0.017021717503666878,-0.07797982543706894,0.00663284445181489,0.9912815690040588,-0.13159340620040894,0.07953990995883942,0.13065634667873383,0.988231897354126
4,1648569438.1149263,95.81893157958984,-19.961627960205078,1479.263671875,0.039608195424079895,-0.9916684031486511,-0.1225762739777565,-0.9325802326202393,-0.08073502779006958,0.35181814432144165,-0.35878312587738037,0.10037732124328613,-0.9280081391334534
410,1648569438.114945,136.29489135742188,-109.02446746826172,1430.01806640625,0.03959167003631592,0.8385613560676575,-0.5433666706085205,-0.9335439205169678,-0.16284674406051636,-0.3193378746509552,-0.356269896030426,0.5198997855186462,0.7763864994049072
300,1648569438.1524653,301.2120056152344,-22.71270751953125,1552.0953369140625,0.9968231916427612,-0.016992032527923584,-0.07781274616718292,0.006563491187989712,0.9911795854568481,-0.13236284255981445,0.07937552034854889,0.13143162429332733,0.9881423115730286
4,1648569438.1524916,95.91959381103516,-19.941390991210938,1479.2005615234375,0.040819182991981506,-0.9917705059051514,-0.1213468536734581,-0.932278573513031,-0.08149324357509613,0.3524421751499176,-0.3594307005405426,0.09874267131090164,-0.9279329180717468
410,1648569438.1525118,136.38502502441406,-108.74634552001953,1430.212646484375,0.04137381166219711,0.8381684422492981,-0.5438398718833923,-0.9333236813545227,-0.16186848282814026,-0.32047706842422485,-0.35664430260658264,0.5208380222320557,0.7755853533744812
300,1648569438.1872683,301.2183837890625,-22.73335075378418,1552.11083984375,0.9968463182449341,-0.01691451482474804,-0.07753290235996246,0.006625863257795572,0.9913492798805237,-0.13108274340629578,0.07907938957214355,0.13015562295913696,0.9883349537849426
4,1648569438.1872976,95.90547180175781,-19.853052139282227,1479.177978515625,0.043167565017938614,-0.9917301535606384,-0.1208629384636879,-0.9324023723602295,-0.08344199508428574,0.3516578674316406,-0.35883474349975586,0.09751267731189728,-0.9282935261726379
410,1648569438.1873162,136.4120635986328,-108.79627990722656,1430.2679443359375,0.04185355827212334,0.8377950191497803,-0.5443783402442932,-0.9344609975814819,-0.16000430285930634,-0.31809002161026,-0.35359713435173035,0.5220135450363159,0.7761900424957275
300,1648569438.2280185,301.2152099609375,-22.715042114257812,1552.064208984375,0.9968050718307495,-0.01701398380100727,-0.07803965359926224,0.006612676661461592,0.9912741184234619,-0.1316506713628769,0.07959859073162079,0.13071401417255402,0.9882195591926575
4,1648569438.228047,95.58103942871094,-19.22884178161621,1479.122314453125,0.0435243621468544,-0.991822361946106,-0.119975246489048,-0.9325046539306641,-0.08342701196670532,0.3513900339603424,-0.35852566361427307,0.09658345580101013,-0.9285100698471069
410,1648569438.2280674,136.23927307128906,-108.7817153930664,1430.2650146484375,0.043685927987098694,0.8369318246841431,-0.545560896396637,-0.9350648522377014,-0.1580280065536499,-0.31730249524116516,-0.3517744541168213,0.5239964723587036,0.7756819128990173
300,1648569438.2787113,301.2227478027344,-22.72789764404297,1552.1689453125,0.996834933757782,-0.01710699312388897,-0.0776364803314209,0.006758206989616156,0.9912731647491455,-0.13165055215358734,0.07921110838651657,0.1307091861963272,0.9882513284683228
4,1648569438.2787392,95.32691955566406,-19.41400718688965,1479.344970703125,0.04002914950251579,-0.9916985630989075,-0.12219516932964325,-0.9333796501159668,-0.08076269924640656,0.34968534111976624,-0.356651246547699,0.10005687922239304,-0.9288641214370728
410,1648569438.278757,136.02362060546875,-108.80960083007812,1430.38818359375,0.04216071218252182,0.8379192352294922,-0.5441634654998779,-0.9343245029449463,-0.15986798703670502,-0.3185591399669647,-0.35392114520072937,0.5218559503555298,0.7761483192443848
300,1648569438.3167834,301.2139587402344,-22.71872329711914,1552.1005859375,0.9968035221099854,-0.016896218061447144,-0.07808484137058258,0.006487670354545116,0.9912717342376709,-0.1316748708486557,0.0796281024813652,0.13074739277362823,0.9882127642631531
4,1648569438.3168106,95.34928894042969,-19.495309829711914,1479.4478759765625,0.04054258018732071,-0.9917834401130676,-0.12133393436670303,-0.9340190291404724,-0.08075238019227982,0.3479762673377991,-0.3549150824546814,0.09922035038471222,-0.9296185374259949
410,1648569438.3168304,135.79856872558594,-108.62779235839844,1430.570556640625,0.04107287526130676,0.8387303948402405,-0.5429956912994385,-0.9337050318717957,-0.16123917698860168,-0.31968235969543457,-0.3556795120239258,0.5201281309127808,0.7765042185783386
300,1648569438.3544178,301.2267761230469,-22.718687057495117,1552.15234375,0.9968389868736267,-0.017114760354161263,-0.07758298516273499,0.006801906041800976,0.991320788860321,-0.1312892735004425,0.07915660738945007,0.13034655153751373,0.9883036017417908
4,1648569438.354444,95.55943298339844,-19.47027015686035,1479.45263671875,0.043037913739681244,-0.992011547088623,-0.11857861280441284,-0.9335804581642151,-0.08219784498214722,0.34881383180618286,-0.3557742238044739,0.09569045156240463,-0.9296601414680481
410,1648569438.3544624,135.73207092285156,-108.6224594116211,1430.519287109375,0.03944963961839676,0.83878493309021,-0.5430318713188171,-0.9344409704208374,-0.16152414679527283,-0.3173798620700836,-0.3539262115955353,0.5199517607688904,0.7774229645729065
300,1648569438.3871996,301.2361755371094,-22.724014282226562,1552.1434326171875,0.9968163967132568,-0.01710672490298748,-0.07787453383207321,0.006729788612574339,0.9912785291671753,-0.13161128759384155,0.07944679260253906,0.13066820800304413,0.9882378578186035
4,1648569438.3872273,95.75032043457031,-19.265016555786133,1479.2020263671875,0.04161011427640915,-0.9925463199615479,-0.1145443469285965,-0.9325195550918579,-0.0797397643327713,0.3522056043148041,-0.35871413350105286,0.09215953201055527,-0.9288868308067322
410,1648569438.3872464,135.66183471679688,-108.42352294921875,1430.111083984375,0.04025982692837715,0.8403749465942383,-0.5405081510543823,-0.9346991181373596,-0.15951639413833618,-0.317635178565979,-0.3531525731086731,0.5180004239082336,0.7790756225585938
300,1648569438.4219131,301.2244873046875,-22.715330123901367,1552.138671875,0.9968652129173279,-0.0170210562646389,-0.07726573944091797,0.006680667866021395,0.9912055134773254,-0.13216258585453033,0.07883577048778534,0.1312320977449417,0.9882120490074158
4,1648569438.4219391,95.59992980957031,-19.24441146850586,1479.0938720703125,0.042187511920928955,-0.9925480484962463,-0.11431799829006195,-0.9332044124603271,-0.08001423627138138,0.3503245711326599,-0.35686102509498596,0.0919027328491211,-0.9296258091926575
410,1648569438.421961,135.4064178466797,-108.12568664550781,1429.8338623046875,0.040079619735479355,0.8410200476646423,-0.5395172834396362,-0.934306800365448,-0.1598656177520752,-0.31861233711242676,-0.3542096018791199,0.5168445110321045,0.7793633937835693
300,1648569438.4658937,301.2216796875,-22.720840454101562,1552.1524658203125,0.996821403503418,-0.017013924196362495,-0.07783036679029465,0.006620141211897135,0.9912409782409668,-0.13189968466758728,0.07939277589321136,0.1309651881456375,0.9882028698921204
4,1648569438.4659207,95.40714263916016,-19.05162239074707,1478.9376220703125,0.03803609684109688,-0.992714524269104,-0.11432922631502151,-0.9321787357330322,-0.0764666423201561,0.35382992029190063,-0.35999447107315063,0.09311696887016296,-0.9282958507537842
410,1648569438.4659393,135.1042938232422,-107.85952758789062,1429.64599609375,0.03961537778377533,0.8413800597190857,-0.5389900207519531,-0.9335300922393799,-0.16118094325065613,-0.3202221989631653,-0.35630348324775696,0.5158491134643555,0.7790683507919312
300,1648569438.500455,301.22100830078125,-22.718341827392578,1552.15966796875,0.9968574047088623,-0.016989881172776222,-0.07737381756305695,0.006639028899371624,0.9912118911743164,-0.1321171224117279,0.07893850654363632,0.13118824362754822,0.9882096648216248
4,1648569438.500482,95.07012939453125,-19.113428115844727,1479.0111083984375,0.039072901010513306,-0.9923567771911621,-0.11705263704061508,-0.9337949752807617,-0.07795818895101547,0.3492126762866974,-0.3556687831878662,0.09565840661525726,-0.9297038316726685
410,1648569438.5005007,134.84555053710938,-107.4478759765625,1429.650146484375,0.039566267281770706,0.8427996635437012,-0.5367710590362549,-0.9335018396377563,-0.1604182869195938,-0.32068729400634766,-0.3563830256462097,0.5137651562690735,0.7804079055786133
300,1648569438.5447028,301.2109069824219,-22.71399688720703,1552.135498046875,0.9968226552009583,-0.01696963794529438,-0.07782440632581711,0.006597639061510563,0.991275429725647,-0.13164134323596954,0.07937932759523392,0.13070961833000183,0.9882377982139587
4,1648569438.544728,94.88482666015625,-19.003101348876953,1479.012451171875,0.039345137774944305,-0.9919688701629639,-0.12020684033632278,-0.934587836265564,-0.07909773290157318,0.3468271791934967,-0.35354986786842346,0.09869789332151413,-0.9301941990852356
410,1648569438.5447457,134.6229248046875,-106.75774383544922,1429.8895263671875,0.040375784039497375,0.8434849381446838,-0.5356332063674927,-0.9335564970970154,-0.15923120081424713,-0.32111939787864685,-0.356148898601532,0.5130093097686768,0.7810118198394775
300,1648569438.5809758,301.2170715332031,-22.71680450439453,1552.167724609375,0.9968119263648987,-0.017304550856351852,-0.07788758724927902,0.0068976241163909435,0.9912325143814087,-0.13194911181926727,0.07948803156614304,0.13099122047424316,0.9881917834281921
4,1648569438.5810018,94.58966064453125,-19.01161766052246,1479.08056640625,0.042340539395809174,-0.9913917779922485,-0.12389374524354935,-0.9338628053665161,-0.08334597945213318,0.34778401255607605,-0.35511624813079834,0.10097439587116241,-0.9293528199195862
410,1648569438.5810206,134.46717834472656,-105.9052963256836,1430.4552001953125,0.04264404997229576,0.8436213731765747,-0.53524249792099,-0.9318803548812866,-0.1595868319272995,-0.3257776200771332,-0.3602506220340729,0.5126743912696838,0.7793487310409546
300,1648569438.6191976,301.21331787109375,-22.72321891784668,1552.1766357421875,0.9968923926353455,-0.017041165381669998,-0.07691029459238052,0.006756780669093132,0.9912204146385193,-0.1320469230413437,0.07848528772592545,0.13111691176891327,0.9882552623748779
4,1648569438.6192255,94.2400131225586,-19.085124969482422,1479.0523681640625,0.04455236345529556,-0.990998387336731,-0.12624309957027435,-0.9354764223098755,-0.08572966605424881,0.3428327739238739,-0.3505695164203644,0.10282342880964279,-0.9308750629425049
410,1648569438.619246,134.16888427734375,-104.40758514404297,1430.9549560546875,0.038766562938690186,0.8427965044975281,-0.5368344187736511,-0.93397456407547,-0.16042590141296387,-0.3193039894104004,-0.355230450630188,0.5137680172920227,0.7809313535690308
300,1648569438.6562772,301.1956787109375,-22.7088680267334,1552.13134765625,0.9968293309211731,-0.0168323814868927,-0.07776832580566406,0.006484294775873423,0.9913022518157959,-0.13144482672214508,0.07930444926023483,0.13052378594875336,0.9882683753967285
4,1648569438.656303,93.77159881591797,-19.00925636291504,1479.1312255859375,0.03739892691373825,-0.9909335970878601,-0.12904231250286102,-0.9371540546417236,-0.07960766553878784,0.3397130072116852,-0.34690576791763306,0.10822762548923492,-0.9316346645355225
410,1648569438.656321,134.04898071289062,-101.9945068359375,1431.9630126953125,0.045293040573596954,0.8431475758552551,-0.5357711315155029,-0.9334617257118225,-0.1553013175725937,-0.32331201434135437,-0.35580572485923767,0.5147656202316284,0.7800119519233704
300,1648569438.7254457,301.2412414550781,-22.71727752685547,1552.158447265625,0.9968502521514893,-0.01703151874244213,-0.07745648175477982,0.006705359555780888,0.9912710785865784,-0.13166894018650055,0.07902289181947708,0.13073483109474182,0.9882630109786987
4,1648569438.725473,93.94281768798828,-18.805070877075195,1479.01025390625,0.03976891562342644,-0.9912987947463989,-0.12547944486141205,-0.9345257878303528,-0.0813482254743576,0.34647366404533386,-0.3536664545536041,0.10348489880561829,-0.9296294450759888
410,1648569438.725494,134.00643920898438,-102.12483215332031,1431.4462890625,0.0396200530230999,0.8412025570869446,-0.5392666459083557,-0.9306731224060059,-0.1653730273246765,-0.3263423442840576,-0.36370018124580383,0.5148106217384338,0.7763324975967407
300,1648569438.7766414,301.2372741699219,-22.726402282714844,1552.1602783203125,0.9968386888504028,-0.01708168350160122,-0.0775943398475647,0.0067971330136060715,0.9913696646690369,-0.13091956079006195,0.07916100323200226,0.1299782693386078,0.9883517622947693
4,1648569438.776669,94.22335815429688,-18.440570831298828,1478.5870361328125,0.038591668009757996,-0.9918443560600281,-0.12147223204374313,-0.9329139590263367,-0.0793173536658287,0.35125529766082764,-0.3580254316329956,0.09976761043071747,-0.9283664226531982
410,1648569438.7766876,133.86920166015625,-102.15319061279297,1430.6138916015625,0.03775494173169136,0.8418058753013611,-0.5384583473205566,-0.9312965273857117,-0.16572090983390808,-0.32438144087791443,-0.36230000853538513,0.5137113928794861,0.7777141332626343
300,1648569438.8273416,301.244384765625,-22.716304779052734,1552.17236328125,0.9968706965446472,-0.017262648791074753,-0.07714151591062546,0.0070627909153699875,0.9914116859436035,-0.13058730959892273,0.07873328030109406,0.129633828997612,0.9884311556816101
4,1648569438.827369,93.6189956665039,-18.29771614074707,1478.5107421875,0.034643154591321945,-0.9916568994522095,-0.12416287511587143,-0.9318912029266357,-0.07693935930728912,0.35448434948921204,-0.3610798716545105,0.10342583060264587,-0.9267817735671997
410,1648569438.827388,133.5349884033203,-101.76797485351562,1430.5518798828125,0.04451252147555351,0.8446319103240967,-0.53349369764328,-0.9318272471427917,-0.15742239356040955,-0.3269803822040558,-0.3601619303226471,0.5116786956787109,0.7800437808036804
300,1648569438.8780043,301.24151611328125,-22.714967727661133,1552.1185302734375,0.9968637228012085,-0.017090504989027977,-0.07726976275444031,0.006878361571580172,0.991418719291687,-0.13054339587688446,0.07883774489164352,0.12960249185562134,0.988426923751831
4,1648569438.8780317,93.96675872802734,-18.289430618286133,1478.4486083984375,0.039801426231861115,-0.9913827776908875,-0.12480413168668747,-0.9326685667037964,-0.08167731761932373,0.3513661026954651,-0.35853198170661926,0.1024160236120224,-0.9278824329376221
410,1648569438.8780496,133.633544921875,-101.4593505859375,1430.3116455078125,0.041949402540922165,0.8468099236488342,-0.5302388072013855,-0.929993212223053,-0.1608767807483673,-0.3305014967918396,-0.3651750683784485,0.5069828033447266,0.7807788252830505
300,1648569438.928751,301.2391052246094,-22.71392822265625,1552.1514892578125,0.9969006180763245,-0.01694958657026291,-0.07682336866855621,0.006696617696434259,0.9912534356117249,-0.1318020075559616,0.07838542014360428,0.13087904453277588,0.9882947206497192
4,1648569438.9287782,94.55433654785156,-18.110414505004883,1478.2767333984375,0.0477449968457222,-0.9909876585006714,-0.12515553832054138,-0.9311487674713135,-0.08950480818748474,0.3534838557243347,-0.36150017380714417,0.09966133534908295,-0.9270303249359131
410,1648569438.9287987,133.58363342285156,-100.74352264404297,1429.5819091796875,0.03934831544756889,0.8502910137176514,-0.5248398780822754,-0.9280876517295837,-0.16353778541088104,-0.33452755212783813,-0.37027692794799805,0.5002605319023132,0.7827096581459045
300,1648569438.980744,301.24151611328125,-22.717426300048828,1552.1649169921875,0.9969073534011841,-0.01697091944515705,-0.07673165947198868,0.006772111169993877,0.9913236498832703,-0.13126923143863678,0.07829366624355316,0.13034363090991974,0.9883727431297302
4,1648569438.9807851,94.68973541259766,-18.1201114654541,1478.2999267578125,0.0458473302423954,-0.9911842346191406,-0.12430538237094879,-0.9312087297439575,-0.0874486193060875,0.3538403809070587,-0.3615913391113281,0.0995316207408905,-0.9270087480545044
410,1648569438.9808176,133.66571044921875,-100.74095153808594,1429.5738525390625,0.03808889910578728,0.8489999175071716,-0.5270183682441711,-0.9288085103034973,-0.16446083784103394,-0.33206531405448914,-0.3685973286628723,0.5021471977233887,0.7822942137718201
300,1648569439.0231924,301.24151611328125,-22.721059799194336,1552.1539306640625,0.9968701601028442,-0.017107781022787094,-0.07718322426080704,0.0068568279966712,0.9913360476493835,-0.13117091357707977,0.07875855267047882,0.1302311271429062,0.9883506298065186
4,1648569439.0232177,94.1799545288086,-18.10132598876953,1478.2366943359375,0.04435323178768158,-0.9909891486167908,-0.1263856142759323,-0.9316829442977905,-0.086690254509449,0.35277706384658813,-0.36055466532707214,0.10210452228784561,-0.9271326661109924
410,1648569439.0232365,133.6420440673828,-100.93152618408203,1429.9501953125,0.03835337981581688,0.8480650782585144,-0.5285022854804993,-0.9289979934692383,-0.16456282138824463,-0.33148425817489624,-0.36809206008911133,0.5036910772323608,0.7815392017364502
300,1648569439.059759,301.2529602050781,-22.71422004699707,1552.1510009765625,0.9968678951263428,-0.017130063846707344,-0.07720699161291122,0.006849164608865976,0.9912917017936707,-0.13150593638420105,0.07878735661506653,0.13056525588035583,0.9883042573928833
4,1648569439.0597854,93.8653793334961,-18.21135902404785,1478.3819580078125,0.039763327687978745,-0.990564227104187,-0.13115394115447998,-0.9320244789123535,-0.08408626168966293,0.3525052070617676,-0.36020728945732117,0.10822190344333649,-0.926573634147644
410,1648569439.059804,133.8346710205078,-100.95341491699219,1430.081298828125,0.04274308681488037,0.8471719026565552,-0.5295968055725098,-0.9290295839309692,-0.16129563748836517,-0.3329980969429016,-0.3675282895565033,0.5062444806098938,0.7801535129547119
300,1648569439.1078768,301.2600402832031,-22.70693016052246,1552.1949462890625,0.9969286322593689,-0.017151344567537308,-0.07641430199146271,0.0069856466725468636,0.9913095831871033,-0.13136416673660278,0.07800330221652985,0.13042688369750977,0.9883847236633301
4,1648569439.1079268,94.4468994140625,-18.152189254760742,1478.314208984375,0.044243451207876205,-0.9906167387962341,-0.12930957973003387,-0.9309951663017273,-0.08782994002103806,0.3543076515197754,-0.3623403310775757,0.10471079498529434,-0.9261453151702881
410,1648569439.107962,134.3524169921875,-100.99826049804688,1430.118408203125,0.04200177267193794,0.8467395901679993,-0.5303470492362976,-0.9292302131652832,-0.16193175315856934,-0.33212846517562866,-0.3671063184738159,0.5067644715309143,0.7800145745277405
300,1648569439.1600995,301.26470947265625,-22.71133041381836,1552.1842041015625,0.996910035610199,-0.017181970179080963,-0.07664994895458221,0.007019675802439451,0.991366982460022,-0.13092836737632751,0.07823783904314041,0.1299857497215271,0.9884243011474609
4,1648569439.160129,94.49955749511719,-18.320476531982422,1478.545654296875,0.0455891452729702,-0.989692747592926,-0.13575656712055206,-0.9326921701431274,-0.09084223210811615,0.3490458130836487,-0.3577805459499359,0.1107063889503479,-0.9272201657295227
410,1648569439.1601474,134.61849975585938,-101.13493347167969,1430.30859375,0.040749117732048035,0.8462986350059509,-0.5311478972434998,-0.9295722246170044,-0.1628156453371048,-0.33073633909225464,-0.366380900144577,0.5072175860404968,0.7800611257553101
300,1648569439.2092092,301.2674560546875,-22.716262817382812,1552.1761474609375,0.9968683123588562,-0.01703050173819065,-0.07722405344247818,0.006833693478256464,0.9914339780807495,-0.13042990863323212,0.07878383994102478,0.12949371337890625,0.9884454607963562
4,1648569439.2092397,94.77072143554688,-18.265384674072266,1478.5255126953125,0.04997999966144562,-0.9899186491966248,-0.1325257122516632,-0.9312864542007446,-0.09413255751132965,0.3519156873226166,-0.36084288358688354,0.10583065450191498,-0.9266025424003601
410,1648569439.209259,134.76217651367188,-100.96441650390625,1430.266357421875,0.03980211913585663,0.8475261926651001,-0.5292590260505676,-0.9286826252937317,-0.16408789157867432,-0.3326014578342438,-0.3687334358692169,0.5047519207000732,0.7805518507957458
300,1648569439.2610245,301.2683410644531,-22.707290649414062,1552.1390380859375,0.9968154430389404,-0.017175940796732903,-0.07787163555622101,0.006838509812951088,0.9913429617881775,-0.13111981749534607,0.0794496014714241,0.13016973435878754,0.9883034229278564
4,1648569439.2610488,94.90251922607422,-18.215442657470703,1478.4229736328125,0.04646288603544235,-0.9903455376625061,-0.130602166056633,-0.9314743280410767,-0.09018073230981827,0.35245281457901,-0.36082786321640015,0.10527659207582474,-0.9266715049743652
410,1648569439.2610676,134.64907836914062,-100.92992401123047,1430.0860595703125,0.03978351131081581,0.8466901183128357,-0.5305969715118408,-0.928885817527771,-0.16434945166110992,-0.33190426230430603,-0.3682233691215515,0.5060682892799377,0.7799400091171265
300,1648569439.3094769,301.2771911621094,-22.70583152770996,1552.1798095703125,0.9969152212142944,-0.017099788412451744,-0.07660030573606491,0.006839864421635866,0.9911927580833435,-0.13225039839744568,0.07818711549043655,0.13131849467754364,0.9882521033287048
4,1648569439.3095036,94.87992095947266,-18.089998245239258,1478.276611328125,0.046817414462566376,-0.9905662536621094,-0.1287890374660492,-0.9311811923980713,-0.08994349837303162,0.35328710079193115,-0.36153802275657654,0.10338594019412994,-0.926607608795166
410,1648569439.3095229,134.3083038330078,-100.9033203125,1429.9285888671875,0.03772500902414322,0.8499936461448669,-0.5254403948783875,-0.9285860061645508,-0.16444791853427887,-0.332693487405777,-0.3691949248313904,0.5004674792289734,0.7830883860588074
300,1648569439.3618176,301.2870178222656,-22.715314865112305,1552.1737060546875,0.9968392252922058,-0.0172666534781456,-0.07754654437303543,0.0069319200702011585,0.9912770986557007,-0.1316116452217102,0.07914260774850845,0.1306581050157547,0.9882636070251465
4,1648569439.3618422,94.43448638916016,-18.343887329101562,1478.4959716796875,0.04418610408902168,-0.9901623129844666,-0.1327635794878006,-0.9331609606742859,-0.0883607491850853,0.348429411649704,-0.3567327558994293,0.10849405080080032,-0.927885115146637
410,1648569439.3618608,134.19212341308594,-101.17829132080078,1430.20751953125,0.03760321065783501,0.8474971652030945,-0.5294663310050964,-0.9297837018966675,-0.1644819676876068,-0.32931435108184814,-0.3661806285381317,0.5046724081039429,0.7818040251731873
300,1648569439.3974204,301.2774353027344,-22.71059226989746,1552.166015625,0.9969031810760498,-0.01699056662619114,-0.07678099721670151,0.00679398886859417,0.9913381934165955,-0.13115809857845306,0.07834438234567642,0.13023027777671814,0.9883836507797241
4,1648569439.3974457,94.2331314086914,-18.310876846313477,1478.5284423828125,0.04559585079550743,-0.9899827837944031,-0.13362298905849457,-0.9328761696815491,-0.09003983438014984,0.3487618565559387,-0.3572996258735657,0.10875160992145538,-0.9276368021965027
410,1648569439.39747,133.8661651611328,-101.17059326171875,1430.2225341796875,0.037367239594459534,0.8498682379722595,-0.5256687998771667,-0.9284809231758118,-0.16497662663459778,-0.33272501826286316,-0.3694954812526703,0.5005064606666565,0.7829216718673706
300,1648569439.4339652,301.2700500488281,-22.710145950317383,1552.1822509765625,0.9968918561935425,-0.017005080357193947,-0.07692531496286392,0.006704718340188265,0.9911969304084778,-0.13222572207450867,0.07849664986133575,0.1312989741563797,0.9882301688194275
4,1648569439.4339893,94.47047424316406,-18.202730178833008,1478.4720458984375,0.042812567204236984,-0.9903875589370728,-0.13152776658535004,-0.9318912029266357,-0.08704933524131775,0.35213804244995117,-0.36020252108573914,0.10749363154172897,-0.9266602396965027
410,1648569439.4340074,133.8234100341797,-101.19961547851562,1430.1865234375,0.034322340041399,0.8490439653396606,-0.5272061824798584,-0.9289385080337524,-0.16747604310512543,-0.3301893472671509,-0.36863967776298523,0.5010749697685242,0.7829614281654358
300,1648569439.4826205,301.2674560546875,-22.715133666992188,1552.1776123046875,0.996914267539978,-0.017037641257047653,-0.07662700861692429,0.0068335277028381824,0.9912919402122498,-0.13150499761104584,0.07820027321577072,0.13057558238506317,0.9883494973182678
4,1648569439.4826484,94.30414581298828,-18.45223045349121,1478.7598876953125,0.04216628894209862,-0.9896591305732727,-0.13710130751132965,-0.9329796433448792,-0.08809705823659897,0.34898117184638977,-0.3574506342411041,0.11319748312234879,-0.9270465970039368
410,1648569439.482667,133.75167846679688,-101.47537994384766,1430.375244140625,0.03637023642659187,0.8495837450027466,-0.5261982679367065,-0.9295114874839783,-0.16460855305194855,-0.3300187587738037,-0.36699533462524414,0.5011101961135864,0.7837110161781311
300,1648569439.5348501,301.269775390625,-22.722532272338867,1552.1756591796875,0.9969003200531006,-0.0171674694865942,-0.076778843998909,0.0070174019783735275,0.99141526222229,-0.13056252896785736,0.0783611461520195,0.1296190470457077,0.9884626865386963
4,1648569439.5348742,93.8381576538086,-18.718372344970703,1479.073974609375,0.041211798787117004,-0.9894821047782898,-0.13866069912910461,-0.9343932271003723,-0.0873166024684906,0.34537678956985474,-0.3538515269756317,0.11533002555370331,-0.9281638264656067
410,1648569439.5348926,133.7988739013672,-101.91594696044922,1431.2098388671875,0.03922782093286514,0.8458811044692993,-0.5319269895553589,-0.9306155443191528,-0.16293388605117798,-0.3277305066585541,-0.36388999223709106,0.5078756809234619,0.7807985544204712
300,1648569439.5702136,301.27227783203125,-22.717256546020508,1552.1292724609375,0.9968587160110474,-0.01711626723408699,-0.07732872664928436,0.006993905641138554,0.991578221321106,-0.1293203979730606,0.07889096438884735,0.12837333977222443,0.9885830879211426
4,1648569439.5702403,93.75305938720703,-18.825428009033203,1479.2039794921875,0.04418889805674553,-0.9893848299980164,-0.1384379118680954,-0.9347580075263977,-0.08984590321779251,0.34373709559440613,-0.35252633690834045,0.11421657353639603,-0.9288055300712585
410,1648569439.5702598,133.7954559326172,-101.89046478271484,1431.422119140625,0.03985670953989029,0.8456704020500183,-0.5322151780128479,-0.9303351640701294,-0.16291387379169464,-0.32853540778160095,-0.36453792452812195,0.508232831954956,0.7802637219429016
300,1648569439.6047757,301.2637634277344,-22.723628997802734,1552.2021484375,0.9969344735145569,-0.017033785581588745,-0.07636460661888123,0.006954753305763006,0.991442859172821,-0.1303560882806778,0.07793160527944565,0.12942537665367126,0.9885219931602478
4,1648569439.6048038,93.8728256225586,-18.719934463500977,1479.115234375,0.039305612444877625,-0.9897382855415344,-0.13737984001636505,-0.9340487122535706,-0.0852348580956459,0.34682556986808777,-0.354976087808609,0.11468727886676788,-0.9278140068054199
410,1648569439.604824,133.61880493164062,-101.87728118896484,1431.1624755859375,0.039108432829380035,0.8475717306137085,-0.5292378664016724,-0.93046635389328,-0.16219860315322876,-0.32851776480674744,-0.3642840087413788,0.5052857995033264,0.7822936773300171
300,1648569439.6588604,301.26220703125,-22.717761993408203,1552.1611328125,0.996844470500946,-0.017228951677680016,-0.0774870365858078,0.006982929538935423,0.9914101362228394,-0.13060328364372253,0.07907158881425858,0.1296500861644745,0.9884020090103149
4,1648569439.6588862,94.0184555053711,-18.760913848876953,1479.178466796875,0.03917130455374718,-0.9896933436393738,-0.13774137198925018,-0.9342799186706543,-0.08516351133584976,0.34621986746788025,-0.3543820381164551,0.11512711644172668,-0.9279866218566895
410,1648569439.658919,133.4853515625,-101.92066192626953,1431.08984375,0.0361422598361969,0.8475512862205505,-0.5294814109802246,-0.9310306906700134,-0.16397398710250854,-0.3260282576084137,-0.3631468415260315,0.5047468543052673,0.7831698060035706
300,1648569439.7074382,301.2554931640625,-22.712066650390625,1552.1651611328125,0.9968805313110352,-0.017150845378637314,-0.07703962922096252,0.006928174756467342,0.9913517236709595,-0.13104888796806335,0.07862096279859543,0.1301063448190689,0.9883779883384705
4,1648569439.707483,94.05854797363281,-18.65439796447754,1479.010498046875,0.04231083020567894,-0.9903496503829956,-0.13197501003742218,-0.9334368109703064,-0.08628232032060623,0.3482111692428589,-0.35623791813850403,0.10845723748207092,-0.9280794858932495
410,1648569439.7075162,133.3094482421875,-101.99297332763672,1431.07373046875,0.03713485598564148,0.8481905460357666,-0.5283879041671753,-0.9311527013778687,-0.16255928575992584,-0.32638800144195557,-0.3627335727214813,0.5041301846504211,0.7837583422660828
300,1648569439.7598114,301.258544921875,-22.722043991088867,1552.2166748046875,0.9969186186790466,-0.017017316073179245,-0.07657428830862045,0.006903034169226885,0.9914298057556152,-0.1304577887058258,0.0781380757689476,0.12952719628810883,0.9884923696517944
4,1648569439.759837,93.88639831542969,-18.792478561401367,1479.16015625,0.044033218175172806,-0.9900109767913818,-0.13393764197826385,-0.9346853494644165,-0.08816197514533997,0.3443700969219208,-0.3527383804321289,0.11002583056688309,-0.929230809211731
410,1648569439.7598555,133.45806884765625,-102.09889221191406,1431.25,0.03545943275094032,0.847392201423645,-0.5297820568084717,-0.9313953518867493,-0.16414818167686462,-0.32489705085754395,-0.362278014421463,0.5049571990966797,0.7834365367889404
300,1648569439.8088944,301.2552490234375,-22.720760345458984,1552.1842041015625,0.9968993663787842,-0.017091823741793633,-0.07680799067020416,0.006864520255476236,0.9912932515144348,-0.13149377703666687,0.07838670909404755,0.1305588185787201,0.9883369207382202
4,1648569439.808922,94.06668090820312,-18.727432250976562,1479.1160888671875,0.04663426801562309,-0.9898470640182495,-0.1342685967683792,-0.9335724115371704,-0.09100360423326492,0.3466423749923706,-0.3553418815135956,0.10918403416872025,-0.9283377528190613
410,1648569439.8089418,133.29873657226562,-101.79347229003906,1430.9765625,0.0359240397810936,0.8500147461891174,-0.5255324840545654,-0.9301762580871582,-0.163811594247818,-0.32853907346725464,-0.3653513789176941,0.5006402730941772,0.7847787737846375
300,1648569439.8608086,301.2497253417969,-22.7122802734375,1552.19921875,0.996956467628479,-0.016965588554739952,-0.07609186321496964,0.0068558924831449986,0.9913317561149597,-0.13120326399803162,0.07765822112560272,0.13028225302696228,0.988430917263031
4,1648569439.8608332,94.26876068115234,-18.685760498046875,1479.1295166015625,0.041875533759593964,-0.9899675846099854,-0.13494689762592316,-0.9338403344154358,-0.08680220693349838,0.34699803590774536,-0.35523051023483276,0.11148812621831894,-0.9281064867973328
410,1648569439.8608518,133.3744354248047,-101.69247436523438,1430.9183349609375,0.035513851791620255,0.8499307036399841,-0.5256962180137634,-0.9298914074897766,-0.16460509598255157,-0.328948438167572,-0.36611565947532654,0.5005226731300354,0.7844975590705872
300,1648569439.9092493,301.2588806152344,-22.70940589904785,1552.1771240234375,0.9969049096107483,-0.01713656820356846,-0.07672644406557083,0.00697100255638361,0.991378128528595,-0.13084657490253448,0.07830718159675598,0.12990672886371613,0.9884291887283325
4,1648569439.909276,94.5011215209961,-18.526071548461914,1478.9151611328125,0.04353014752268791,-0.9901016354560852,-0.1334313005208969,-0.9327054619789124,-0.08813464641571045,0.34970390796661377,-0.35800230503082275,0.1092294454574585,-0.9273096919059753
410,1648569439.9092958,133.3170928955078,-101.40070343017578,1430.6815185546875,0.03226317837834358,0.8529189825057983,-0.5210453867912292,-0.9289514422416687,-0.16676871478557587,-0.33051079511642456,-0.3687930107116699,0.4946891963481903,0.7869398593902588
300,1648569439.9616263,301.25054931640625,-22.71355438232422,1552.1893310546875,0.9969442486763,-0.017035609111189842,-0.07623621821403503,0.006910724565386772,0.991338312625885,-0.13115084171295166,0.07781011611223221,0.13022322952747345,0.9884268045425415
4,1648569439.961651,94.23741912841797,-18.632970809936523,1479.03955078125,0.04202941060066223,-0.9900113940238953,-0.13457685708999634,-0.9335164427757263,-0.0869145616889,0.3478403687477112,-0.3560626208782196,0.11101018637418747,-0.9278448820114136
410,1648569439.9616692,132.946044921875,-101.10308074951172,1430.4716796875,0.034652482718229294,0.8536583781242371,-0.5196793675422668,-0.9289519190788269,-0.16425839066505432,-0.33176425099372864,-0.3685750365257263,0.49425357580184937,0.7873156070709229
300,1648569440.0106697,301.2477722167969,-22.704265594482422,1552.1343994140625,0.9968740940093994,-0.017029564827680588,-0.07714950293302536,0.006751736160367727,0.9912840127944946,-0.1315692663192749,0.07871763408184052,0.13063710927963257,0.9883003234863281
4,1648569440.0107112,94.21585845947266,-18.721790313720703,1478.99853515625,0.04545911028981209,-0.9902374148368835,-0.13176997005939484,-0.9340301752090454,-0.08891413360834122,0.34595075249671936,-0.35428959131240845,0.10735051333904266,-0.9289535880088806
410,1648569440.0107315,132.67893981933594,-101.07719421386719,1430.4072265625,0.031744230538606644,0.8540985584259033,-0.5191415548324585,-0.9282580018043518,-0.16738444566726685,-0.33214378356933594,-0.3705797493457794,0.49244096875190735,0.787510335445404
300,1648569440.063357,301.2518615722656,-22.707181930541992,1552.16455078125,0.9969291687011719,-0.017001936212182045,-0.07644080370664597,0.0068547651171684265,0.991346001625061,-0.1310960203409195,0.07800816744565964,0.13016946613788605,0.9884182214736938
4,1648569440.063381,94.03248596191406,-18.69914436340332,1478.95751953125,0.04286912456154823,-0.9901163578033447,-0.13353592157363892,-0.9339590668678284,-0.08718099445104599,0.3465832769870758,-0.3547995686531067,0.10985936969518661,-0.9284654855728149
410,1648569440.0633988,132.33758544921875,-101.1458511352539,1430.5113525390625,0.03177354112267494,0.8542743921279907,-0.5188503861427307,-0.9291753768920898,-0.16602426767349243,-0.33025604486465454,-0.36827102303504944,0.49259641766548157,0.7884955406188965
300,1648569440.1121695,301.258056640625,-22.706687927246094,1552.21484375,0.9969393610954285,-0.016994226723909378,-0.07630951702594757,0.0068039423786103725,0.9912447333335876,-0.13186192512512207,0.0778822973370552,0.13093912601470947,0.9883264899253845
4,1648569440.1121955,93.78516387939453,-18.84904670715332,1479.292724609375,0.03771909698843956,-0.9896969199180603,-0.13812045753002167,-0.935886025428772,-0.08343631029129028,0.3422801196575165,-0.350277841091156,0.11635451018810272,-0.9293906688690186
410,1648569440.1122148,132.15536499023438,-101.41529846191406,1430.951904296875,0.029198328033089638,0.8558324575424194,-0.5164283514022827,-0.9290434718132019,-0.16739434003829956,-0.3299354612827301,-0.36881664395332336,0.4894179403781891,0.790217936038971
300,1648569440.1628597,301.2591857910156,-22.704927444458008,1552.2220458984375,0.9968872666358948,-0.01715851202607155,-0.07695024460554123,0.006953106261789799,0.9913608431816101,-0.13097833096981049,0.07853285223245621,0.13003557920455933,0.9883943200111389
4,1648569440.1628869,93.6501235961914,-18.924898147583008,1479.5169677734375,0.040708739310503006,-0.9890309572219849,-0.14198797941207886,-0.9350758194923401,-0.08778798580169678,0.34340426325798035,-0.35210227966308594,0.11878997087478638,-0.9283926486968994
410,1648569440.162905,132.0857391357422,-101.56526184082031,1431.135009765625,0.02977517805993557,0.855096161365509,-0.5176137685775757,-0.929875910282135,-0.16626369953155518,-0.3281571567058563,-0.366666316986084,0.49108752608299255,0.7901827692985535
300,1648569440.2135108,301.25408935546875,-22.704299926757812,1552.142333984375,0.9968175888061523,-0.01714242808520794,-0.07785114645957947,0.006887783762067556,0.9914736151695251,-0.1301252692937851,0.07941802591085434,0.12917494773864746,0.9884364604949951
4,1648569440.2135377,93.46076965332031,-19.08213233947754,1479.652099609375,0.03923005983233452,-0.9887579679489136,-0.14428691565990448,-0.93654465675354,-0.0867229476571083,0.3396517038345337,-0.3483463227748871,0.12180658429861069,-0.9294180870056152
410,1648569440.2135577,131.90956115722656,-101.72408294677734,1431.34716796875,0.028786052018404007,0.8557113409042358,-0.5166522264480591,-0.9301801323890686,-0.16630589962005615,-0.3272725045681,-0.3659730851650238,0.49000048637390137,0.7911783456802368
300,1648569440.2641876,301.249755859375,-22.704235076904297,1552.2320556640625,0.9968717098236084,-0.017163321375846863,-0.07715041935443878,0.0069039082154631615,0.9913150668144226,-0.13132718205451965,0.0787343829870224,0.1303837150335312,0.9883324503898621
4,1648569440.2642143,93.3937759399414,-19.029647827148438,1479.5311279296875,0.04060496389865875,-0.988801896572113,-0.1436036229133606,-0.9358913898468018,-0.08797409385442734,0.34112730622291565,-0.3499407470226288,0.12054593861103058,-0.9289833903312683
410,1648569440.2642322,131.74388122558594,-101.71247863769531,1431.3929443359375,0.030796285718679428,0.8557825684547424,-0.5164182782173157,-0.9305439591407776,-0.16406340897083282,-0.3273701071739197,-0.3648829758167267,0.49063166975975037,0.7912907004356384
300,1648569440.31483,301.2506103515625,-22.70799446105957,1552.2005615234375,0.9968652129173279,-0.017117435112595558,-0.07724437117576599,0.006853417959064245,0.9913277626037598,-0.1312335729598999,0.07882087677717209,0.13029280304908752,0.988337516784668
4,1648569440.3148565,93.31663513183594,-19.094575881958008,1479.680419921875,0.03771865367889404,-0.9889653325080872,-0.14326520264148712,-0.9367075562477112,-0.08492934703826904,0.33965566754341125,-0.34807509183883667,0.12138623744249344,-0.9295746684074402
410,1648569440.3148766,131.68112182617188,-101.71654510498047,1431.45458984375,0.028600722551345825,0.8572723269462585,-0.5140682458877563,-0.9302306175231934,-0.16540397703647614,-0.32758593559265137,-0.3658592998981476,0.48757120966911316,0.7927302718162537
300,1648569440.3654366,301.2322692871094,-22.70669937133789,1552.154541015625,0.996884286403656,-0.016972867771983147,-0.07703026384115219,0.006747526582330465,0.9913448095321655,-0.1311103105545044,0.07858887314796448,0.13018204271793365,0.9883705973625183
4,1648569440.365464,93.27667999267578,-19.21173667907715,1479.9066162109375,0.04035177826881409,-0.9886260628700256,-0.14487989246845245,-0.9366303086280823,-0.08792440593242645,0.33910611271858215,-0.34798765182495117,0.12201536446809769,-0.9295250773429871
410,1648569440.3654969,131.73544311523438,-101.5665054321289,1431.49951171875,0.031943172216415405,0.8569273948669434,-0.5144463777542114,-0.9299209117889404,-0.1631893366575241,-0.32956990599632263,-0.3663696348667145,0.4889219403266907,0.7916619181632996
300,1648569440.3994741,301.2536926269531,-22.69986343383789,1552.2476806640625,0.9969596266746521,-0.017058713361620903,-0.07602959126234055,0.006925209891051054,0.9912782311439514,-0.13160370290279388,0.07761146873235703,0.13067705929279327,0.9883825182914734
4,1648569440.3995001,93.55812072753906,-19.190370559692383,1479.8555908203125,0.04199613630771637,-0.9886355400085449,-0.1443469524383545,-0.9366046786308289,-0.08925702422857285,0.3388286828994751,-0.3478620648384094,0.12096653878688812,-0.9297091364860535
410,1648569440.3995192,131.99411010742188,-101.49876403808594,1431.3717041015625,0.03087093122303486,0.8572481274604797,-0.5139772891998291,-0.9298681616783142,-0.16396991908550262,-0.32933127880096436,-0.36659541726112366,0.4880979061126709,0.7920657992362976
300,1648569440.4406645,301.25714111328125,-22.708547592163086,1552.1954345703125,0.9968071579933167,-0.017201125621795654,-0.07797154039144516,0.0069161634892225266,0.9914500117301941,-0.13030363619327545,0.0795462504029274,0.12934833765029907,0.9884034395217896
4,1648569440.4406922,94.05309295654297,-18.856746673583984,1479.4449462890625,0.045114461332559586,-0.9888321757316589,-0.1420409083366394,-0.9348448514938354,-0.09191487729549408,0.34295305609703064,-0.352178692817688,0.11731406301259995,-0.9285513162612915
