4,1648569899.6710734,129.16851806640625,22.698850631713867,1432.9378662109375,-0.24568869173526764,-0.9431292414665222,0.22392910718917847,-0.7077671885490417,0.332383394241333,0.6233673691749573,-0.6623463034629822,-0.005335363559424877,-0.7491788268089294
300,1648569899.6711142,300.968994140625,-22.73783302307129,1551.056396484375,0.9966703653335571,-0.013469716534018517,-0.08041618764400482,0.0021852024365216494,0.9903187155723572,-0.13879525661468506,0.08150719106197357,0.13815738260746002,0.9870507121086121
410,1648569899.6711335,69.69606018066406,-97.23969268798828,1296.043212890625,-0.2623039186000824,0.9638497829437256,0.04680025577545166,-0.7225053906440735,-0.16401265561580658,-0.6716292500495911,-0.6396738886833191,-0.2099844068288803,0.7394077777862549
4,1648569899.7107556,129.27786254882812,22.7656192779541,1432.8670654296875,-0.2448355257511139,-0.9435393214225769,0.22313469648361206,-0.7071331739425659,0.3312252163887024,0.6247019171714783,-0.6633386611938477,-0.004836731124669313,-0.7483037114143372
300,1648569899.710781,300.9647521972656,-22.75257110595703,1551.05224609375,0.9967139959335327,-0.013387387618422508,-0.07988741993904114,0.0021847866009920835,0.9903320670127869,-0.13869959115982056,0.08097189664840698,0.138069286942482,0.9871070981025696
410,1648569899.7108004,70.11383819580078,-94.56575775146484,1297.7066650390625,-0.26344650983810425,0.9634566903114319,0.04844784736633301,-0.7199670672416687,-0.1629440039396286,-0.6746085286140442,-0.6420617699623108,-0.2126041203737259,0.7365841269493103
4,1648569899.7451136,129.37901306152344,22.821353912353516,1432.809814453125,-0.24377425014972687,-0.9434344172477722,0.2247345894575119,-0.7072247266769409,0.33149129152297974,0.6244571208953857,-0.6636319160461426,-0.006711295805871487,-0.7480291724205017
300,1648569899.7451375,300.9653625488281,-22.750898361206055,1551.052978515625,0.9966387748718262,-0.013465370051562786,-0.08080751448869705,0.002127573126927018,0.9903206825256348,-0.13878180086612701,0.08189409971237183,0.1381434053182602,0.9870206713676453
410,1648569899.7451558,70.5077896118164,-92.00138092041016,1299.210205078125,-0.26440632343292236,0.9631204605102539,0.0498829260468483,-0.7183246612548828,-0.16216199100017548,-0.6765450239181519,-0.6435052156448364,-0.214714914560318,0.7347097992897034
4,1648569899.7831528,129.46051025390625,22.83807373046875,1432.78662109375,-0.24313680827617645,-0.9434790015220642,0.22523726522922516,-0.7075353860855103,0.3313450813293457,0.6241827607154846,-0.6635346412658691,-0.007601521909236908,-0.7481069564819336
300,1648569899.783179,300.9710388183594,-22.7425537109375,1551.0732421875,0.9966639280319214,-0.013499421067535877,-0.08049050718545914,0.00218173093162477,0.990280270576477,-0.13906928896903992,0.08158551156520844,0.13842974603176117,0.9870060682296753
410,1648569899.7831976,71.0429458618164,-88.60569763183594,1301.0782470703125,-0.26658812165260315,0.9624406695365906,0.05136885121464729,-0.7157658338546753,-0.16200517117977142,-0.6792890429496765,-0.6454533934593201,-0.2178584635257721,0.732070803642273
4,1648569899.8341444,129.38674926757812,22.9448184967041,1432.71923828125,-0.24374926090240479,-0.9433848857879639,0.22496932744979858,-0.706028401851654,0.33163994550704956,0.6257306933403015,-0.6649137139320374,-0.0063133384101092815,-0.7468935251235962
300,1648569899.834171,300.9801330566406,-22.749204635620117,1551.0648193359375,0.9966345429420471,-0.01348053477704525,-0.08085713535547256,0.0021343575790524483,0.9903183579444885,-0.13879846036434174,0.08194538205862045,0.13815876841545105,0.9870142340660095
410,1648569899.8341916,71.96369934082031,-83.47683715820312,1303.8594970703125,-0.2696138024330139,0.9615827798843384,0.0516425259411335,-0.7103573083877563,-0.16239339113235474,-0.6848509907722473,-0.6501545310020447,-0.221329927444458,0.7268508672714233
4,1648569899.8702898,129.20025634765625,23.178346633911133,1432.653564453125,-0.24517583847045898,-0.9431968331336975,0.2242065668106079,-0.7041865587234497,0.3322100043296814,0.6275012493133545,-0.6663408279418945,-0.004035111982375383,-0.7456364035606384
300,1648569899.8703167,300.96875,-22.74136734008789,1551.042236328125,0.9966568946838379,-0.01337076909840107,-0.08059953153133392,0.002043448854237795,0.9902886152267456,-0.13901200890541077,0.08167549222707748,0.13838258385658264,0.9870052337646484
410,1648569899.8703358,72.6272201538086,-79.41815948486328,1306.177734375,-0.2712537944316864,0.9611073136329651,0.05190454050898552,-0.7070403099060059,-0.16237789392471313,-0.6882785558700562,-0.6530814170837402,-0.22339677810668945,0.7235872745513916
4,1648569899.917758,128.92568969726562,23.338666915893555,1432.624755859375,-0.24747520685195923,-0.9429489374160767,0.22271794080734253,-0.7029391527175903,0.33293578028678894,0.6285143494606018,-0.6668077111244202,-0.0010154428891837597,-0.7452291250228882
300,1648569899.917784,300.93603515625,-22.748401641845703,1550.9468994140625,0.9967164397239685,-0.013192521408200264,-0.07988893985748291,0.0019858265295624733,0.9903237223625183,-0.13876216113567352,0.08094653487205505,0.13814789056777954,0.9870981574058533
410,1648569899.9178023,73.88540649414062,-74.06356811523438,1309.5784912109375,-0.27292537689208984,0.9607633352279663,0.04945242404937744,-0.7020707726478577,-0.16376706957817078,-0.693020224571228,-0.6577297449111938,-0.2238619029521942,0.7192200422286987
4,1648569899.9540114,128.76339721679688,23.40532684326172,1432.6800537109375,-0.2488420605659485,-0.9427863955497742,0.22188147902488708,-0.7021826505661011,0.33339646458625793,0.6291154623031616,-0.6670960187911987,0.0007490611169487238,-0.7449713349342346
300,1648569899.954038,300.94183349609375,-22.743947982788086,1550.9854736328125,0.9966378211975098,-0.013530690222978592,-0.08080856502056122,0.002172464970499277,0.9902870059013367,-0.13902123272418976,0.08190472424030304,0.13837826251983643,0.9869868755340576
410,1648569899.9540563,74.79757690429688,-70.03327941894531,1312.4329833984375,-0.27460992336273193,0.9602981805801392,0.04916122555732727,-0.6985479593276978,-0.16410298645496368,-0.6964918971061707,-0.6607723832130432,-0.2256050556898117,0.7158786058425903
4,1648569899.9946256,128.4449005126953,23.593473434448242,1432.583984375,-0.25104042887687683,-0.9423689246177673,0.22117744386196136,-0.7012691497802734,0.33456265926361084,0.6295152306556702,-0.6672333478927612,0.002928867470473051,-0.7448430061340332
300,1648569899.9946516,300.9505310058594,-22.749881744384766,1551.0382080078125,0.99669349193573,-0.013351785950362682,-0.08014838397502899,0.002125696511939168,0.9903535842895508,-0.13854703307151794,0.08122508972883224,0.13791856169700623,0.9871073961257935
410,1648569899.9946723,75.93102264404297,-65.4936294555664,1315.744384765625,-0.2745031416416168,0.9603732228279114,0.048283472657203674,-0.6959038376808167,-0.1637563854455948,-0.6992150545120239,-0.6636006832122803,-0.22553737461566925,0.7132790684700012
4,1648569900.0297909,128.27951049804688,23.694927215576172,1432.5146484375,-0.25270912051200867,-0.9420727491378784,0.220537930727005,-0.7002242207527161,0.33537355065345764,0.6302464604377747,-0.6677006483078003,0.004843028727918863,-0.7444141507148743
300,1648569900.029815,300.9563903808594,-22.750444412231445,1551.014892578125,0.9966282248497009,-0.013443896546959877,-0.08094090968370438,0.0021005228627473116,0.990342378616333,-0.1386273056268692,0.08202290534973145,0.13798987865447998,0.9870314002037048
410,1648569900.0298333,77.1381607055664,-62.0151481628418,1318.57958984375,-0.2738020122051239,0.960713803768158,0.04540269449353218,-0.6950254440307617,-0.16500940918922424,-0.6997939348220825,-0.6648098230361938,-0.2231610119342804,0.7129004597663879
4,1648569900.0716162,128.26454162597656,23.682493209838867,1432.55029296875,-0.2537446618080139,-0.9418607354164124,0.22025439143180847,-0.7002289891242981,0.3359566330909729,0.6299305558204651,-0.6673027873039246,0.005613013636320829,-0.7447654008865356
300,1648569900.0716429,300.9646911621094,-22.75025177001953,1550.981201171875,0.9965607523918152,-0.013499466702342033,-0.08175855875015259,0.0020715740974992514,0.9903914928436279,-0.13827674090862274,0.08283964544534683,0.13763180375099182,0.9870132207870483
410,1648569900.0716624,78.52980041503906,-58.28424072265625,1321.7503662109375,-0.2737208902835846,0.9607637524604797,0.04483163729310036,-0.6934252977371216,-0.16482621431350708,-0.7014226317405701,-0.6665120124816895,-0.22308140993118286,0.7113342881202698
4,1648569900.1044877,128.25782775878906,23.700149536132812,1432.520263671875,-0.2528371214866638,-0.941968560218811,0.22083629667758942,-0.6996172070503235,0.3356642425060272,0.6307656168937683,-0.6682882308959961,0.0049800812266767025,-0.7438858151435852
300,1648569900.1045132,300.9740295410156,-22.75092315673828,1551.0220947265625,0.9966081976890564,-0.013479815796017647,-0.0811811089515686,0.002132649999111891,0.9903923273086548,-0.13826973736286163,0.08226499706506729,0.13762761652469635,0.9870618581771851
410,1648569900.104533,79.5654296875,-55.705116271972656,1324.0010986328125,-0.2737028896808624,0.9607483744621277,0.045268841087818146,-0.6931155920028687,-0.1643892079591751,-0.7018311619758606,-0.666841447353363,-0.22346974909305573,0.710903525352478
4,1648569900.1541002,128.33909606933594,23.649438858032227,1432.5675048828125,-0.2523282766342163,-0.9417489767074585,0.22234953939914703,-0.7000522613525391,0.33630049228668213,0.6299434900283813,-0.6680248975753784,0.0032962479162961245,-0.7441316246986389
300,1648569900.1541264,300.98468017578125,-22.75162696838379,1551.066162109375,0.9965908527374268,-0.013564678840339184,-0.08138003945350647,0.002106382977217436,0.9902531504631042,-0.13926343619823456,0.08247590065002441,0.13861724734306335,0.9869057536125183
410,1648569900.1541467,81.1604232788086,-52.77663803100586,1327.0035400390625,-0.27151814103126526,0.9614696502685547,0.043058838695287704,-0.6938177347183228,-0.1645350307226181,-0.7011028528213501,-0.667004406452179,-0.220237135887146,0.7117589116096497
4,1648569900.190406,128.48008728027344,23.57059097290039,1432.60986328125,-0.25126898288726807,-0.9417364001274109,0.22359879314899445,-0.7009645104408264,0.3363493084907532,0.6289020776748657,-0.6674672961235046,0.001288763014599681,-0.7446379661560059
300,1648569900.1904318,300.9806213378906,-22.751131057739258,1551.0933837890625,0.996679961681366,-0.013457207940518856,-0.08029936999082565,0.002212623367086053,0.9903587102890015,-0.13850900530815125,0.08138912171125412,0.13787147402763367,0.9871004223823547
410,1648569900.19045,82.4936294555664,-51.05305862426758,1329.0802001953125,-0.26934805512428284,0.9621908068656921,0.04050262272357941,-0.6950704455375671,-0.16511821746826172,-0.6997235417366028,-0.6665798425674438,-0.21662133932113647,0.7132647037506104
4,1648569900.2350006,128.6833953857422,23.489721298217773,1432.6141357421875,-0.24991075694561005,-0.9421288371086121,0.22346793115139008,-0.7013494968414307,0.33525076508522034,0.6290594339370728,-0.6675728559494019,0.0004796032444573939,-0.7445443272590637
300,1648569900.235026,300.98358154296875,-22.74666404724121,1551.076171875,0.9966486692428589,-0.013459254056215286,-0.08068641275167465,0.002135432092472911,0.9903157949447632,-0.13881687819957733,0.08177340030670166,0.13817934691905975,0.9870256185531616
410,1648569900.2350438,83.5538558959961,-49.9611930847168,1330.533203125,-0.26672396063804626,0.9629116654396057,0.04073683172464371,-0.6969489455223083,-0.16351374983787537,-0.6982302069664001,-0.6656729578971863,-0.21462620794773102,0.7147133350372314
4,1648569900.2693727,128.86233520507812,23.392223358154297,1432.628662109375,-0.2483903467655182,-0.9424077272415161,0.22398649156093597,-0.7019692063331604,0.3344646692276001,0.6287866234779358,-0.6674889326095581,-0.0010470874840393662,-0.7446189522743225
300,1648569900.269399,300.9903259277344,-22.744373321533203,1551.0848388671875,0.9966922402381897,-0.013431581668555737,-0.08015116304159164,0.0021290602162480354,0.9902247190475464,-0.13946481049060822,0.08124089986085892,0.13883285224437714,0.9869778752326965
410,1648569900.269419,83.97428894042969,-49.88884735107422,1330.8895263671875,-0.26518896222114563,0.9632667899131775,0.042330749332904816,-0.6980569958686829,-0.1615208238363266,-0.6975868940353394,-0.6651250123977661,-0.21454162895679474,0.7152486443519592
4,1648569900.3115022,129.05416870117188,23.298152923583984,1432.611328125,-0.24667464196681976,-0.9427077174186707,0.2246190756559372,-0.7025735378265381,0.3336082994937897,0.628566563129425,-0.6674893498420715,-0.0027600042521953583,-0.7446142435073853
300,1648569900.3115284,300.99957275390625,-22.74329376220703,1551.091796875,0.9967053532600403,-0.01344095729291439,-0.07998594641685486,0.0022530534770339727,0.9903808832168579,-0.1383497565984726,0.08107610791921616,0.1377137303352356,0.9871482253074646
410,1648569900.3115482,84.21986389160156,-50.555458068847656,1330.5897216796875,-0.2628914713859558,0.9638606309890747,0.04313631355762482,-0.6990553736686707,-0.1594703048467636,-0.6970586776733398,-0.6649884581565857,-0.21340546011924744,0.7157153487205505
4,1648569900.3459036,129.15597534179688,23.32750129699707,1432.5694580078125,-0.24558044970035553,-0.9430822730064392,0.22424568235874176,-0.7027187347412109,0.3325449526309967,0.6289675831794739,-0.6677399277687073,-0.0031195024494081736,-0.7443881034851074
300,1648569900.3459344,301.00079345703125,-22.74542808532715,1551.082275390625,0.9966815710067749,-0.013541698455810547,-0.08026488870382309,0.002310831332579255,0.9903745651245117,-0.13839414715766907,0.0813663974404335,0.13774941861629486,0.9871193766593933
410,1648569900.345954,84.09664154052734,-51.697025299072266,1329.645263671875,-0.2614695429801941,0.9641923308372498,0.04434865713119507,-0.7000560760498047,-0.15780822932720184,-0.6964324116706848,-0.6644961833953857,-0.21314239501953125,0.7162507176399231
4,1648569900.384713,129.2948760986328,23.303224563598633,1432.5455322265625,-0.24461503326892853,-0.9434090852737427,0.2239258736371994,-0.7031851410865784,0.33161160349845886,0.6289390921592712,-0.6676032543182373,-0.0036133809480816126,-0.7445084452629089
300,1648569900.3847399,300.997802734375,-22.750579833984375,1551.07080078125,0.9967002272605896,-0.013530807569622993,-0.08003472536802292,0.002254901919513941,0.9902432560920715,-0.1393311470746994,0.08113911747932434,0.13869091868400574,0.9870062470436096
410,1648569900.3847585,83.65406799316406,-53.342857360839844,1328.1953125,-0.2607692778110504,0.9642307162284851,0.047523993998765945,-0.7007559537887573,-0.15519513189792633,-0.6963157057762146,-0.6640335321426392,-0.21488046646118164,0.7161605358123779
4,1648569900.4172788,129.41481018066406,23.249515533447266,1432.5457763671875,-0.24361127614974976,-0.9436386823654175,0.22405262291431427,-0.7036775946617126,0.3309468924999237,0.6287384629249573,-0.6674514412879944,-0.004493028856813908,-0.7446397542953491
300,1648569900.417305,300.994384765625,-22.747594833374023,1551.0682373046875,0.9966921210289001,-0.013528403826057911,-0.08013579994440079,0.002310805721208453,0.990366518497467,-0.13845142722129822,0.0812368392944336,0.13780827820301056,0.9871218204498291
410,1648569900.417327,83.13993835449219,-54.9436149597168,1326.855224609375,-0.2606130838394165,0.9642373323440552,0.0482405461370945,-0.7004512548446655,-0.1544572114944458,-0.6967861652374268,-0.6644161939620972,-0.21538174152374268,0.7156548500061035
4,1648569900.4657466,129.51841735839844,23.199270248413086,1432.5721435546875,-0.24265670776367188,-0.9437702298164368,0.2245338261127472,-0.7044116258621216,0.3305521011352539,0.6281238198280334,-0.6670246720314026,-0.0057457867078483105,-0.7450134754180908
300,1648569900.465774,301.002685546875,-22.74323081970215,1551.0736083984375,0.9966747164726257,-0.0135809862986207,-0.08034365624189377,0.002331310184672475,0.9903615713119507,-0.13848671317100525,0.08145006000995636,0.13783890008926392,0.9870999455451965
410,1648569900.4657936,82.18584442138672,-57.4992561340332,1324.822998046875,-0.26237553358078003,0.9636249542236328,0.05085332319140434,-0.6999414563179016,-0.15377342700958252,-0.6974493861198425,-0.6642597317695618,-0.21858800947666168,0.7148274183273315
4,1648569900.516909,129.39297485351562,23.214494705200195,1432.603515625,-0.24421624839305878,-0.9438879489898682,0.22233755886554718,-0.7042645812034607,0.3302512764930725,0.6284468770027161,-0.6666106581687927,-0.003107536118477583,-0.7453995943069458
300,1648569900.5169346,301.0060729980469,-22.745647430419922,1551.0673828125,0.9966427683830261,-0.013570563867688179,-0.08074025809764862,0.0022361716255545616,0.9903115034103394,-0.1388455033302307,0.08184222131967545,0.1381988227367401,0.9870172142982483
410,1648569900.516953,80.95514678955078,-59.904945373535156,1322.82373046875,-0.2647852301597595,0.9626167416572571,0.05707737058401108,-0.701174259185791,-0.15156090259552002,-0.6966950297355652,-0.6619995832443237,-0.22449573874473572,0.7150931358337402
4,1648569900.568964,129.2346954345703,23.27128791809082,1432.631591796875,-0.24472308158874512,-0.9437993764877319,0.2221561223268509,-0.7030503153800964,0.33051225543022156,0.629668116569519,-0.6677056550979614,-0.0020926131401211023,-0.744422435760498
300,1648569900.5689907,300.99462890625,-22.74774932861328,1551.083251953125,0.996634304523468,-0.013578057289123535,-0.0808439552783966,0.0022726880852133036,0.9903847575187683,-0.13832156360149384,0.08194475620985031,0.1376722753047943,0.9870822429656982
410,1648569900.5690086,79.49286651611328,-60.9307746887207,1321.774658203125,-0.2660087049007416,0.9620112776756287,0.0614301972091198,-0.7012099623680115,-0.1493777483701706,-0.6971304416656494,-0.6614710688591003,-0.22851823270320892,0.7143076658248901
4,1648569900.6201057,129.1020050048828,23.28357696533203,1432.6336669921875,-0.24578626453876495,-0.9435162544250488,0.2221849262714386,-0.7032803893089294,0.33132198452949524,0.6289852261543274,-0.6670725345611572,-0.0016623773844912648,-0.744990885257721
300,1648569900.6201324,300.986328125,-22.74756622314453,1551.0941162109375,0.9966718554496765,-0.013446856290102005,-0.08040136843919754,0.002221466274932027,0.9904149770736694,-0.13810580968856812,0.08148780465126038,0.13746756315231323,0.987148642539978
410,1648569900.620151,78.70220947265625,-61.10751724243164,1320.9854736328125,-0.2701423764228821,0.9608436226844788,0.06166546791791916,-0.6999247670173645,-0.1519974321126938,-0.6978553533554077,-0.6611568331718445,-0.2316814810037613,0.7135792374610901
4,1648569900.6711662,128.75778198242188,23.493812561035156,1432.5909423828125,-0.248521089553833,-0.9433919191360474,0.21965645253658295,-0.7012427449226379,0.33166825771331787,0.6310743093490601,-0.6682034730911255,0.0028027822263538837,-0.7439733147621155
300,1648569900.6711965,301.0046691894531,-22.737756729125977,1551.0252685546875,0.996590793132782,-0.01357872411608696,-0.08137789368629456,0.0021805104333907366,0.9903534650802612,-0.13854695856571198,0.08247417211532593,0.13789717853069305,0.9870067834854126
410,1648569900.6712153,77.65904235839844,-60.14082336425781,1321.033203125,-0.27521637082099915,0.9592154622077942,0.06451079994440079,-0.6964133977890015,-0.1526542603969574,-0.7012168169021606,-0.66277015209198,-0.23791253566741943,0.7100234627723694
4,1648569900.704107,128.48666381835938,23.644628524780273,1432.5313720703125,-0.25051286816596985,-0.9431459903717041,0.21844662725925446,-0.7007530927658081,0.33234018087387085,0.6312647461891174,-0.6679733991622925,0.005062789190560579,-0.7441679239273071
300,1648569900.7041323,300.99395751953125,-22.74395751953125,1551.0323486328125,0.9966532588005066,-0.013526011258363724,-0.08061844855546951,0.002150037093088031,0.9902118444442749,-0.13955584168434143,0.08171697705984116,0.13891544938087463,0.9869269728660583
410,1648569900.7041512,77.17922973632812,-59.434349060058594,1321.11376953125,-0.27706342935562134,0.9586247205734253,0.06537989526987076,-0.6940090656280518,-0.1525963693857193,-0.703609049320221,-0.6645203232765198,-0.24031858146190643,0.7075731158256531
4,1648569900.7498443,128.2019500732422,23.81182098388672,1432.49951171875,-0.25321251153945923,-0.9428465962409973,0.21661894023418427,-0.6997548937797546,0.3331202566623688,0.6319604516029358,-0.6680018901824951,0.008440135978162289,-0.7441117167472839
300,1648569900.7498698,300.97662353515625,-22.7414608001709,1551.0570068359375,0.9966694712638855,-0.013501210138201714,-0.08042167872190475,0.0022148366551846266,0.9903171062469482,-0.13880608975887299,0.08151701837778091,0.138165682554245,0.9870487451553345
410,1648569900.7498877,76.69388580322266,-58.77110290527344,1321.22705078125,-0.27862638235092163,0.9580620527267456,0.06696595996618271,-0.6922596096992493,-0.15201547741889954,-0.7054558396339417,-0.6656906008720398,-0.24291643500328064,0.7055831551551819
4,1648569900.7986417,128.02259826660156,23.866050720214844,1432.481689453125,-0.25405797362327576,-0.9429004788398743,0.21539093554019928,-0.6989266276359558,0.3329162001609802,0.6329836845397949,-0.6685477495193481,0.010272081010043621,-0.7435982823371887
300,1648569900.7986677,300.9703674316406,-22.74860954284668,1551.0294189453125,0.9966961741447449,-0.013484029099345207,-0.08009354770183563,0.002271463628858328,0.9903647303581238,-0.13846492767333984,0.08118889480829239,0.13782553374767303,0.9871233105659485
410,1648569900.7986865,76.45124816894531,-58.352378845214844,1321.2799072265625,-0.2798129618167877,0.9576362371444702,0.06809913367033005,-0.6912375688552856,-0.15173187851905823,-0.706518292427063,-0.6662546992301941,-0.24476565420627594,0.70441073179245
4,1648569900.832764,128.1155242919922,23.86602210998535,1432.458251953125,-0.25343021750450134,-0.9430124163627625,0.21564027667045593,-0.6988714933395386,0.3326141834259033,0.6332033276557922,-0.6688436269760132,0.009768016636371613,-0.743338942527771
300,1648569900.832788,300.9723815917969,-22.74870491027832,1551.0233154296875,0.9966263771057129,-0.013591852970421314,-0.08093886822462082,0.002264247043058276,0.9903696775436401,-0.13842980563640594,0.08204091340303421,0.13777951896190643,0.9870592951774597
410,1648569900.8328063,76.51985931396484,-58.15989303588867,1321.1839599609375,-0.2802680432796478,0.9574055671691895,0.06945810467004776,-0.6918215155601501,-0.151299849152565,-0.7060391902923584,-0.6654568314552307,-0.24593284726142883,0.7047582864761353
4,1648569900.8716085,128.37985229492188,23.775394439697266,1432.4134521484375,-0.2515077292919159,-0.9432467222213745,0.21686284244060516,-0.6996637582778931,0.3320106863975525,0.6326448321342468,-0.66874098777771,0.007383995223790407,-0.7434588074684143
300,1648569900.871635,300.97802734375,-22.742656707763672,1551.012939453125,0.9966062307357788,-0.013628392480313778,-0.08118090778589249,0.0022255470976233482,0.990300178527832,-0.13892680406570435,0.08228681981563568,0.1382746398448944,0.9869695901870728
410,1648569900.8716583,76.83714294433594,-58.13795471191406,1321.397216796875,-0.28035521507263184,0.9574512839317322,0.06846899539232254,-0.6908208727836609,-0.151728555560112,-0.7069264054298401,-0.6664589047431946,-0.24549031257629395,0.7039652466773987
4,1648569900.922652,128.7581024169922,23.63571548461914,1432.4169921875,-0.2485779970884323,-0.9434351921081543,0.21940602362155914,-0.7005887627601624,0.33153998851776123,0.631867527961731,-0.6688679456710815,0.0033549745567142963,-0.7433736324310303
300,1648569900.9226782,300.9825744628906,-22.74302101135254,1551.0284423828125,0.9966123104095459,-0.013611024245619774,-0.08110913634300232,0.002250171033665538,0.9903537034988403,-0.13854394853115082,0.08221246302127838,0.13789209723472595,0.9870293140411377
410,1648569900.9226985,77.54447937011719,-58.42987823486328,1321.43359375,-0.27941855788230896,0.9578625559806824,0.06651780754327774,-0.69256991147995,-0.15307734906673431,-0.7049214243888855,-0.6650354862213135,-0.24303635954856873,0.7061594128608704
4,1648569900.9586122,128.94952392578125,23.470964431762695,1432.4615478515625,-0.24721893668174744,-0.9431678652763367,0.22207479178905487,-0.7015899419784546,0.3323167562484741,0.6303468346595764,-0.6683220267295837,2.8231628675712273e-05,-0.7438720464706421
300,1648569900.9586365,300.9753723144531,-22.749814987182617,1551.064453125,0.9966467022895813,-0.013517884537577629,-0.08070066571235657,0.002211876679211855,0.9903497099876404,-0.13857349753379822,0.0817950963973999,0.13793031871318817,0.9870586395263672
410,1648569900.9586556,78.14119720458984,-58.61342239379883,1321.677001953125,-0.2792598307132721,0.9579364657402039,0.0661187693476677,-0.69431072473526,-0.15388239920139313,-0.7030311822891235,-0.6632846593856812,-0.24223534762859344,0.7080787420272827
4,1648569900.9954312,129.05502319335938,23.40765953063965,1432.513427734375,-0.2454361766576767,-0.9435237646102905,0.2225399613380432,-0.7024431228637695,0.3313004970550537,0.6299315094947815,-0.6680828928947449,-0.001713683595880866,-0.744084894657135
300,1648569900.9954584,300.9796447753906,-22.748916625976562,1551.0755615234375,0.9967454671859741,-0.01341674942523241,-0.07948855310678482,0.002302156062796712,0.9903879761695862,-0.1382981836795807,0.08058001846075058,0.13766509294509888,0.987195611000061
410,1648569900.9954774,78.60643005371094,-58.572296142578125,1322.0166015625,-0.27975690364837646,0.9577569365501404,0.0666162297129631,-0.6949004530906677,-0.15412287414073944,-0.702395498752594,-0.6624571084976196,-0.24279163777828217,0.7086626887321472
4,1648569901.0479872,129.35508728027344,23.293344497680664,1432.516357421875,-0.24325045943260193,-0.9439749717712402,0.22302572429180145,-0.7032852172851562,0.3299965262413025,0.6296762824058533,-0.667996346950531,-0.003681657835841179,-0.7441554665565491
300,1648569901.0480123,300.9862060546875,-22.752748489379883,1551.08642578125,0.9966999888420105,-0.013490178622305393,-0.0800444707274437,0.002301648957654834,0.9903939962387085,-0.13825488090515137,0.08114064484834671,0.1376143991947174,0.9871567487716675
410,1648569901.0480301,79.17333984375,-58.31520080566406,1322.59912109375,-0.27642056345939636,0.9586465954780579,0.06773784756660461,-0.6961852312088013,-0.15115439891815186,-0.7017681002616882,-0.6625087261199951,-0.241141214966774,0.7091777920722961
4,1648569901.0820382,129.50946044921875,23.166955947875977,1432.5260009765625,-0.242689847946167,-0.9441407918930054,0.22293463349342346,-0.705399215221405,0.32950520515441895,0.6275653839111328,-0.6659681797027588,-0.004954165779054165,-0.7459636926651001
300,1648569901.082064,300.98248291015625,-22.745935440063477,1551.064697265625,0.9967102408409119,-0.013464977033436298,-0.07992111891508102,0.002250425284728408,0.9903203845024109,-0.1387820690870285,0.08101621270179749,0.13814565539360046,0.9870927929878235
410,1648569901.0820827,79.63780212402344,-58.14815139770508,1323.1195068359375,-0.27589017152786255,0.9587359428405762,0.0686296597123146,-0.69679194688797,-0.1503070592880249,-0.701347827911377,-0.662091851234436,-0.241315558552742,0.7095077037811279
4,1648569901.1185288,129.56336975097656,23.10244369506836,1432.5169677734375,-0.24347294867038727,-0.9439684152603149,0.2228105217218399,-0.7055894732475281,0.33000463247299194,0.6270888447761536,-0.6654805541038513,-0.004533595405519009,-0.7464014291763306
300,1648569901.1185586,300.97747802734375,-22.747304916381836,1551.05078125,0.9966799020767212,-0.013447701930999756,-0.08030117303133011,0.0021965084597468376,0.9903478622436523,-0.1385868638753891,0.08138976246118546,0.1379503607749939,0.9870893359184265
410,1648569901.1185944,80.04122924804688,-57.777626037597656,1323.7305908203125,-0.2768685519695282,0.9583702683448792,0.06978679448366165,-0.6967833042144775,-0.15022453665733337,-0.7013741135597229,-0.6616924405097961,-0.24281471967697144,0.7093688249588013
4,1648569901.1695728,129.54705810546875,23.242956161499023,1432.5223388671875,-0.2423076182603836,-0.9443196654319763,0.22259247303009033,-0.7026441097259521,0.329010546207428,0.6309067010879517,-0.6690129041671753,-0.0035297905560582876,-0.7432424426078796
300,1648569901.1695993,300.98486328125,-22.744037628173828,1551.0625,0.9966140985488892,-0.013577005825936794,-0.08109275251626968,0.0022455272264778614,0.9903988838195801,-0.13822107017040253,0.08219079673290253,0.13757096230983734,0.987075924873352
410,1648569901.1696174,80.35569763183594,-56.84086990356445,1324.3309326171875,-0.2717270851135254,0.9599596261978149,0.06813115626573563,-0.696596086025238,-0.14734403789043427,-0.7021706700325012,-0.6640167832374573,-0.23825868964195251,0.7087414860725403
4,1648569901.2206483,129.44068908691406,23.38018035888672,1432.4844970703125,-0.2419939488172531,-0.9443053603172302,0.22299398481845856,-0.7021735906600952,0.329048752784729,0.6314104795455933,-0.669620156288147,-0.003782975720241666,-0.742694079875946
300,1648569901.2206743,300.99407958984375,-22.751449584960938,1551.079833984375,0.996646523475647,-0.01348333340138197,-0.0807088166475296,0.0022299233824014664,0.990439772605896,-0.13792774081230164,0.08179694414138794,0.1372852325439453,0.9871484041213989
410,1648569901.2206929,80.6224594116211,-55.60002517700195,1325.3841552734375,-0.2726195454597473,0.9597108364105225,0.06807133555412292,-0.6956195831298828,-0.14773359894752502,-0.703056275844574,-0.6646743416786194,-0.23901864886283875,0.707868754863739
4,1648569901.2717524,129.28118896484375,23.403226852416992,1432.4541015625,-0.24447131156921387,-0.9441061615943909,0.22112730145454407,-0.7023942470550537,0.3296396732330322,0.6308565735816956,-0.6684879064559937,-0.0010922240326181054,-0.7437222003936768
300,1648569901.2717776,300.9837646484375,-22.755733489990234,1551.0706787109375,0.9966289401054382,-0.013514137826859951,-0.08092029392719269,0.0022082452196627855,0.9904011487960815,-0.13820533454418182,0.08201127499341965,0.13756074011325836,0.9870923161506653
410,1648569901.271797,80.86247253417969,-54.015167236328125,1326.549560546875,-0.27480438351631165,0.9588191509246826,0.07175199687480927,-0.6929411292076111,-0.14576129615306854,-0.7061063647270203,-0.6665696501731873,-0.24376103281974792,0.7044610977172852
4,1648569901.322801,129.24095153808594,23.484067916870117,1432.433349609375,-0.24503344297409058,-0.943773627281189,0.22192324697971344,-0.7018834948539734,0.33059030771255493,0.630927562713623,-0.668818473815918,-0.0011659276206046343,-0.7434248328208923
300,1648569901.322827,300.9698791503906,-22.750577926635742,1551.04248046875,0.9966529011726379,-0.013463335111737251,-0.08063364773988724,0.0021099504083395004,0.9902532696723938,-0.13926224410533905,0.0817226693034172,0.13862597942352295,0.9869672060012817
410,1648569901.3228457,81.05467987060547,-52.33535385131836,1327.5279541015625,-0.2752589285373688,0.9584327936172485,0.07509416341781616,-0.6936768889427185,-0.1439248025417328,-0.7057605981826782,-0.6656161546707153,-0.2463579773902893,0.7044592499732971
4,1648569901.373805,129.0170440673828,23.701797485351562,1432.3668212890625,-0.24569934606552124,-0.943805992603302,0.22104771435260773,-0.6993370056152344,0.330498069524765,0.6337971091270447,-0.6712373495101929,0.0011366790859028697,-0.7412416338920593
300,1648569901.3738308,300.9784851074219,-22.748483657836914,1551.045654296875,0.9966489672660828,-0.013540873304009438,-0.08066879212856293,0.0022540423087775707,0.990374743938446,-0.13839365541934967,0.08176630735397339,0.13774807751178741,0.9870864748954773
410,1648569901.3738492,81.34514617919922,-50.40321731567383,1328.6396484375,-0.2746342420578003,0.9587780237197876,0.07294304668903351,-0.6912803053855896,-0.1441427618265152,-0.7080638408660889,-0.6683618426322937,-0.24488267302513123,0.7023709416389465
4,1648569901.4249134,128.8679656982422,23.895118713378906,1432.2874755859375,-0.24695417284965515,-0.943884015083313,0.21930934488773346,-0.6980715990066528,0.3302552103996277,0.6353168487548828,-0.6720934510231018,0.0038005190435796976,-0.7404565811157227
300,1648569901.4249406,300.9874267578125,-22.750835418701172,1551.0611572265625,0.9966287612915039,-0.013620440848171711,-0.08090520650148392,0.0023175773676484823,0.9904035925865173,-0.1381860226392746,0.08201096206903458,0.13753266632556915,0.9870962500572205
410,1648569901.4249597,81.79425811767578,-48.80254364013672,1329.7554931640625,-0.2718755006790161,0.959668755531311,0.07155095040798187,-0.6900584101676941,-0.14259052276611328,-0.709568440914154,-0.6707481741905212,-0.24228860437870026,0.7009943723678589
4,1648569901.4760392,128.85958862304688,23.893577575683594,1432.2645263671875,-0.2477996051311493,-0.9437932968139648,0.21874532103538513,-0.6986088156700134,0.33050641417503357,0.6345953345298767,-0.6712235808372498,0.004435074981302023,-0.7412416934967041
300,1648569901.476079,300.9839172363281,-22.75126838684082,1551.05029296875,0.9966766238212585,-0.01350679062306881,-0.08033252507448196,0.002349485643208027,0.9905140399932861,-0.13739128410816193,0.0814262107014656,0.13674594461917877,0.9872539043426514
410,1648569901.4760976,82.20658874511719,-47.528839111328125,1330.8323974609375,-0.2758546471595764,0.9581498503684998,0.07650571316480637,-0.6894264817237854,-0.14176896214485168,-0.7103468775749207,-0.6697725653648376,-0.24869753420352936,0.6996815204620361
4,1648569901.5270882,129.08116149902344,23.820575714111328,1432.2685546875,-0.24531179666519165,-0.9441235065460205,0.2201201319694519,-0.6997532248497009,0.3295885920524597,0.633811354637146,-0.6709452867507935,0.0014516353840008378,-0.7415054440498352
300,1648569901.5271137,300.9857177734375,-22.752765655517578,1551.0899658203125,0.996677041053772,-0.013571816496551037,-0.08031629770994186,0.00232188799418509,0.990354597568512,-0.1385364979505539,0.08142180740833282,0.13788966834545135,0.9870951771736145
410,1648569901.5271327,82.75745391845703,-46.51133346557617,1331.761962890625,-0.27415692806243896,0.9586477875709534,0.07637039572000504,-0.6885222792625427,-0.14022180438041687,-0.7115299701690674,-0.6713978052139282,-0.24765358865261078,0.6984931230545044
4,1648569901.56298,129.20657348632812,23.838146209716797,1432.201904296875,-0.24302145838737488,-0.9447380304336548,0.2200241982936859,-0.700359582901001,0.32782629132270813,0.634055495262146,-0.6711460947990417,-6.948900136194425e-06,-0.7413251399993896
300,1648569901.5630054,300.984375,-22.75362205505371,1551.0399169921875,0.9966179132461548,-0.013499408029019833,-0.0810583233833313,0.0021102940663695335,0.9902933835983276,-0.13897669315338135,0.08214762806892395,0.13833560049533844,0.9869726300239563
410,1648569901.5630236,83.22366333007812,-45.83563995361328,1332.3690185546875,-0.2759486734867096,0.9581480622291565,0.07618823647499084,-0.6889151334762573,-0.14188742637634277,-0.7108191847801208,-0.6702598333358765,-0.24863682687282562,0.6992363333702087
4,1648569901.602771,129.3272705078125,23.77611541748047,1432.27197265625,-0.24201542139053345,-0.9451279044151306,0.21945804357528687,-0.7003780603408813,0.3267005980014801,0.6346158385276794,-0.6714901924133301,-0.00011679216549964622,-0.7410134077072144
300,1648569901.6027968,300.9879455566406,-22.747068405151367,1551.0325927734375,0.9966745972633362,-0.013463863171637058,-0.08036443591117859,0.0022071637213230133,0.9903535842895508,-0.13854587078094482,0.0814545676112175,0.13790777325630188,0.987089991569519
410,1648569901.6028173,83.6624526977539,-45.08211135864258,1333.19189453125,-0.27325692772865295,0.958890974521637,0.0765424445271492,-0.6880279183387756,-0.1392175704240799,-0.7122050523757935,-0.6722709536552429,-0.24727828800678253,0.6977859735488892
4,1648569901.6557229,129.40174865722656,23.724014282226562,1432.3372802734375,-0.24210503697395325,-0.9448872208595276,0.22039341926574707,-0.6997647881507874,0.32739555835723877,0.63493412733078,-0.6720969676971436,-0.0005028134328313172,-0.7404629588127136
300,1648569901.6557498,300.9862976074219,-22.751258850097656,1551.076416015625,0.9966757297515869,-0.013561558909714222,-0.08033429831266403,0.0023176425602287054,0.9903689026832581,-0.13843412697315216,0.08143797516822815,0.13778774440288544,0.9871081113815308
410,1648569901.6557682,84.21717071533203,-44.1395149230957,1334.18505859375,-0.2718515396118164,0.9592559933662415,0.07697215676307678,-0.6901776790618896,-0.1386042982339859,-0.710241973400116,-0.6706351637840271,-0.24620483815670013,0.6997368335723877
4,1648569901.7049513,129.34298706054688,23.701509475708008,1432.394775390625,-0.24318096041679382,-0.9447080492973328,0.21997664868831635,-0.7006241679191589,0.32791265845298767,0.6337184309959412,-0.6708120107650757,-1.2701662853942253e-05,-0.7416273951530457
300,1648569901.704978,300.9857177734375,-22.759214401245117,1551.108154296875,0.9967138767242432,-0.013562962412834167,-0.07985886186361313,0.0023650042712688446,0.9903347492218018,-0.1386776566505432,0.08096788823604584,0.13803307712078094,0.9871124625205994
410,1648569901.7049968,84.77184295654297,-42.97954559326172,1335.448486328125,-0.2693251669406891,0.9600964784622192,0.07535699009895325,-0.6895597577095032,-0.13762634992599487,-0.7110318541526794,-0.6722881197929382,-0.24346192181110382,0.6991101503372192
4,1648569901.7577872,129.4934844970703,23.624910354614258,1432.40673828125,-0.2422199845314026,-0.9444606900215149,0.22208894789218903,-0.7019461989402771,0.32861217856407166,0.6318904161453247,-0.6697767972946167,-0.002838012995198369,-0.7425570487976074
300,1648569901.7578123,300.9744567871094,-22.749174118041992,1551.0458984375,0.9966510534286499,-0.013466984033584595,-0.08065522462129593,0.0020522172562777996,0.9901540875434875,-0.139966681599617,0.08174603432416916,0.13933242857456207,0.986865758895874
410,1648569901.7578297,85.30216979980469,-41.518550872802734,1337.09521484375,-0.27263328433036804,0.9586822986602783,0.08123628795146942,-0.6900172829627991,-0.13598933815956116,-0.710902988910675,-0.6704828143119812,-0.24987027049064636,0.6985825896263123
4,1648569901.8071332,129.6025848388672,23.565216064453125,1432.4483642578125,-0.24223610758781433,-0.9444366693496704,0.2221735566854477,-0.7024784684181213,0.32867833971977234,0.6312642097473145,-0.6692126989364624,-0.003157158615067601,-0.7430641651153564
300,1648569901.807159,300.9718322753906,-22.74992561340332,1551.0732421875,0.9966709017753601,-0.013451886363327503,-0.08041270822286606,0.002219720045104623,0.9904062747955322,-0.13816848397254944,0.08149987459182739,0.13753001391887665,0.9871389269828796
410,1648569901.8071928,85.98403930664062,-40.15451431274414,1338.666259765625,-0.26918330788612366,0.9598861336708069,0.07847930490970612,-0.6896975636482239,-0.1352541148662567,-0.7113533616065979,-0.6722036004066467,-0.24561144411563873,0.6984392404556274
4,1648569901.8599393,129.5010223388672,23.59642791748047,1432.4898681640625,-0.24234747886657715,-0.9448629021644592,0.220231294631958,-0.7019533514976501,0.3274635672569275,0.6324785351753235,-0.6697232127189636,-0.0013125140685588121,-0.7426096200942993
300,1648569901.8599644,300.98101806640625,-22.7564754486084,1551.0924072265625,0.9966472387313843,-0.013508215546607971,-0.08069567382335663,0.0022300388664007187,0.9903953075408936,-0.13824671506881714,0.0817880854010582,0.1376032531261444,0.9871048927307129
410,1648569901.8599825,86.6952133178711,-38.55618667602539,1340.2703857421875,-0.2691428065299988,0.9598168134689331,0.07945968210697174,-0.6923103332519531,-0.13545449078083038,-0.7087725400924683,-0.6695286631584167,-0.24577178061008453,0.700947642326355
4,1648569901.9092436,129.2674102783203,23.663915634155273,1432.5732421875,-0.24286691844463348,-0.9453135132789612,0.217710942029953,-0.701715886592865,0.3261614143848419,0.6334142088890076,-0.669783890247345,0.0010641153203323483,-0.7425553202629089
300,1648569901.9092686,300.97900390625,-22.755329132080078,1551.0943603515625,0.9965844750404358,-0.013587300665676594,-0.08145394176244736,0.0021089345682412386,0.9902369379997253,-0.13937833905220032,0.0825524851679802,0.1387305110692978,0.9868834614753723
