300,1648570173.1476767,301.1557922363281,-22.764360427856445,1551.672607421875,0.9967429637908936,-0.01572931557893753,-0.07909553498029709,0.004967627115547657,0.9909071326255798,-0.13445569574832916,0.08049122989177704,0.1336248517036438,0.9877578616142273
4,1648570173.1477041,103.01145935058594,-41.93968963623047,1568.173828125,-0.24672119319438934,-0.7756655216217041,-0.5809230804443359,-0.9651359915733337,0.2507450580596924,0.07509633898735046,0.0874139592051506,0.5791976451873779,-0.8104868531227112
410,1648570173.1477225,77.45539855957031,-159.16635131835938,1550.8951416015625,-0.23136688768863678,0.9210142493247986,0.3133722245693207,-0.969467282295227,-0.24517372250556946,0.004805370233952999,0.0812564492225647,-0.3026922941207886,0.9496182203292847
300,1648570173.1888387,301.14910888671875,-22.766408920288086,1551.715087890625,0.9968515038490295,-0.015627892687916756,-0.07773610204458237,0.004972836468368769,0.9907765984535217,-0.13541418313980103,0.07913535088300705,0.13460126519203186,0.987734854221344
4,1648570173.1888638,103.08613586425781,-41.96133041381836,1568.0726318359375,-0.24630463123321533,-0.7765653729438782,-0.5798967480659485,-0.9653197526931763,0.24999785423278809,0.07522553205490112,0.08655540645122528,0.5783141851425171,-0.811209499835968
410,1648570173.188882,77.54510498046875,-159.2232208251953,1550.7877197265625,-0.23101772367954254,0.9208650588989258,0.3140675127506256,-0.9695038199424744,-0.24501943588256836,0.00527679268270731,0.08181186020374298,-0.3032706379890442,0.9493860006332397
300,1648570173.2401896,301.1351623535156,-22.766176223754883,1551.6768798828125,0.9967868328094482,-0.01566811464726925,-0.0785529613494873,0.004865327384322882,0.9907148480415344,-0.1358693242073059,0.07995240390300751,0.13505056500434875,0.9876077175140381
4,1648570173.2402158,103.18330383300781,-41.97555923461914,1567.82177734375,-0.2454424500465393,-0.776820719242096,-0.5799202919006348,-0.9656621217727661,0.24848125874996185,0.07585368305444717,0.08517461270093918,0.5786247849464417,-0.8111341595649719
410,1648570173.240234,77.6216049194336,-159.23046875,1550.4930419921875,-0.23084844648838043,0.9212949275970459,0.31292906403541565,-0.9696305394172668,-0.24453063309192657,0.004624492023140192,0.08078126609325409,-0.3023580014705658,0.9497652649879456
300,1648570173.2914321,301.140380859375,-22.771005630493164,1551.6485595703125,0.9967718124389648,-0.015715310350060463,-0.07873338460922241,0.0049592903815209866,0.9908349514007568,-0.13498717546463013,0.08013315498828888,0.13416095077991486,0.9877142906188965
4,1648570173.2914581,103.31294250488281,-42.01247787475586,1567.7451171875,-0.24441957473754883,-0.7770242094993591,-0.5800796747207642,-0.9660841822624207,0.24653276801109314,0.07683072984218597,0.08330930769443512,0.5791847109794617,-0.810928225517273
410,1648570173.2914755,77.8284683227539,-159.22926330566406,1550.175048828125,-0.2303890883922577,0.9213324785232544,0.3131570816040039,-0.9698686003684998,-0.243607759475708,0.0031824163161218166,0.07921955734491348,-0.3029880225658417,0.9496960043907166
300,1648570173.3426864,301.1462707519531,-22.766088485717773,1551.673828125,0.9968698024749756,-0.015532013960182667,-0.07752038538455963,0.004876748193055391,0.9907256364822388,-0.13578985631465912,0.07891052961349487,0.1349867582321167,0.9877002239227295
4,1648570173.3427122,103.47930908203125,-42.067787170410156,1567.7193603515625,-0.24312759935855865,-0.7774772644042969,-0.5800155401229858,-0.9663860201835632,0.24567697942256927,0.07576839625835419,0.08358826488256454,0.5789403319358826,-0.8110740184783936
410,1648570173.34273,78.28731536865234,-159.32814025878906,1550.0670166015625,-0.22925731539726257,0.9222541451454163,0.31126895546913147,-0.9701621532440186,-0.2424282729625702,0.003738615196198225,0.07890835404396057,-0.30112424492836,0.9503145217895508
300,1648570173.3781285,301.1473693847656,-22.76972770690918,1551.688720703125,0.9968903660774231,-0.01557830348610878,-0.07724618911743164,0.005059361923485994,0.9908950328826904,-0.13454170525074005,0.07863879948854446,0.13373251259326935,0.9878925085067749
4,1648570173.378154,103.67681121826172,-42.149147033691406,1567.6541748046875,-0.2414882630109787,-0.7782018780708313,-0.5797286033630371,-0.9668076634407043,0.2443237453699112,0.07475827634334564,0.08346442878246307,0.5785393118858337,-0.8113728761672974
410,1648570173.3781722,78.78717803955078,-159.48745727539062,1550.034423828125,-0.22804471850395203,0.9236199855804443,0.3080936372280121,-0.9703546166419983,-0.24160927534103394,0.0060725705698132515,0.08004702627658844,-0.2975752651691437,0.951336681842804
300,1648570173.4104166,301.146728515625,-22.765987396240234,1551.6751708984375,0.9968152046203613,-0.015665706247091293,-0.07819264382123947,0.005033789202570915,0.9909202456474304,-0.13435672223567963,0.07958746701478958,0.1335352212190628,0.9878432154655457
4,1648570173.4104424,103.77959442138672,-42.19397735595703,1567.6229248046875,-0.24058587849140167,-0.7791082859039307,-0.5788857340812683,-0.967033863067627,0.24367567896842957,0.07394371181726456,0.08345021307468414,0.5775919556617737,-0.8120490312576294
410,1648570173.4104607,79.21257019042969,-159.47804260253906,1550.0535888671875,-0.22672760486602783,0.9246842265129089,0.30586549639701843,-0.970649242401123,-0.2403908222913742,0.007234001997858286,0.0802164301276207,-0.29524797201156616,0.9520472288131714
300,1648570173.450257,301.1441345214844,-22.76746368408203,1551.7177734375,0.9968575239181519,-0.015586800873279572,-0.07766640186309814,0.004946340806782246,0.9907851219177246,-0.13535289466381073,0.07906042784452438,0.13454340398311615,0.9877487421035767
4,1648570173.4502814,103.84394073486328,-42.222930908203125,1567.6087646484375,-0.2401665300130844,-0.7792819142341614,-0.5788261294364929,-0.967147946357727,0.24327823519706726,0.0737600177526474,0.08333595842123032,0.5775251984596252,-0.8121082186698914
410,1648570173.450299,79.5028305053711,-159.1903839111328,1549.9696044921875,-0.22583186626434326,0.9253374338150024,0.30454978346824646,-0.9708266854286194,-0.2396411895751953,0.008226463571190834,0.08059493452310562,-0.2938072681427002,0.9524608850479126
300,1648570173.484225,301.150146484375,-22.766525268554688,1551.7579345703125,0.996908962726593,-0.015461334027349949,-0.07702895253896713,0.004979193676263094,0.9909071922302246,-0.13445520401000977,0.0784073993563652,0.13365605473518372,0.9879212379455566
4,1648570173.48425,103.89542388916016,-42.2315788269043,1567.593994140625,-0.23983758687973022,-0.7795249819755554,-0.5786352157592773,-0.9672818779945374,0.24266983568668365,0.07400750368833542,0.0827266201376915,0.5774531364440918,-0.8122217655181885
410,1648570173.484269,79.58885955810547,-158.73843383789062,1549.8345947265625,-0.22606396675109863,0.925105631351471,0.30508142709732056,-0.9708352088928223,-0.23963738977909088,0.007273576222360134,0.07983774691820145,-0.29453951120376587,0.9522984623908997
300,1648570173.5257854,301.1437072753906,-22.763639450073242,1551.6712646484375,0.9969162940979004,-0.015493426471948624,-0.07692746073007584,0.005044602323323488,0.9909408092498779,-0.13420464098453522,0.07830984890460968,0.1334027349948883,0.9879631996154785
4,1648570173.5258117,103.8341064453125,-42.194183349609375,1567.5640869140625,-0.24035850167274475,-0.779159665107727,-0.5789110660552979,-0.9671820402145386,0.24285322427749634,0.07470746338367462,0.08238136768341064,0.5778689384460449,-0.8119611144065857
410,1648570173.5258317,79.61898040771484,-158.0077667236328,1549.7196044921875,-0.22641198337078094,0.9247183799743652,0.305995911359787,-0.970812201499939,-0.23975998163223267,0.006231922656297684,0.07912834733724594,-0.2956535816192627,0.9520124197006226
300,1648570173.5608559,301.13677978515625,-22.768230438232422,1551.646728515625,0.9968462586402893,-0.015559298917651176,-0.07781679928302765,0.004964812193065882,0.9908974170684814,-0.13452769815921783,0.07920161634683609,0.13371708989143372,0.9878495931625366
4,1648570173.560881,103.790771484375,-42.174476623535156,1567.5870361328125,-0.24060353636741638,-0.7790314555168152,-0.5789817571640015,-0.9671141505241394,0.2430906593799591,0.07481376826763153,0.08246278017759323,0.5779419541358948,-0.8119008541107178
410,1648570173.5608985,79.65618896484375,-157.3240966796875,1549.63330078125,-0.22682654857635498,0.9248501062393188,0.30529001355171204,-0.970743715763092,-0.24004438519477844,0.00594397634267807,0.07878044247627258,-0.2950100898742676,0.9522408843040466
300,1648570173.6052852,301.1383361816406,-22.76906967163086,1551.6756591796875,0.9968416094779968,-0.015510648488998413,-0.07788597047328949,0.004936982877552509,0.990947961807251,-0.13415580987930298,0.07926178723573685,0.13334757089614868,0.9878947138786316
4,1648570173.605312,103.78489685058594,-42.17994689941406,1567.5709228515625,-0.24063383042812347,-0.779268205165863,-0.5786505341529846,-0.9670528769493103,0.2435215711593628,0.07420200109481812,0.0830906331539154,0.5774412155151367,-0.8121930956840515
410,1648570173.6053307,79.84260559082031,-156.42984008789062,1549.473388671875,-0.22701552510261536,0.9245350956916809,0.3061026930809021,-0.970782458782196,-0.23991593718528748,0.004665087442845106,0.07775194942951202,-0.29610008001327515,0.951987087726593
300,1648570173.6392438,301.1389465332031,-22.76137924194336,1551.6895751953125,0.9967999458312988,-0.01564934104681015,-0.07838982343673706,0.004992170259356499,0.9909223914146423,-0.13434253633022308,0.07978060096502304,0.13352128863334656,0.9878295063972473
4,1648570173.639268,103.78073120117188,-42.166622161865234,1567.514404296875,-0.24058465659618378,-0.7790532112121582,-0.5789604187011719,-0.9671163558959961,0.2430954873561859,0.07477029412984848,0.08249262720346451,0.5779106616973877,-0.8119201064109802
410,1648570173.6392853,80.00548553466797,-155.72128295898438,1549.266357421875,-0.22731895744800568,0.9248440861701965,0.304941862821579,-0.9707057476043701,-0.24022051692008972,0.004940885119140148,0.07782284170389175,-0.29488566517829895,0.9523581266403198
300,1648570173.6843727,301.140625,-22.759584426879883,1551.6158447265625,0.9967520236968994,-0.01579459011554718,-0.07896795868873596,0.004941259510815144,0.990725576877594,-0.13578791916370392,0.08038029074668884,0.13495668768882751,0.9875857830047607
4,1648570173.6843987,103.79531860351562,-42.15952682495117,1567.45849609375,-0.24037127196788788,-0.7789992094039917,-0.5791216492652893,-0.9671855568885803,0.24279628694057465,0.07484697550535202,0.08230284601449966,0.5781091451644897,-0.8117980360984802
410,1648570173.684417,80.27042388916016,-154.552734375,1549.063720703125,-0.22752270102500916,0.9247254133224487,0.305149644613266,-0.9707642793655396,-0.24000906944274902,0.003511653980240226,0.0764859989285469,-0.29542940855026245,0.9522979259490967
300,1648570173.7184308,301.14434814453125,-22.76389503479004,1551.6375732421875,0.9967861771583557,-0.015684006735682487,-0.07855789363384247,0.004928982350975275,0.9907965064048767,-0.135269895195961,0.07995645701885223,0.13444794714450836,0.9876895546913147
4,1648570173.7184548,103.81439971923828,-42.17095947265625,1567.458740234375,-0.2403838038444519,-0.7791585326194763,-0.5789020657539368,-0.9672046899795532,0.24267078936100006,0.07500633597373962,0.08204079419374466,0.5779470801353455,-0.8119399547576904
410,1648570173.71849,80.54439544677734,-153.30101013183594,1548.8505859375,-0.22755281627178192,0.9246799945831299,0.3052649199962616,-0.9707722663879395,-0.23997998237609863,0.0032847514376044273,0.07629480957984924,-0.29559525847435,0.9522618055343628
300,1648570173.757905,301.1358947753906,-22.76253890991211,1551.6580810546875,0.9968217611312866,-0.015679895877838135,-0.07810560613870621,0.0050501152873039246,0.9909042119979858,-0.1344744712114334,0.07950371503829956,0.13365264236927032,0.9878340363502502
4,1648570173.7579305,103.77423095703125,-42.14512252807617,1567.4766845703125,-0.24054357409477234,-0.7785927653312683,-0.5795965194702148,-0.9672057628631592,0.2424425333738327,0.07572706788778305,0.08155830204486847,0.5788047313690186,-0.8113774061203003
410,1648570173.7579505,80.9282455444336,-151.58448791503906,1548.6011962890625,-0.22780050337314606,0.9249162077903748,0.3043631613254547,-0.9708187580108643,-0.23980504274368286,0.002124370774254203,0.07495269179344177,-0.29499754309654236,0.9525536894798279
300,1648570173.7901838,301.1278381347656,-22.765459060668945,1551.649169921875,0.9968453049659729,-0.015575612895190716,-0.07782593369483948,0.00497937249019742,0.9908965826034546,-0.13453301787376404,0.07921288162469864,0.13372108340263367,0.987848162651062
4,1648570173.7902093,103.78065490722656,-42.15397644042969,1567.3936767578125,-0.24047496914863586,-0.7787387371063232,-0.5794287919998169,-0.9671918153762817,0.24262383580207825,0.0753239095211029,0.08192559331655502,0.578532338142395,-0.8115347027778625
410,1648570173.7902288,81.3704605102539,-149.98793029785156,1548.3135986328125,-0.22771434485912323,0.9252467751502991,0.3034215271472931,-0.9708881378173828,-0.23952674865722656,0.0017671397654339671,0.07431261241436005,-0.29418596625328064,0.9528548121452332
300,1648570173.822298,301.1241760253906,-22.765949249267578,1551.651611328125,0.9968396425247192,-0.015611885115504265,-0.07789109647274017,0.004980097990483046,0.9908515810966492,-0.1348639726638794,0.07928399741649628,0.13404983282089233,0.9877979159355164
4,1648570173.8223226,103.85462188720703,-42.165283203125,1567.2862548828125,-0.2399955540895462,-0.7792131304740906,-0.5789896845817566,-0.9673641920089722,0.2419060468673706,0.0754188522696495,0.0812937393784523,0.5781940221786499,-0.81183922290802
410,1648570173.8223414,81.75050354003906,-148.548095703125,1548.03564453125,-0.22871693968772888,0.9254403114318848,0.3020741939544678,-0.970639169216156,-0.24053215980529785,0.0019747717306017876,0.07448609173297882,-0.2927533686161041,0.953282356262207
300,1648570173.8607092,301.1390075683594,-22.763044357299805,1551.6614990234375,0.9968149662017822,-0.015632005408406258,-0.07820185273885727,0.0049016959965229034,0.9907563328742981,-0.1355648636817932,0.07959813624620438,0.13474977016448975,0.9876773953437805
4,1648570173.860734,104.08963012695312,-42.238040924072266,1567.12060546875,-0.23834750056266785,-0.7801685929298401,-0.5783835053443909,-0.9678592681884766,0.24002130329608917,0.07508817315101624,0.08024291694164276,0.5776908993721008,-0.8123018741607666
410,1648570173.8607514,82.0890121459961,-148.09310913085938,1547.886474609375,-0.2304634004831314,0.92535400390625,0.3010093867778778,-0.9701582789421082,-0.24245883524417877,0.002572243334725499,0.07536261528730392,-0.2914339303970337,0.9536176919937134
300,1648570173.8932297,301.1448974609375,-22.764076232910156,1551.6729736328125,0.9968710541725159,-0.015481818467378616,-0.0775136947631836,0.004930291324853897,0.990900456905365,-0.1345062404870987,0.07889076322317123,0.13370321691036224,0.9878763556480408
4,1648570173.8932555,104.0618667602539,-42.23106002807617,1567.1463623046875,-0.23863929510116577,-0.7801399827003479,-0.5783017873764038,-0.9678242206573486,0.23999595642089844,0.07561873644590378,0.07979688793420792,0.5777400732040405,-0.8123108148574829
410,1648570173.8932748,82.17587280273438,-148.08050537109375,1547.785400390625,-0.2299196422100067,0.926094651222229,0.299141526222229,-0.9704200625419617,-0.24141782522201538,0.0015281321248039603,0.07363329082727432,-0.28994157910346985,0.9542075395584106
300,1648570173.942119,301.1343688964844,-22.764049530029297,1551.6519775390625,0.9968268871307373,-0.015554133802652359,-0.07806573063135147,0.004902096930891275,0.9908570051193237,-0.1348271518945694,0.07944909483194351,0.13401664793491364,0.9877891540527344
4,1648570173.9421449,103.9291763305664,-42.161739349365234,1567.1136474609375,-0.23952674865722656,-0.7795104384422302,-0.5787835717201233,-0.9675730466842651,0.2408880591392517,0.07599538564682007,0.08018285781145096,0.5782183408737183,-0.8119324445724487
410,1648570173.9421659,81.97779846191406,-147.8938751220703,1547.4952392578125,-0.23057401180267334,0.9261265993118286,0.2985383868217468,-0.9703114628791809,-0.24185708165168762,0.0008765169768594205,0.07301538437604904,-0.28947311639785767,0.9543972015380859
300,1648570173.994457,301.11260986328125,-22.75782585144043,1551.53466796875,0.9967474937438965,-0.015764104202389717,-0.0790313258767128,0.004975757095962763,0.9908485412597656,-0.13488660752773285,0.08043444156646729,0.13405464589595795,0.9877042174339294
4,1648570173.9945056,103.94039154052734,-42.1412239074707,1567.034912109375,-0.23985081911087036,-0.780107855796814,-0.5778437256813049,-0.9676645398139954,0.2399846464395523,0.07767019420862198,0.07808249443769455,0.5777881741523743,-0.812443196773529
410,1648570173.9945252,81.87895965576172,-147.93292236328125,1547.5430908203125,-0.23078081011772156,0.9253617525100708,0.3007422089576721,-0.9702075719833374,-0.24227339029312134,0.0009484655456617475,0.07373950630426407,-0.291563481092453,0.9537050127983093
300,1648570174.0456717,301.1156005859375,-22.767555236816406,1551.691162109375,0.9969183206558228,-0.01536425482481718,-0.07692693918943405,0.004916688427329063,0.990942120552063,-0.13419942557811737,0.07829201966524124,0.13340763747692108,0.9879639744758606
4,1648570174.0456967,103.79125213623047,-42.105106353759766,1567.1717529296875,-0.2408270388841629,-0.779002845287323,-0.5789273977279663,-0.9672873616218567,0.24164268374443054,0.07722663879394531,0.07973379641771317,0.5785874128341675,-0.811713695526123
410,1648570174.045715,81.69696807861328,-147.81776428222656,1547.67236328125,-0.2303323745727539,0.9250173568725586,0.3021422326564789,-0.9704623818397522,-0.24124935269355774,-0.001221525832079351,0.07176168262958527,-0.29349902272224426,0.9532620906829834
300,1648570174.096932,301.1205749511719,-22.769075393676758,1551.66162109375,0.9968205690383911,-0.015552667900919914,-0.0781465619802475,0.004991689696907997,0.9910280704498291,-0.13356071710586548,0.07952266186475754,0.13274599611759186,0.9879547953605652
4,1648570174.0969586,103.79492950439453,-42.11201858520508,1567.1566162109375,-0.24084055423736572,-0.7797324657440186,-0.5779386758804321,-0.9672794938087463,0.24178382754325867,0.07688262313604355,0.07978835701942444,0.5775446891784668,-0.8124505877494812
410,1648570174.096977,81.90679931640625,-147.87355041503906,1547.5408935546875,-0.22997185587882996,0.9263550639152527,0.29829391837120056,-0.9705010056495667,-0.2410966157913208,0.0005134436069056392,0.07239328324794769,-0.28937646746635437,0.9544739127159119
300,1648570174.1484516,301.1182861328125,-22.76017951965332,1551.7498779296875,0.9969187378883362,-0.015525770373642445,-0.076889269053936,0.004973816219717264,0.9907554984092712,-0.13556835055351257,0.07828327268362045,0.13476820290088654,0.987779974937439
4,1648570174.148483,103.9112777709961,-42.13368606567383,1566.9832763671875,-0.23984172940254211,-0.7795311808586121,-0.5786251425743103,-0.9676908254623413,0.23972108960151672,0.07815521955490112,0.0777842104434967,0.5786751508712769,-0.811840295791626
410,1648570174.148502,81.78713989257812,-147.81935119628906,1547.356201171875,-0.2315441370010376,0.9252040386199951,0.3006405830383301,-0.9702306985855103,-0.24217450618743896,-0.0019638007506728172,0.07099056988954544,-0.29214543104171753,0.9537354707717896
300,1648570174.1996505,301.12371826171875,-22.767255783081055,1551.70068359375,0.9968158602714539,-0.015637116506695747,-0.07818986475467682,0.005024693440645933,0.9909521341323853,-0.13412147760391235,0.07957968860864639,0.1333015263080597,0.9878754019737244
4,1648570174.1996768,103.9323501586914,-42.13156509399414,1566.8843994140625,-0.2394082248210907,-0.779810905456543,-0.5784277319908142,-0.9678563475608826,0.23896053433418274,0.07843457907438278,0.07705725729465485,0.5786128044128418,-0.8119540810585022
410,1648570174.1996946,81.4559326171875,-147.78073120117188,1547.0289306640625,-0.23385825753211975,0.9233506321907043,0.3045223653316498,-0.9698908925056458,-0.2434486448764801,-0.006661383900791407,0.06798476725816727,-0.2969112992286682,0.9524818658828735
300,1648570174.231579,301.1206359863281,-22.76984405517578,1551.71240234375,0.9968727231025696,-0.015461694449186325,-0.07749665528535843,0.004948593210428953,0.990961492061615,-0.13405516743659973,0.07886892557144165,0.13325244188308716,0.9879390001296997
4,1648570174.2316043,104.12838745117188,-42.175804138183594,1566.7142333984375,-0.2381957322359085,-0.7797825932502747,-0.5789662599563599,-0.9682415127754211,0.23728802800178528,0.07875749468803406,0.07596804201602936,0.5793389081954956,-0.8115388751029968
410,1648570174.2316227,81.34676361083984,-148.2325439453125,1546.8758544921875,-0.23515987396240234,0.922670304775238,0.30558040738105774,-0.9694203734397888,-0.2453509271144867,-0.005205685272812843,0.0701713114976883,-0.29746004939079285,0.9521520137786865
300,1648570174.2725928,301.12225341796875,-22.766769409179688,1551.752685546875,0.9969275593757629,-0.015498913824558258,-0.07678025960922241,0.0050291321240365505,0.9908711314201355,-0.13471882045269012,0.07816733419895172,0.13391876220703125,0.9879046678543091
4,1648570174.2726188,104.27164459228516,-42.23445129394531,1566.471435546875,-0.23542441427707672,-0.781062126159668,-0.5783746838569641,-0.9690385460853577,0.23421704769134521,0.07814528793096542,0.07442889362573624,0.5788646936416626,-0.8120197057723999
410,1648570174.2726374,81.62701416015625,-149.1434326171875,1546.8350830078125,-0.23446881771087646,0.9240936040878296,0.30178695917129517,-0.9693200588226318,-0.24580155313014984,-0.00043636493501253426,0.07377646118402481,-0.29263046383857727,0.9533752799034119
300,1648570174.3235238,301.115234375,-22.76723289489746,1551.72216796875,0.9969107508659363,-0.015320412814617157,-0.0770343691110611,0.00480290874838829,0.9908472299575806,-0.13490235805511475,0.07839605212211609,0.13411560654640198,0.987859845161438
4,1648570174.3235512,104.10235595703125,-42.14033508300781,1566.612060546875,-0.23968856036663055,-0.7790095210075378,-0.5793906450271606,-0.9678862690925598,0.23833337426185608,0.07995864003896713,0.07579958438873291,0.5799494385719299,-0.8111184239387512
410,1648570174.3235703,81.5714111328125,-149.4677276611328,1547.1090087890625,-0.23283474147319794,0.9252339005470276,0.29954996705055237,-0.9695983529090881,-0.24469265341758728,0.0021424698643386364,0.07527996599674225,-0.2899443209171295,0.954078197479248
300,1648570174.3582244,301.119873046875,-22.765071868896484,1551.736083984375,0.996935248374939,-0.015363349579274654,-0.07670783251523972,0.004889785777777433,0.9908470511436462,-0.13490056991577148,0.0780782550573349,0.13411204516887665,0.9878854751586914
4,1648570174.358249,103.9044418334961,-42.12992858886719,1566.8970947265625,-0.2389523684978485,-0.7794795036315918,-0.5790625810623169,-0.9679109454154968,0.23896722495555878,0.07773694396018982,0.07778261601924896,0.579056441783905,-0.811568558216095
410,1648570174.358271,81.49701690673828,-149.01092529296875,1547.235107421875,-0.23146496713161469,0.9251296520233154,0.30093032121658325,-0.9700847864151001,-0.2427663654088974,0.00016524609236512333,0.07320863008499146,-0.29188966751098633,0.9536461234092712
300,1648570174.4254143,301.1212158203125,-22.76239776611328,1551.7274169921875,0.9968794584274292,-0.015620933845639229,-0.07737793773412704,0.005072023719549179,0.9908745288848877,-0.1346919983625412,0.07877583801746368,0.13387922942638397,0.987861692905426
4,1648570174.425441,103.95980072021484,-42.11353302001953,1566.80322265625,-0.2397778332233429,-0.779583215713501,-0.5785815715789795,-0.9678725004196167,0.2384234070777893,0.07985648512840271,0.07569260895252228,0.5791410207748413,-0.8117058277130127
410,1648570174.4254594,81.57300567626953,-148.1951141357422,1547.4373779296875,-0.23262925446033478,0.9249791502952576,0.3004949688911438,-0.9698752760887146,-0.24360013008117676,-0.000986125087365508,0.07228846848011017,-0.2916720509529114,0.9537829160690308
300,1648570174.476819,301.1151123046875,-22.77347755432129,1551.7274169921875,0.9969064593315125,-0.015435450710356236,-0.07706686109304428,0.0049725426360964775,0.9909484386444092,-0.13415074348449707,0.07843996584415436,0.13335251808166504,0.9879596829414368
4,1648570174.4768448,104.27252960205078,-42.224952697753906,1566.637939453125,-0.2360779494047165,-0.7824022769927979,-0.5762932300567627,-0.9689379930496216,0.23449134826660156,0.0785682275891304,0.07366381585597992,0.576940655708313,-0.8134575486183167
410,1648570174.4768627,82.01485443115234,-148.19256591796875,1547.2347412109375,-0.23208801448345184,0.9255329966545105,0.29920539259910583,-0.9699028730392456,-0.24349071085453033,0.0008551182108931243,0.07364517450332642,-0.2900017201900482,0.954188346862793
300,1648570174.5280654,301.12921142578125,-22.760841369628906,1551.6722412109375,0.9968235492706299,-0.015542498789727688,-0.07811029255390167,0.004949396476149559,0.9909661412239075,-0.13402093946933746,0.07948767393827438,0.13320863246917725,0.9878953099250793
4,1648570174.5280912,104.22055053710938,-42.15568161010742,1566.7091064453125,-0.23964156210422516,-0.7799690961837769,-0.5781177282333374,-0.9680501222610474,0.23724830150604248,0.08119229972362518,0.07382996380329132,0.5791040062904358,-0.811903715133667
410,1648570174.52811,81.76628112792969,-147.72994995117188,1546.92822265625,-0.23295660316944122,0.9227489233016968,0.3070271611213684,-0.9699736833572388,-0.24315467476844788,-0.005182163789868355,0.06987325102090836,-0.29901549220085144,0.9516866207122803
300,1648570174.5793338,301.129638671875,-22.754817962646484,1551.6942138671875,0.9968657493591309,-0.015577747486531734,-0.07756266742944717,0.005028930027037859,0.9909167289733887,-0.1343827247619629,0.07895153015851974,0.13357149064540863,0.9878893494606018
4,1648570174.579359,104.51959991455078,-42.28352355957031,1566.4869384765625,-0.23536719381809235,-0.7823504209518433,-0.5766541957855225,-0.9691565036773682,0.2335279881954193,0.07874204218387604,0.0730610266327858,0.5774014592170715,-0.8131848573684692
410,1648570174.579377,82.02039337158203,-147.5001220703125,1546.7056884765625,-0.23247726261615753,0.9226464033126831,0.3076978027820587,-0.9700732827186584,-0.24276083707809448,-0.00499699404463172,0.0700865164399147,-0.2996510863304138,0.9514710307121277
300,1648570174.611406,301.12945556640625,-22.748323440551758,1551.696044921875,0.996884286403656,-0.015479261055588722,-0.07734374701976776,0.0048901778645813465,0.9907974600791931,-0.135264590382576,0.07872578501701355,0.13446491956710815,0.9877861142158508
4,1648570174.611432,104.55780792236328,-42.292049407958984,1566.46533203125,-0.23663049936294556,-0.7825347185134888,-0.575886607170105,-0.9688449501991272,0.23464606702327728,0.07925094664096832,0.07311291247606277,0.5766980051994324,-0.8136792182922363
410,1648570174.6114516,82.32408142089844,-147.57933044433594,1546.6312255859375,-0.23207063972949982,0.9237010478973389,0.30482718348503113,-0.9700742959976196,-0.2427918165922165,-0.0028170254081487656,0.07140745222568512,-0.29635876417160034,0.9524035453796387
300,1648570174.6538005,301.123291015625,-22.76085662841797,1551.706298828125,0.9969198703765869,-0.015453089959919453,-0.07688970118761063,0.0049578957259655,0.9908526539802551,-0.1348569542169571,0.078270323574543,0.1340603530406952,0.9878773093223572
4,1648570174.6538243,104.57593536376953,-42.345184326171875,1566.4422607421875,-0.2358623594045639,-0.7820172905921936,-0.5769037008285522,-0.9687938690185547,0.23577263951301575,0.07648368179798126,0.07620655000209808,0.5769404172897339,-0.8132234215736389
410,1648570174.653856,82.4792709350586,-147.42660522460938,1546.656982421875,-0.23165076971054077,0.9228535890579224,0.3076997399330139,-0.9701662659645081,-0.24241770803928375,-0.0033269841223955154,0.07152154296636581,-0.29929059743881226,0.9514777064323425
300,1648570174.7032259,301.1249084472656,-22.757976531982422,1551.6466064453125,0.9968276023864746,-0.015548898838460445,-0.07805705815553665,0.004970394540578127,0.9909786581993103,-0.13392765820026398,0.0794353038072586,0.13311481475830078,0.9879121780395508
4,1648570174.7032516,104.64539337158203,-42.354248046875,1566.4276123046875,-0.2348860651254654,-0.7821062207221985,-0.5771813988685608,-0.9691951870918274,0.23370352387428284,0.07773891091346741,0.07408924400806427,0.5776612162590027,-0.8129072785377502
410,1648570174.7032704,82.3086166381836,-146.93612670898438,1546.587158203125,-0.2329268604516983,0.9223657250404358,0.30819883942604065,-0.969895601272583,-0.2434825450181961,-0.004330920521169901,0.07104634493589401,-0.29992949962615967,0.9513121247291565
300,1648570174.7368073,301.12945556640625,-22.74977684020996,1551.658935546875,0.9967844486236572,-0.015650011599063873,-0.07858661562204361,0.0049141827039420605,0.9908351302146912,-0.13498736917972565,0.07997893542051315,0.1341671198606491,0.9877259731292725
4,1648570174.7368312,104.69149017333984,-42.35708999633789,1566.285888671875,-0.23328278958797455,-0.7832391858100891,-0.5762946009635925,-0.9696875810623169,0.23168207705020905,0.07764942198991776,0.07269905507564545,0.5769400000572205,-0.813544750213623
410,1648570174.73685,81.9579849243164,-146.7445526123047,1546.58447265625,-0.2323683351278305,0.9207993149757385,0.3132627010345459,-0.9700236320495605,-0.24295054376125336,-0.005407852120697498,0.07112779468297958,-0.3051288425922394,0.9496511220932007
300,1648570174.7761192,301.1284484863281,-22.752243041992188,1551.6553955078125,0.9968113899230957,-0.015494721941649914,-0.07827470451593399,0.004749528132379055,0.9907471537590027,-0.1356372833251953,0.07965210825204849,0.13483302295207977,0.9876616597175598
4,1648570174.7761455,104.601318359375,-42.30929183959961,1566.3082275390625,-0.2354198694229126,-0.7822443842887878,-0.5767765641212463,-0.9691172242164612,0.2337668389081955,0.07851680368185043,0.07341191172599792,0.5774485468864441,-0.8131198287010193
410,1648570174.7761645,81.98736572265625,-146.60829162597656,1546.61572265625,-0.23347604274749756,0.9213801622390747,0.3107209801673889,-0.9697917103767395,-0.24387142062187195,-0.005551053211092949,0.07066133618354797,-0.3026306629180908,0.9504849314689636
300,1648570174.8275626,301.1219177246094,-22.756378173828125,1551.6795654296875,0.9968551397323608,-0.015482372604310513,-0.0777183398604393,0.004937896970659494,0.9909589886665344,-0.13407424092292786,0.07909147441387177,0.1332688331604004,0.9879190325737
4,1648570174.8275878,104.33551788330078,-42.21908187866211,1566.3594970703125,-0.23701687157154083,-0.7802891135215759,-0.5787675380706787,-0.9686753153800964,0.2352522611618042,0.07952693849802017,0.07410237193107605,0.5794870257377625,-0.8116055727005005
410,1648570174.8276074,81.53862762451172,-146.1337890625,1546.4095458984375,-0.23507201671600342,0.919881284236908,0.3139418959617615,-0.969536304473877,-0.24479323625564575,-0.008696272037923336,0.06885132193565369,-0.30642232298851013,0.949402391910553
300,1648570174.8788068,301.1181640625,-22.753631591796875,1551.6810302734375,0.9968298673629761,-0.015446851029992104,-0.07804880291223526,0.004799238406121731,0.9908600449562073,-0.1348085105419159,0.07941780984401703,0.1340065747499466,0.9877930283546448
4,1648570174.8788323,104.31065368652344,-42.2001953125,1566.3519287109375,-0.23718897998332977,-0.7805065512657166,-0.5784037709236145,-0.9686898589134216,0.23498110473155975,0.0801486149430275,0.07335744053125381,0.5793042182922363,-0.8118036985397339
410,1648570174.8788505,81.3667984008789,-145.75942993164062,1546.191650390625,-0.2387736439704895,0.9181162714958191,0.31630635261535645,-0.9687291383743286,-0.24783475697040558,-0.011905801482498646,0.067460797727108,-0.30925798416137695,0.9485824108123779
300,1648570174.9107006,301.1239929199219,-22.747087478637695,1551.688232421875,0.996839702129364,-0.0154569735750556,-0.07792075723409653,0.004819619935005903,0.990848183631897,-0.13489505648612976,0.07929271459579468,0.13409319519996643,0.9877912998199463
4,1648570174.9107265,104.36238098144531,-42.19858932495117,1566.26123046875,-0.23573356866836548,-0.7808828353881836,-0.5784908533096313,-0.9692487120628357,0.23217201232910156,0.081566222012043,0.07061571627855301,0.5799294114112854,-0.8116004467010498
410,1648570174.9107463,81.42732238769531,-145.51087951660156,1546.1015625,-0.23834030330181122,0.9184468388557434,0.31567278504371643,-0.9688781499862671,-0.24723781645298004,-0.012189609929919243,0.06685073673725128,-0.30875372886657715,0.9487898349761963
300,1648570174.9539385,301.1219177246094,-22.7511043548584,1551.70703125,0.9968554377555847,-0.01544635184109211,-0.07772187143564224,0.004787779878824949,0.9907663464546204,-0.13549597561359406,0.07909713685512543,0.1346977800130844,0.9877247214317322
4,1648570174.9539769,104.71588897705078,-42.337406158447266,1566.0440673828125,-0.23376281559467316,-0.7833565473556519,-0.5759404897689819,-0.9697427153587341,0.23072420060634613,0.0797833651304245,0.07038458436727524,0.5771644711494446,-0.8135890960693359
410,1648570174.9539955,81.62459564208984,-145.41873168945312,1545.81396484375,-0.23728030920028687,0.9178434014320374,0.3182162642478943,-0.969179093837738,-0.2460084706544876,-0.013103893958032131,0.0662565752863884,-0.3115178644657135,0.9479275941848755
300,1648570174.9876213,301.1224060058594,-22.745454788208008,1551.68798828125,0.9968172907829285,-0.015495861880481243,-0.0781998261809349,0.004738237243145704,0.9907088279724121,-0.1359175741672516,0.0795794129371643,0.13511446118354797,0.9876290559768677
4,1648570174.987646,104.85459899902344,-42.35713195800781,1565.9158935546875,-0.2328687161207199,-0.7828826904296875,-0.5769461393356323,-0.9700185656547546,0.22940552234649658,0.0802316963672638,0.06954262405633926,0.5783319473266602,-0.8128321170806885
410,1648570174.987665,81.65596771240234,-145.327880859375,1545.8306884765625,-0.23723439872264862,0.9158440828323364,0.3239590525627136,-0.969235897064209,-0.2456587702035904,-0.015282702632248402,0.06558680534362793,-0.31761834025382996,0.9459476470947266
300,1648570175.0291688,301.12078857421875,-22.751235961914062,1551.6756591796875,0.9968641996383667,-0.015355326235294342,-0.07762691378593445,0.004738810937851667,0.9908154606819153,-0.13513797521591187,0.07898902893066406,0.1343463510274887,0.9877812266349792
4,1648570175.0291944,105.06012725830078,-42.484092712402344,1565.9510498046875,-0.23013469576835632,-0.7835263609886169,-0.5771693587303162,-0.9706220030784607,0.22760292887687683,0.07803759723901749,0.07022092491388321,0.5781724452972412,-0.8128872513771057
410,1648570175.0292137,81.96973419189453,-145.41432189941406,1545.8623046875,-0.2384718954563141,0.9156908392906189,0.32348328828811646,-0.9687725305557251,-0.2475937306880951,-0.013310443609952927,0.06790418922901154,-0.3165558874607086,0.9461402893066406
300,1648570175.0802352,301.1202087402344,-22.748111724853516,1551.7197265625,0.9968832731246948,-0.015347902663052082,-0.0773836076259613,0.004759696312248707,0.9908074140548706,-0.1351960152387619,0.0787472277879715,0.13440631330013275,0.9877923727035522
4,1648570175.0802615,105.34658813476562,-42.55516815185547,1565.895263671875,-0.22976885735988617,-0.7857385873794556,-0.5743005871772766,-0.9706783890724182,0.22784042358398438,0.07663001120090485,0.07063773274421692,0.5750683546066284,-0.8150501251220703
410,1648570175.0802786,82.65946197509766,-145.51283264160156,1545.9256591796875,-0.23523905873298645,0.9178905487060547,0.3195927143096924,-0.969688355922699,-0.2440008819103241,-0.012961751781404018,0.06608343124389648,-0.31295445561408997,0.9474663734436035
300,1648570175.131406,301.1221923828125,-22.753768920898438,1551.6920166015625,0.9968118667602539,-0.01541687361896038,-0.07828433811664581,0.004720285534858704,0.9908310770988464,-0.13502420485019684,0.0796482041478157,0.13422420620918274,0.987744927406311
4,1648570175.1314316,105.33355712890625,-42.54971694946289,1566.022216796875,-0.22965602576732635,-0.7856920957565308,-0.5744093060493469,-0.9707139134407043,0.22766777873039246,0.07669360935688019,0.0705169290304184,0.5752002000808716,-0.8149675130844116
410,1648570175.1314507,82.97569274902344,-145.466796875,1545.9842529296875,-0.23580335080623627,0.918430745601654,0.31761887669563293,-0.9693812131881714,-0.24534755945205688,-0.010227983817458153,0.06853331625461578,-0.31030556559562683,0.9481632709503174
300,1648570175.167923,301.12261962890625,-22.746606826782227,1551.68212890625,0.9968398213386536,-0.015512721613049507,-0.07790811359882355,0.0049877287819981575,0.9910346269607544,-0.13351212441921234,0.0792807787656784,0.13270162045955658,0.9879801869392395
4,1648570175.1679475,105.54530334472656,-42.653472900390625,1565.9420166015625,-0.22654297947883606,-0.7869760990142822,-0.5738875269889832,-0.9713568687438965,0.225933238863945,0.0736207365989685,0.07172250747680664,0.5741278529167175,-0.8156182169914246
410,1648570175.1679657,83.20306396484375,-145.48605346679688,1546.0615234375,-0.2361382395029068,0.9178734421730042,0.3189781904220581,-0.9691159129142761,-0.24646900594234467,-0.008207367733120918,0.07108491659164429,-0.3110649287700653,0.9477265477180481
300,1648570175.2046351,301.12188720703125,-22.755321502685547,1551.689697265625,0.9968445897102356,-0.015277574770152569,-0.07789424806833267,0.0047545344568789005,0.991033673286438,-0.133527934551239,0.07923579961061478,0.13273625075817108,0.9879791140556335
4,1648570175.2046607,105.75640106201172,-42.74656677246094,1565.885986328125,-0.2250019758939743,-0.7886402010917664,-0.5722069144248962,-0.9717113971710205,0.2248784601688385,0.07215708494186401,0.0717710331082344,0.5722554922103882,-0.8169287443161011
410,1648570175.20468,83.39916229248047,-145.4626007080078,1546.1923828125,-0.23499278724193573,0.9179220199584961,0.31968358159065247,-0.9693956971168518,-0.24537192285060883,-0.00803520530462265,0.07106567919254303,-0.3117881119251251,0.9474902749061584
300,1648570175.2582078,301.1151428222656,-22.742630004882812,1551.6890869140625,0.9968622326850891,-0.015204843133687973,-0.07768196612596512,0.004616737365722656,0.9908754825592041,-0.1347012221813202,0.07902126759290695,0.13391992449760437,0.9878365993499756
4,1648570175.2582452,105.82734680175781,-42.76513671875,1565.812255859375,-0.22608713805675507,-0.7876959443092346,-0.5730791687965393,-0.9714692234992981,0.22559311985969543,0.07317996025085449,0.07163915783166885,0.5732738375663757,-0.816226065158844
410,1648570175.2582934,83.75372314453125,-145.3734893798828,1546.2398681640625,-0.23443666100502014,0.9202035069465637,0.3134723901748657,-0.969272255897522,-0.24597425758838654,-0.0028282105922698975,0.07450360804796219,-0.30450311303138733,0.9495931267738342
300,1648570175.3072436,301.1144714355469,-22.73818016052246,1551.6781005859375,0.9968058466911316,-0.015515151433646679,-0.0783415362238884,0.004897118080407381,0.9909762740135193,-0.1339477300643921,0.07971283048391342,0.13313622772693634,0.9878869652748108
4,1648570175.3072877,105.66735076904297,-42.7758903503418,1566.1473388671875,-0.22783318161964417,-0.7873715162277222,-0.5728334188461304,-0.9709200263023376,0.22813385725021362,0.07258952409029007,0.07352777570486069,0.5727137327194214,-0.8164512515068054
410,1648570175.3073242,84.05003356933594,-145.21368408203125,1547.0196533203125,-0.23553289473056793,0.9193874001502991,0.31504133343696594,-0.9686527848243713,-0.24841736257076263,0.0007688115583732724,0.0789685770869255,-0.30498456954956055,0.9490776658058167
300,1648570175.3608184,301.10931396484375,-22.73747444152832,1551.6927490234375,0.9968997240066528,-0.015270903706550598,-0.077186718583107,0.004671274218708277,0.9907416105270386,-0.1356804519891739,0.07854405790567398,0.13489924371242523,0.9877413511276245
4,1648570175.3608432,105.79801177978516,-42.86586380004883,1566.454345703125,-0.22642949223518372,-0.789582371711731,-0.5703414678573608,-0.9712255597114563,0.22740668058395386,0.0707608014345169,0.07382798194885254,0.5699525475502014,-0.8183541297912598
