300,1648570648.8901243,301.396240234375,-22.69367027282715,1551.9542236328125,0.9968584179878235,-0.017451414838433266,-0.07725788652896881,0.007027307525277138,0.9910651445388794,-0.13319361209869385,0.07889201492071152,0.13223226368427277,0.9880742430686951
4,1648570648.8901482,-29.97740936279297,-75.0755386352539,1568.2772216796875,0.04650125280022621,-0.9713113307952881,0.2332206666469574,-0.9973275661468506,-0.05831453576683998,-0.044012341648340225,0.05634984374046326,-0.23055078089237213,-0.971427321434021
410,1648570648.8901668,12.1727933883667,-233.60064697265625,1565.208251953125,0.04516761377453804,0.6721840500831604,-0.7390050888061523,-0.9989777207374573,0.02901872992515564,-0.0346621610224247,-0.0018543630139902234,0.7398151755332947,0.6728075742721558
300,1648570648.9316099,301.389892578125,-22.687335968017578,1551.9722900390625,0.9968790411949158,-0.017479443922638893,-0.0769847184419632,0.007096427958458662,0.9910728931427002,-0.13313192129135132,0.07862453907728195,0.13217011094093323,0.9881038665771484
4,1648570648.9316337,-30.250322341918945,-75.07991790771484,1568.2808837890625,0.044246599078178406,-0.9715964794158936,0.23247036337852478,-0.9974287748336792,-0.05609443038702011,-0.04460060968995094,0.05637408792972565,-0.22989921271800995,-0.9715803265571594
410,1648570648.9316523,11.306020736694336,-233.47955322265625,1565.1900634765625,0.040727242827415466,0.6729734539985657,-0.7385445237159729,-0.9991689324378967,0.026208503171801567,-0.031217847019433975,-0.0016526372637599707,0.7392021417617798,0.6734815835952759
300,1648570648.963421,301.389404296875,-22.688871383666992,1551.94873046875,0.9968584179878235,-0.017521271482110023,-0.0772421732544899,0.0070943706668913364,0.9910570979118347,-0.13324971497058868,0.07888610661029816,0.13228312134742737,0.9880678653717041
4,1648570648.9634469,-30.694082260131836,-75.13775634765625,1568.31787109375,0.04145415872335434,-0.9728736877441406,0.22759251296520233,-0.9975082278251648,-0.053313273936510086,-0.04620634391903877,0.05708663538098335,-0.22510996460914612,-0.9726595878601074
410,1648570648.9634652,10.458732604980469,-233.48756408691406,1565.35693359375,0.038138337433338165,0.6738821268081665,-0.7378538846969604,-0.9992724061012268,0.026036888360977173,-0.027871090918779373,0.0004295876424293965,0.738379955291748,0.6743848323822021
300,1648570649.0000756,301.39996337890625,-22.682674407958984,1551.9559326171875,0.996841549873352,-0.01752055063843727,-0.07745929807424545,0.0070706442929804325,0.9910671710968018,-0.13317614793777466,0.07910068333148956,0.13220782577991486,0.9880608320236206
4,1648570649.0001016,-30.961650848388672,-75.18516540527344,1568.3779296875,0.03905210644006729,-0.9734005928039551,0.22575698792934418,-0.9975537061691284,-0.05108725652098656,-0.04771410673856735,0.05797824636101723,-0.22334139049053192,-0.9730144739151001
410,1648570649.0001214,9.739768028259277,-233.65672302246094,1565.74267578125,0.03530028462409973,0.6745550036430359,-0.7373801469802856,-0.9993724822998047,0.02598695643246174,-0.02406967431306839,0.0029259473085403442,0.7377671003341675,0.6750490069389343
300,1648570649.0494208,301.393310546875,-22.69278907775879,1551.9547119140625,0.9968972206115723,-0.017437230795621872,-0.07675834745168686,0.007091070991009474,0.9910839796066284,-0.1330498903989792,0.07839398831129074,0.13209277391433716,0.9881325364112854
4,1648570649.0494485,-31.592754364013672,-75.2830581665039,1568.492431640625,0.0338064581155777,-0.9741611480712891,0.2233096808195114,-0.9976308941841125,-0.04628720507025719,-0.05089269205927849,0.05991406366229057,-0.2210601270198822,-0.9734180569648743
410,1648570649.0494673,8.683267593383789,-233.8283233642578,1566.50341796875,0.03305232524871826,0.6754629611968994,-0.7366527915000916,-0.999424159526825,0.027998922392725945,-0.019169218838214874,0.0076773883774876595,0.7368621826171875,0.6759994029998779
300,1648570649.0831888,301.38690185546875,-22.696500778198242,1551.9608154296875,0.9968677163124084,-0.017429888248443604,-0.07714223861694336,0.007062566466629505,0.9911342859268188,-0.1326758861541748,0.07877084612846375,0.13171549141407013,0.9881529211997986
4,1648570649.0832148,-31.88627815246582,-75.34261322021484,1568.502685546875,0.032216958701610565,-0.9746155738830566,0.2215549200773239,-0.9977340698242188,-0.044460415840148926,-0.050496987998485565,0.059065572917461395,-0.21942603588104248,-0.9738395810127258
410,1648570649.083233,8.168394088745117,-233.8466796875,1567.10009765625,0.030779458582401276,0.6743082404136658,-0.7378082275390625,-0.9994451999664307,0.030161557719111443,-0.014128594659268856,0.012726418673992157,0.7378337979316711,0.6748625040054321
300,1648570649.1133113,301.3857727050781,-22.69455337524414,1551.98681640625,0.9969022274017334,-0.017435137182474136,-0.0766943022608757,0.007102552801370621,0.9910924434661865,-0.1329861730337143,0.07832977175712585,0.1320294886827469,0.9881460666656494
4,1648570649.113337,-32.256980895996094,-75.40337371826172,1568.4344482421875,0.030237795785069466,-0.9760041832923889,0.2156420797109604,-0.9977508187294006,-0.04238535091280937,-0.05193094536662102,0.05982488393783569,-0.21358677744865417,-0.9750906229019165
410,1648570649.1133556,7.630596160888672,-233.32461547851562,1567.5023193359375,0.02973739057779312,0.6757428646087646,-0.7365373373031616,-0.9994078278541565,0.03286196291446686,-0.010201171971857548,0.017310695722699165,0.736404538154602,0.67631995677948
300,1648570649.1464818,301.38629150390625,-22.691679000854492,1551.960205078125,0.9968518018722534,-0.017506778240203857,-0.07733071595430374,0.007081184070557356,0.9910790920257568,-0.13308696448802948,0.0789707750082016,0.13212038576602936,0.9880828857421875
4,1648570649.1465106,-32.73550033569336,-75.4532699584961,1568.399169921875,0.027117840945720673,-0.9769219756126404,0.21186800301074982,-0.9978790879249573,-0.03900234401226044,-0.052116990089416504,0.05917758494615555,-0.21000534296035767,-0.9759076833724976
410,1648570649.1465285,6.824911594390869,-231.9624786376953,1567.7425537109375,0.028753219172358513,0.6790091395378113,-0.7335665225982666,-0.9993674159049988,0.03489265590906143,-0.006874086335301399,0.0209285169839859,0.7333001494407654,0.6795828938484192
300,1648570649.1785085,301.39288330078125,-22.691837310791016,1551.93798828125,0.9968486428260803,-0.01759134791791439,-0.07735218107700348,0.007192150689661503,0.991128146648407,-0.13271500170230865,0.0790005549788475,0.13174043595790863,0.9881312251091003
4,1648570649.1785364,-33.02540969848633,-75.4958724975586,1568.3912353515625,0.025198878720402718,-0.9776492714881897,0.2087268978357315,-0.9979552626609802,-0.036869145929813385,-0.05221051722764969,0.058739155530929565,-0.20698446035385132,-0.9765793085098267
410,1648570649.1785553,5.818102836608887,-229.9761199951172,1567.853515625,0.025601625442504883,0.6840202212333679,-0.7290136814117432,-0.9993942379951477,0.034709859639406204,-0.0025292672216892242,0.023573892191052437,0.7286368012428284,0.6844944953918457
300,1648570649.209086,301.40081787109375,-22.694063186645508,1551.9385986328125,0.9968034029006958,-0.017640061676502228,-0.07792195677757263,0.007114917505532503,0.9910451173782349,-0.1333375722169876,0.07957625389099121,0.1323569267988205,0.9880026578903198
4,1648570649.2091117,-33.5061149597168,-75.5979995727539,1568.5537109375,0.021594563499093056,-0.9783340692520142,0.2059032917022705,-0.997931957244873,-0.033564675599336624,-0.05481971800327301,0.06054307520389557,-0.20429366827011108,-0.977035641670227
410,1648570649.2091322,4.879714488983154,-227.5130157470703,1568.0286865234375,0.024604154750704765,0.6846246719360352,-0.7284803986549377,-0.9993763566017151,0.03530753031373024,-0.0005716063897125423,0.025329507887363434,0.7280401587486267,0.6850664019584656
300,1648570649.2541506,301.3894958496094,-22.697668075561523,1551.94189453125,0.9968284368515015,-0.017525753006339073,-0.07762668281793594,0.007070138584822416,0.9910949468612671,-0.13296936452388763,0.07926579564809799,0.13199880719184875,0.9880755543708801
4,1648570649.2541752,-34.36146926879883,-75.70594787597656,1568.8717041015625,0.014317362569272518,-0.9788796901702881,0.20393507182598114,-0.9979488253593445,-0.026716329157352448,-0.05817575752735138,0.06239546462893486,-0.20268383622169495,-0.977254331111908
410,1648570649.254193,3.57228684425354,-223.6289520263672,1568.466552734375,0.022429466247558594,0.6843175292015076,-0.728839099407196,-0.9994001984596252,0.034587375819683075,0.0017188054043799639,0.026384839788079262,0.7283633947372437,0.6846828460693359
300,1648570649.2860723,301.3901672363281,-22.701194763183594,1551.957763671875,0.9968159794807434,-0.01752263307571411,-0.07778698951005936,0.007040135096758604,0.9910857677459717,-0.13303913176059723,0.07942477613687515,0.13206790387630463,0.9880535006523132
4,1648570649.2860985,-34.722068786621094,-75.72432708740234,1568.9600830078125,0.011830328963696957,-0.9790327548980713,0.2033589631319046,-0.9980210065841675,-0.024121832102537155,-0.058070454746484756,0.06175827234983444,-0.2022695392370224,-0.977380633354187
410,1648570649.2861173,2.8242154121398926,-221.31092834472656,1568.498291015625,0.019268758594989777,0.6836238503456116,-0.7295801639556885,-0.9994539618492126,0.03276100382208824,0.004301055334508419,0.026842080056667328,0.7290988564491272,0.6838818192481995
300,1648570649.3309824,301.3984069824219,-22.692298889160156,1551.996826171875,0.9968544244766235,-0.017560262233018875,-0.07728445529937744,0.007144269999116659,0.9910849332809448,-0.13303986191749573,0.07893167436122894,0.13206923007965088,0.988092839717865
4,1648570649.3310094,-34.77470016479492,-75.64602661132812,1568.8311767578125,0.011234477162361145,-0.979405403137207,0.20159076154232025,-0.9981043934822083,-0.0231834277510643,-0.05701051279902458,0.060509972274303436,-0.20056813955307007,-0.9778092503547668
410,1648570649.331029,2.0824968814849854,-219.59906005859375,1567.9034423828125,0.013764528557658195,0.6854984164237976,-0.727944016456604,-0.999611496925354,0.027079671621322632,0.006599259562790394,0.024236267432570457,0.7275703549385071,0.6856048107147217
300,1648570649.3646164,301.3970642089844,-22.697580337524414,1551.9466552734375,0.9968180656433105,-0.017530467361211777,-0.07775874435901642,0.007131932768970728,0.9912186861038208,-0.13204029202461243,0.07939065247774124,0.13106557726860046,0.9881897568702698
4,1648570649.3646414,-34.95558547973633,-75.6328353881836,1568.58349609375,0.010754784569144249,-0.9800865650177002,0.1982792764902115,-0.9981997013092041,-0.022223826497793198,-0.055708546191453934,0.059005722403526306,-0.19732317328453064,-0.9785611033439636
410,1648570649.3646595,1.5045071840286255,-219.4518280029297,1566.982177734375,0.011257404461503029,0.6901842951774597,-0.7235460877418518,-0.9997156262397766,0.02298170141875744,0.006367814261466265,0.021023284643888474,0.7232686281204224,0.6902467012405396
300,1648570649.405095,301.4068298339844,-22.693511962890625,1551.951171875,0.9968260526657104,-0.017581090331077576,-0.0776446983218193,0.007117835339158773,0.9910863637924194,-0.13303077220916748,0.07929142564535141,0.1320558786392212,0.9880658388137817
4,1648570649.4051216,-35.38408279418945,-75.61646270751953,1568.3519287109375,0.00853890273720026,-0.9813876748085022,0.19184719026088715,-0.9983707666397095,-0.01919127069413662,-0.05373592674732208,0.056417565792798996,-0.19107578694820404,-0.9799525737762451
410,1648570649.4051404,0.8463890552520752,-219.38160705566406,1566.0067138671875,0.010634737089276314,0.6951389312744141,-0.7187967300415039,-0.9997923374176025,0.019888518378138542,0.004441805649548769,0.017383472993969917,0.7186002135276794,0.6952061057090759
300,1648570649.4373615,301.4051818847656,-22.68848991394043,1551.931640625,0.9968681931495667,-0.01747780665755272,-0.07712548971176147,0.007146858610212803,0.9911914467811584,-0.13224391639232635,0.07875745743513107,0.13127854466438293,0.9882121086120605
4,1648570649.437386,-35.45951461791992,-75.55402374267578,1568.0987548828125,0.00836787186563015,-0.981804370880127,0.18971067667007446,-0.9984607696533203,-0.018605735152959824,-0.05224904417991638,0.05482804775238037,-0.18898144364356995,-0.980448842048645
410,1648570649.4374044,0.6432361006736755,-219.4239044189453,1565.7469482421875,0.009089971892535686,0.6946662068367004,-0.7192747592926025,-0.9998255372047424,0.018052706494927406,0.0047995843924582005,0.016318965703248978,0.7191056609153748,0.6947091221809387
300,1648570649.4788451,301.3948669433594,-22.691530227661133,1551.962890625,0.9967976212501526,-0.01751752384006977,-0.07802347093820572,0.007019767537713051,0.9911127686500549,-0.13283893465995789,0.07965706288814545,0.13186582922935486,0.9880618453025818
4,1648570649.4788725,-35.80887985229492,-75.56331634521484,1568.060302734375,0.006551851984113455,-0.982791543006897,0.1846018135547638,-0.9984328150749207,-0.016689559444785118,-0.053416453301906586,0.05557816103100777,-0.18396253883838654,-0.9813607335090637
410,1648570649.4788918,0.37490347027778625,-219.38967895507812,1565.74072265625,0.009184069000184536,0.6940346956253052,-0.7198829650878906,-0.9998186826705933,0.018383437767624855,0.004967946093529463,0.0166818518191576,0.7197067737579346,0.6940776705741882
300,1648570649.509287,301.39251708984375,-22.688730239868164,1551.97607421875,0.996854841709137,-0.01751342974603176,-0.07728958874940872,0.007158010266721249,0.9911870360374451,-0.13227637112140656,0.07892505079507828,0.13130711019039154,0.9881949424743652
4,1648570649.5093136,-35.802886962890625,-75.5652084350586,1568.1204833984375,0.006664284970611334,-0.982836127281189,0.18436025083065033,-0.9984087944030762,-0.016863426193594933,-0.05380934476852417,0.05599471554160118,-0.1837082952260971,-0.9813846349716187
410,1648570649.5093336,0.3828983008861542,-219.43911743164062,1565.9639892578125,0.00832141749560833,0.6938544511795044,-0.7200671434402466,-0.9998029470443726,0.01875191740691662,0.006515119690448046,0.018023185431957245,0.7198710441589355,0.6938737630844116
300,1648570649.540909,301.3905944824219,-22.693708419799805,1551.969970703125,0.996894121170044,-0.017484646290540695,-0.07678766548633575,0.007199492771178484,0.9911931157112122,-0.13222862780094147,0.07842337340116501,0.13126511871814728,0.9882404804229736
4,1648570649.5409331,-35.763397216796875,-75.56182861328125,1568.2152099609375,0.007093409076333046,-0.9828271269798279,0.1843923032283783,-0.9984006881713867,-0.017303314059972763,-0.05382058396935463,0.05608692765235901,-0.18371562659740448,-0.9813780188560486
410,1648570649.540951,0.38199591636657715,-219.44459533691406,1566.2613525390625,0.00745760602876544,0.6939704418182373,-0.719964861869812,-0.9997865557670593,0.019046535715460777,0.008002777583897114,0.019266527146100998,0.7197514772415161,0.693964421749115
300,1648570649.5825162,301.4018249511719,-22.6876277923584,1551.9622802734375,0.9968532919883728,-0.017497975379228592,-0.07731334120035172,0.0071221827529370785,0.9911583065986633,-0.13249321281909943,0.07894812524318695,0.1315256506204605,0.9881640672683716
4,1648570649.5825458,-35.913272857666016,-75.60449981689453,1568.42333984375,0.006277678068727255,-0.9833135604858398,0.18181033432483673,-0.9983566403388977,-0.01651962846517563,-0.054873738437891006,0.056961528956890106,-0.18116708099842072,-0.9818013310432434
410,1648570649.5825667,0.12882275879383087,-219.2927703857422,1566.697021484375,0.007187573239207268,0.6956060528755188,-0.7183874845504761,-0.999756932258606,0.01997353695333004,0.009337421506643295,0.020843906328082085,0.7181457281112671,0.6955804824829102
300,1648570649.6340604,301.38189697265625,-22.68655776977539,1551.924560546875,0.9968242645263672,-0.017605051398277283,-0.07766205817461014,0.007141762878745794,0.9910901784896851,-0.13300074636936188,0.07931158691644669,0.13202373683452606,0.9880685210227966
4,1648570649.6340845,-35.993221282958984,-75.63822174072266,1568.5572509765625,0.005471911747008562,-0.9835333228111267,0.18064403533935547,-0.9982485771179199,-0.016013681888580322,-0.0569499135017395,0.05890491232275963,-0.18001604080200195,-0.9818983674049377
410,1648570649.6341014,-0.18676422536373138,-218.98838806152344,1567.14208984375,0.005189577583223581,0.6969015598297119,-0.7171480059623718,-0.9996914267539978,0.021037781611084938,0.01320966612547636,0.024293040856719017,0.7168581485748291,0.696795642375946
300,1648570649.6819801,301.382080078125,-22.682819366455078,1551.9271240234375,0.996833860874176,-0.017540227621793747,-0.0775538831949234,0.007128093391656876,0.9911511540412903,-0.13254643976688385,0.07919251918792725,0.13157397508621216,0.9881380796432495
4,1648570649.682007,-36.189125061035156,-75.65937042236328,1568.6182861328125,0.0037620498333126307,-0.9837322235107422,0.17960163950920105,-0.9982106685638428,-0.014412466436624527,-0.058032263070344925,0.05967671051621437,-0.17906194925308228,-0.982026219367981
410,1648570649.6820254,-0.6141960620880127,-218.31590270996094,1567.1607666015625,0.003982448950409889,0.6979248523712158,-0.7161599397659302,-0.9996721148490906,0.020894072949886322,0.014803046360611916,0.025294911116361618,0.7158661484718323,0.6977791786193848
300,1648570649.733506,301.3993225097656,-22.686750411987305,1551.9344482421875,0.9967981576919556,-0.01755053736269474,-0.0780089870095253,0.007060084491968155,0.991121768951416,-0.13276983797550201,0.07964658737182617,0.13179397583007812,0.9880722761154175
4,1648570649.733531,-36.38400650024414,-75.66376495361328,1568.4713134765625,0.002140296855941415,-0.9838067889213562,0.17921945452690125,-0.998333215713501,-0.012438373640179634,-0.0563567578792572,0.05767335742712021,-0.17880010604858398,-0.9821935892105103
410,1648570649.7335484,-1.1768602132797241,-217.3417205810547,1567.0128173828125,0.002091757720336318,0.700264036655426,-0.7138808369636536,-0.9996445775032043,0.020436696708202362,0.017117800191044807,0.026576345786452293,0.7135913372039795,0.7000579237937927
300,1648570649.7817206,301.404052734375,-22.690765380859375,1551.9827880859375,0.9968382716178894,-0.017560487613081932,-0.07749263942241669,0.007140730042010546,0.9911249876022339,-0.13274145126342773,0.07913589477539062,0.13176840543746948,0.9881166815757751
4,1648570649.7817469,-36.66849899291992,-75.68479919433594,1568.2724609375,0.0004341612511780113,-0.9843733310699463,0.17609374225139618,-0.9983482956886292,-0.010543322190642357,-0.05647629126906395,0.05745036527514458,-0.1757783591747284,-0.9827519655227661
410,1648570649.7817657,-1.712174415588379,-215.93942260742188,1566.6083984375,0.0010017004096880555,0.7039093971252441,-0.7102890610694885,-0.9996185898780823,0.020307786762714386,0.01871565356850624,0.02759852260351181,0.7099993824958801,0.7036612629890442
300,1648570649.832948,301.369873046875,-22.68703269958496,1551.9835205078125,0.9968970417976379,-0.01741650141775608,-0.0767657458782196,0.00714214937761426,0.991206169128418,-0.13213388621807098,0.07839199155569077,0.13117559254169464,0.9882548451423645
4,1648570649.8329763,-37.60276794433594,-75.7389907836914,1568.25341796875,-0.004266725853085518,-0.9861165881156921,0.16599953174591064,-0.9983232021331787,-0.005382578354328871,-0.05763523280620575,0.057728562504053116,-0.16596709191799164,-0.9844400882720947
410,1648570649.8329947,-2.947608470916748,-213.26119995117188,1566.44140625,-0.0005441714893095195,0.7077086567878723,-0.7065041661262512,-0.9995929002761841,0.019768282771110535,0.020571904256939888,0.02852528914809227,0.7062277793884277,0.7074097990989685
300,1648570649.8644822,301.3642578125,-22.6867618560791,1551.96240234375,0.9968388676643372,-0.01746334135532379,-0.07750659435987473,0.007079026661813259,0.9911867380142212,-0.13228271901607513,0.07913360744714737,0.13131588697433472,0.9881771206855774
4,1648570649.8645082,-38.01344299316406,-75.7704849243164,1568.327880859375,-0.007092750631272793,-0.9869311451911926,0.16098652780056,-0.9982896447181702,-0.0023540935944765806,-0.05841450020670891,0.05803006514906883,-0.16112551093101501,-0.9852263927459717
410,1648570649.8645265,-3.528017044067383,-211.1934051513672,1566.51513671875,-0.0022102638613432646,0.7081410884857178,-0.7060675024986267,-0.9995711445808411,0.01905296929180622,0.02223796956241131,0.029200302436947823,0.7058138251304626,0.707795262336731
300,1648570649.9008179,301.3865966796875,-22.683326721191406,1551.9801025390625,0.9968469142913818,-0.017553746700286865,-0.07738295197486877,0.007182554341852665,0.991181492805481,-0.13231651484966278,0.07902320474386215,0.13134349882602692,0.9881823062896729
4,1648570649.9008443,-38.420928955078125,-75.79849243164062,1568.43603515625,-0.009901958517730236,-0.9871612787246704,0.15941928327083588,-0.998199462890625,0.00032612617360427976,-0.059981390833854675,0.05915931612253189,-0.15972617268562317,-0.9853870868682861
410,1648570649.9008634,-4.220643043518066,-208.8495330810547,1566.45068359375,-0.0036674749571830034,0.7095990180969238,-0.704596221446991,-0.9995632767677307,0.018058734014630318,0.023389754816889763,0.02932146191596985,0.7043743133544922,0.7092229127883911
300,1648570649.9502182,301.3891906738281,-22.68337059020996,1551.976318359375,0.9968952536582947,-0.017475515604019165,-0.07677551358938217,0.007196083199232817,0.9911999702453613,-0.1321774274110794,0.07840975373983383,0.13121457397937775,0.9882482886314392
4,1648570649.9502447,-38.86943435668945,-75.81841278076172,1568.5643310546875,-0.01321600005030632,-0.9878140091896057,0.15507690608501434,-0.998099148273468,0.0036960055585950613,-0.061517298221588135,0.060194484889507294,-0.15559515357017517,-0.9859851598739624
410,1648570649.9502652,-4.991180419921875,-206.2014617919922,1566.3665771484375,-0.0061910320073366165,0.7119756937026978,-0.7021768093109131,-0.9995715618133545,0.015682222321629524,0.02471420355141163,0.028607605025172234,0.7020289897918701,0.7115735411643982
300,1648570650.0000894,301.37799072265625,-22.690465927124023,1551.983642578125,0.9968649744987488,-0.017502879723906517,-0.07716140896081924,0.007111140061169863,0.9910979270935059,-0.1329449713230133,0.07880143076181412,0.13197948038578033,0.9881152510643005
4,1648570650.000116,-38.825843811035156,-75.79541778564453,1568.451171875,-0.012712173163890839,-0.9880196452140808,0.1538037210702896,-0.9981894493103027,0.003495662473142147,-0.060046494007110596,0.05878947302699089,-0.15428857505321503,-0.9862752556800842
410,1648570650.000134,-5.315138339996338,-204.09532165527344,1565.9755859375,-0.0096316272392869,0.7142968773841858,-0.6997765898704529,-0.9995554089546204,0.012870033271610737,0.02689482644200325,0.02821703813970089,0.6997244954109192,0.7138553261756897
300,1648570650.049765,301.3681335449219,-22.68976402282715,1551.9805908203125,0.9968811869621277,-0.017455199733376503,-0.07696214318275452,0.007107877172529697,0.9911277294158936,-0.13272269070148468,0.07859601825475693,0.13176171481609344,0.9881606698036194
4,1648570650.0497916,-39.01612091064453,-75.75807189941406,1568.3006591796875,-0.013484225608408451,-0.9882399439811707,0.15231552720069885,-0.9982898235321045,0.004639599472284317,-0.058274611830711365,0.05688261613249779,-0.15284082293510437,-0.9866124391555786
410,1648570650.0498145,-5.746149063110352,-201.67295837402344,1565.3958740234375,-0.010531648993492126,0.717728853225708,-0.6962430477142334,-0.9995709657669067,0.011473780497908592,0.026947766542434692,0.02732972986996174,0.6962281465530396,0.7173001170158386
300,1648570650.0995488,301.3833923339844,-22.691932678222656,1552.0025634765625,0.9968929886817932,-0.01736975833773613,-0.07682857662439346,0.007062471937388182,0.9911648631095886,-0.13244765996932983,0.07845036685466766,0.13149353861808777,0.988207995891571
4,1648570650.0995753,-39.08759689331055,-75.7512435913086,1568.28271484375,-0.014028501696884632,-0.9882451295852661,0.15223252773284912,-0.9982728958129883,0.005156219005584717,-0.0585201121866703,0.057047270238399506,-0.15279056131839752,-0.9866107106208801
410,1648570650.099593,-5.956098556518555,-199.2749481201172,1565.1966552734375,-0.012339801527559757,0.7190768718719482,-0.6948210000991821,-0.9995590448379517,0.009897369891405106,0.027994735166430473,0.027007266879081726,0.69486004114151,0.7186376452445984
300,1648570650.149227,301.39202880859375,-22.68714714050293,1551.9718017578125,0.9969116449356079,-0.017374757677316666,-0.07658515125513077,0.007117194589227438,0.9911940693855286,-0.13222593069076538,0.07820813357830048,0.13127249479293823,0.988256573677063
4,1648570650.149254,-39.432533264160156,-75.79129028320312,1568.349853515625,-0.01659059338271618,-0.9888714551925659,0.14784441888332367,-0.9981347322463989,0.007691245526075363,-0.060563623905181885,0.058752529323101044,-0.14857344329357147,-0.9871545433998108
410,1648570650.1492734,-6.253077983856201,-196.4790496826172,1565.2998046875,-0.012776955030858517,0.7185205221176147,-0.6953883767127991,-0.9995452165603638,0.009819491766393185,0.028511621057987213,0.027314545586705208,0.695436418056488,0.7180683016777039
300,1648570650.1990645,301.3726806640625,-22.680458068847656,1551.96875,0.9969115853309631,-0.017410453408956528,-0.07657822966575623,0.007143329828977585,0.9911765456199646,-0.1323556900024414,0.07820691913366318,0.13139989972114563,0.9882397055625916
4,1648570650.1990905,-39.50489807128906,-75.80949401855469,1568.4609375,-0.01723290979862213,-0.9887387156486511,0.1486564427614212,-0.9980598092079163,0.008114083670079708,-0.06173137202858925,0.059829987585544586,-0.14943183958530426,-0.986960232257843
410,1648570650.1991086,-6.415678977966309,-194.14544677734375,1565.4051513671875,-0.014181465841829777,0.7188180088996887,-0.6950536370277405,-0.9995014667510986,0.009419381618499756,0.03013467788696289,0.028208324685692787,0.6951344609260559,0.7183260917663574
300,1648570650.2487144,301.37310791015625,-22.690231323242188,1551.9879150390625,0.996938943862915,-0.017388297244906425,-0.07622579485177994,0.007191776763647795,0.9912166595458984,-0.13205251097679138,0.07785244286060333,0.13110008835792542,0.988307535648346
4,1648570650.248741,-39.52576446533203,-75.80066680908203,1568.5247802734375,-0.01689939759671688,-0.9887862801551819,0.148378387093544,-0.9980661869049072,0.0078039346262812614,-0.06166864186525345,0.05981916934251785,-0.1491336077451706,-0.9870060086250305
410,1648570650.2487597,-6.458281517028809,-192.4556884765625,1565.3868408203125,-0.015057244338095188,0.718911349773407,-0.6949386596679688,-0.9994704723358154,0.00922863557934761,0.03120252676308155,0.028845185413956642,0.6950405240058899,0.7183917164802551
300,1648570650.2984548,301.397705078125,-22.681884765625,1551.9677734375,0.9968160390853882,-0.017523040995001793,-0.07778612524271011,0.007052429020404816,0.991105318069458,-0.1328926831483841,0.07942292839288712,0.1319209784269333,0.9880732893943787
4,1648570650.2985141,-39.2411994934082,-75.73590087890625,1568.4813232421875,-0.016222218051552773,-0.988535463809967,0.1501147598028183,-0.9980401992797852,0.0069342185743153095,-0.062190454453229904,0.060436543077230453,-0.15082941949367523,-0.9867106676101685
410,1648570650.2985349,-6.341109752655029,-191.79641723632812,1565.2923583984375,-0.017450109124183655,0.7187999486923218,-0.6949979662895203,-0.9994351863861084,0.007426767144352198,0.03277507796883583,0.02872031182050705,0.6951773166656494,0.7182643413543701
300,1648570650.3482609,301.3851318359375,-22.68494415283203,1551.9671630859375,0.9968557357788086,-0.017660589888691902,-0.0772445872426033,0.0073111033998429775,0.9911872744560242,-0.1322660595178604,0.07889974862337112,0.13128544390201569,0.9881998896598816
4,1648570650.3482878,-39.35219192504883,-75.75391387939453,1568.539306640625,-0.016388535499572754,-0.9886542558670044,0.1493123173713684,-0.9981043934822083,0.007316358853131533,-0.061107613146305084,0.05932188034057617,-0.1500307321548462,-0.9869000315666199
410,1648570650.34832,-6.4506635665893555,-191.7372283935547,1565.13671875,-0.0175486970692873,0.7189141511917114,-0.6948773264884949,-0.999468982219696,0.006470199674367905,0.031934984028339386,0.02745450660586357,0.6950687766075134,0.7184188365936279
300,1648570650.3979406,301.3719787597656,-22.687334060668945,1551.935546875,0.9968641996383667,-0.017581576481461525,-0.07715307176113129,0.007223798427730799,0.9911530613899231,-0.13252727687358856,0.07880054414272308,0.13155436515808105,0.9881719946861267
4,1648570650.397967,-39.19298553466797,-75.69828796386719,1568.4471435546875,-0.015585266053676605,-0.9887679815292358,0.14864367246627808,-0.9981297254562378,0.0065965051762759686,-0.06077422574162483,0.059111081063747406,-0.1493128538131714,-0.9870215654373169
410,1648570650.3979852,-6.325047492980957,-191.70872497558594,1565.2041015625,-0.018374763429164886,0.7183269262313843,-0.6954630017280579,-0.999422013759613,0.006701399106532335,0.03332734853029251,0.028600508347153664,0.695673406124115,0.7177886366844177
300,1648570650.428363,301.38165283203125,-22.687467575073242,1551.978759765625,0.9968801140785217,-0.017493147403001785,-0.0769675225019455,0.007188078016042709,0.9911996722221375,-0.13217978179454803,0.07860242575407028,0.13121414184570312,0.9882330298423767
4,1648570650.4283876,-39.190792083740234,-75.68273162841797,1568.4239501953125,-0.0158772561699152,-0.9885627031326294,0.14997239410877228,-0.9981085658073425,0.00676075741648674,-0.06110319495201111,0.05939041078090668,-0.15065889060497284,-0.9868001937866211
410,1648570650.4284065,-6.381497859954834,-191.6371612548828,1565.1112060546875,-0.017810676246881485,0.7196441292762756,-0.694114625453949,-0.9994388222694397,0.006883060559630394,0.03278138116002083,0.02836856245994568,0.6943089365959167,0.7191177010536194
300,1648570650.471416,301.3993835449219,-22.6802921295166,1551.9609375,0.9968423247337341,-0.017568236216902733,-0.07743839174509048,0.007145289331674576,0.9911076426506042,-0.1328705996274948,0.07908408343791962,0.1318977177143097,0.9881035685539246
4,1648570650.4714422,-39.0761604309082,-75.65222930908203,1568.406005859375,-0.015258808620274067,-0.9883526563644409,0.1514139026403427,-0.9981878995895386,0.006241790018975735,-0.05984964221715927,0.05820745974779129,-0.15205276012420654,-0.986656904220581
410,1648570650.4714603,-6.325250148773193,-191.5799560546875,1565.0423583984375,-0.01784978061914444,0.7204325199127197,-0.6932953000068665,-0.9994288682937622,0.007043587975203991,0.03305087238550186,0.028694208711385727,0.6934893131256104,0.7198953032493591
300,1648570650.5208726,301.38116455078125,-22.681596755981445,1551.9920654296875,0.9969054460525513,-0.017464738339185715,-0.07664533704519272,0.007147151976823807,0.9911068081855774,-0.13287676870822906,0.0782843753695488,0.1319177746772766,0.9881646037101746
4,1648570650.5208995,-38.82499313354492,-75.59156799316406,1568.35302734375,-0.013771011494100094,-0.9880020618438721,0.15382543206214905,-0.9982184171676636,0.004652166739106178,-0.0594838410615921,0.05805453658103943,-0.1543705314397812,-0.9863059520721436
410,1648570650.5209188,-5.979701519012451,-191.34336853027344,1565.1019287109375,-0.017269587144255638,0.7191249132156372,-0.6946661472320557,-0.9994314312934875,0.007706328295171261,0.032823797315359116,0.028957735747098923,0.6948380470275879,0.7185829877853394
300,1648570650.5546849,301.36895751953125,-22.671977996826172,1551.9847412109375,0.996920645236969,-0.017466416582465172,-0.07644703984260559,0.007167165167629719,0.991093099117279,-0.1329776793718338,0.07808878272771835,0.13202029466629028,0.9881663918495178
4,1648570650.5547109,-38.717166900634766,-75.54655456542969,1568.3565673828125,-0.013191433623433113,-0.987900972366333,0.15452399849891663,-0.9981614351272583,0.0038670555222779512,-0.060488417744636536,0.059159014374017715,-0.15503782033920288,-0.9861356616020203
410,1648570650.554729,-6.065051555633545,-191.0904083251953,1565.014404296875,-0.018342275172472,0.7207654714584351,-0.6929363012313843,-0.9994246959686279,0.006556663662195206,0.033275119960308075,0.02852690778672695,0.6931480169296265,0.7202305793762207
300,1648570650.591044,301.3758544921875,-22.68274688720703,1551.9571533203125,0.996916651725769,-0.017356399446725845,-0.07652401179075241,0.007134535815566778,0.9912403225898743,-0.13187789916992188,0.07814260572195053,0.13092531263828278,0.988307774066925
4,1648570650.59107,-38.69111633300781,-75.5389633178711,1568.45166015625,-0.013416367582976818,-0.9878615140914917,0.1547568142414093,-0.9981430768966675,0.004034384619444609,-0.060779497027397156,0.059417374432086945,-0.15528488159179688,-0.9860812425613403
410,1648570650.5910902,-6.2364182472229,-190.8251953125,1565.023193359375,-0.019348101690411568,0.7228861451148987,-0.6906962394714355,-0.9994049668312073,0.005746733862906694,0.034010354429483414,0.02855486050248146,0.6909432411193848,0.7223448157310486
300,1648570650.621554,301.3988037109375,-22.680850982666016,1551.9813232421875,0.996900200843811,-0.017439624294638634,-0.07671944051980972,0.007174043450504541,0.9912106394767761,-0.13209865987300873,0.07834887504577637,0.13113878667354584,0.9882631301879883
4,1648570650.6215937,-38.68705368041992,-75.5373764038086,1568.5250244140625,-0.01391770038753748,-0.987786054611206,0.1551934778690338,-0.9980692267417908,0.004327800124883652,-0.06196064502000809,0.06053221598267555,-0.15575619041919708,-0.985939085483551
410,1648570650.6216142,-6.320949554443359,-190.68197631835938,1565.18408203125,-0.01935681700706482,0.7239246368408203,-0.6896074414253235,-0.9993737936019897,0.006424973253160715,0.03479645028710365,0.029620718210935593,0.6898491382598877,0.7233469486236572
300,1648570650.6651359,301.3949279785156,-22.686767578125,1551.9639892578125,0.9969258308410645,-0.017464345321059227,-0.07637958973646164,0.0072045340202748775,0.9911445379257202,-0.13259175419807434,0.07801884412765503,0.13163387775421143,0.9882234334945679
4,1648570650.6651626,-38.808258056640625,-75.6116943359375,1568.693115234375,-0.014107993803918362,-0.988175630569458,0.15267562866210938,-0.9980605244636536,0.004658092278987169,-0.06207682192325592,0.06063162535429001,-0.15325529873371124,-0.9863247871398926
410,1648570650.665181,-6.3576531410217285,-190.6942901611328,1565.4820556640625,-0.01925714686512947,0.7234952449798584,-0.6900607347488403,-0.9993296265602112,0.007565636653453112,0.035819947719573975,0.03113630972802639,0.6902878880500793,0.7228645086288452
300,1648570650.7145734,301.3671569824219,-22.683696746826172,1551.9659423828125,0.9969127178192139,-0.0174920205026865,-0.07654466480016708,0.007262342143803835,0.9912320971488953,-0.13193252682685852,0.07818129658699036,0.1309693306684494,0.9882988929748535
4,1648570650.7145998,-38.982112884521484,-75.64910125732422,1568.8765869140625,-0.015398906543850899,-0.9881129860877991,0.15295620262622833,-0.9979601502418518,0.005709715653210878,-0.06358454376459122,0.06195537745952606,-0.1536233276128769,-0.9861852526664734
410,1648570650.7146187,-6.42107629776001,-190.6805877685547,1565.890869140625,-0.01881900429725647,0.721097469329834,-0.6925780177116394,-0.9993114471435547,0.00858843233436346,0.03609577938914299,0.03197673335671425,0.6927803754806519,0.7204393148422241
300,1648570650.7480016,301.3577880859375,-22.68525505065918,1551.9185791015625,0.9968709945678711,-0.01749728061258793,-0.07708509266376495,0.00722589110955596,0.9912816286087036,-0.1315617859363556,0.0787150114774704,0.13059312105178833,0.9883063435554504
4,1648570650.7480261,-38.99646759033203,-75.6923828125,1568.9468994140625,-0.015080232173204422,-0.9882371425628662,0.15218393504619598,-0.997990071773529,0.005507252644747496,-0.06313051283359528,0.061549801379442215,-0.1528300940990448,-0.9863339066505432
410,1648570650.7480445,-6.429800510406494,-190.78562927246094,1566.07275390625,-0.019444378092885017,0.7206159830093384,-0.6930617094039917,-0.9992519617080688,0.00917031615972519,0.03756968304514885,0.03342891111969948,0.6932737231254578,0.7198986411094666
300,1648570650.7842283,301.35455322265625,-22.694137573242188,1552.05419921875,0.996894121170044,-0.0173406433314085,-0.07682035118341446,0.007133838254958391,0.991330623626709,-0.13119737803936005,0.07842940837144852,0.13024187088012695,0.9883753657341003
4,1648570650.7842546,-39.51310348510742,-75.76118469238281,1568.9246826171875,-0.018830081447958946,-0.9892674088478088,0.144897922873497,-0.9978651404380798,0.009530446492135525,-0.06460907310247421,0.06253471225500107,-0.14580518007278442,-0.9873349070549011
410,1648570650.7842743,-7.02569055557251,-190.72991943359375,1565.7777099609375,-0.01786351203918457,0.7241660952568054,-0.6893942356109619,-0.9993387460708618,0.008907955139875412,0.03525202348828316,0.031669411808252335,0.6895681023597717,0.7235280871391296
300,1648570650.8341007,301.38970947265625,-22.68922233581543,1551.9893798828125,0.9968867301940918,-0.017460132017731667,-0.07688909024000168,0.007205763831734657,0.9912668466567993,-0.13167433440685272,0.07851666212081909,0.13071034848690033,0.9883065819740295
4,1648570650.834128,-39.49734878540039,-75.74205780029297,1568.8656005859375,-0.01745772920548916,-0.9890626668930054,0.14645904302597046,-0.998010516166687,0.008362183347344398,-0.06249033287167549,0.06058213859796524,-0.14725860953330994,-0.9872409701347351
410,1648570650.8341482,-7.001535892486572,-190.7214813232422,1565.578369140625,-0.01810762844979763,0.7242982387542725,-0.6892489790916443,-0.9993844032287598,0.007605683524161577,0.034247804433107376,0.030047833919525146,0.6894448399543762,0.7237146496772766
300,1648570650.883676,301.37841796875,-22.686777114868164,1551.9443359375,0.9968472719192505,-0.017528455704450607,-0.07738383114337921,0.0071774316020309925,0.9912151098251343,-0.13206464052200317,0.07901891320943832,0.1310928612947464,0.9882159233093262
4,1648570650.8837016,-39.02870559692383,-75.65055084228516,1568.6788330078125,-0.01499885693192482,-0.9886975288391113,0.14917194843292236,-0.9980898499488831,0.005862323567271233,-0.06150045245885849,0.05993084982037544,-0.14980943500995636,-0.9868968725204468
410,1648570650.8837204,-6.5103535652160645,-190.5808868408203,1565.0841064453125,-0.017790302634239197,0.7246519327163696,-0.6888853311538696,-0.9994521737098694,0.006342519074678421,0.032482437789440155,0.027907731011509895,0.689085841178894,0.7241421341896057
300,1648570650.9352539,301.35992431640625,-22.693368911743164,1551.967529296875,0.9968992471694946,-0.017435064539313316,-0.07673283666372299,0.007202738896012306,0.9912691116333008,-0.13165727257728577,0.07835834473371506,0.1306963413953781,0.9883210062980652
4,1648570650.9352787,-38.51739501953125,-75.57678985595703,1568.636474609375,-0.011730251833796501,-0.9879697561264038,0.15420174598693848,-0.9982463121414185,0.002621881663799286,-0.05913902446627617,0.05802326649427414,-0.1546250283718109,-0.9862679243087769
410,1648570650.9353087,-5.890289306640625,-190.4473114013672,1564.898193359375,-0.01658901758491993,0.7237458825111389,-0.6898671388626099,-0.9995226860046387,0.005979607347398996,0.030308468267321587,0.026060763746500015,0.690040647983551,0.7233012914657593
300,1648570650.9832644,301.39532470703125,-22.689315795898438,1551.936279296875,0.996837854385376,-0.017553357407450676,-0.07749921083450317,0.0071166991256177425,0.9910982847213745,-0.1329420804977417,0.07914291322231293,0.13197016716003418,0.9880892038345337
4,1648570650.9832911,-38.14069747924805,-75.54036712646484,1568.6568603515625,-0.009722262620925903,-0.9874118566513062,0.15787099301815033,-0.9982598423957825,0.00040119406185112894,-0.058967139571905136,0.05816151946783066,-0.15816956758499146,-0.9856975078582764
410,1648570650.9833102,-4.970691204071045,-190.26760864257812,1565.2098388671875,-0.0134148970246315,0.7187598347663879,-0.6951290369033813,-0.9995741248130798,0.00837746076285839,0.02795245870947838,0.025914520025253296,0.6952080130577087,0.7183413505554199
300,1648570651.034818,301.40631103515625,-22.685712814331055,1552.032958984375,0.9969131350517273,-0.017505060881376266,-0.07653599977493286,0.007239258848130703,0.9911695718765259,-0.1324026733636856,0.07817786931991577,0.1314399093389511,0.9882367253303528
