300,1648570308.6058733,301.4046936035156,-22.704952239990234,1551.829833984375,0.9968206882476807,-0.017563579604029655,-0.07771758735179901,0.007145456504076719,0.9911773800849915,-0.13234949111938477,0.07935644686222076,0.13137339055538177,0.9881516098976135
4,1648570308.6059144,-3.498079538345337,-27.821819305419922,1478.1041259765625,0.06643518805503845,-0.9427464604377747,0.3268263339996338,-0.9006267786026001,0.08433171361684799,0.42633265256881714,-0.42948541045188904,-0.322672039270401,-0.8434601426124573
300,1648570308.6418607,301.4117431640625,-22.707204818725586,1551.8590087890625,0.9968326687812805,-0.017600299790501595,-0.07755538821220398,0.007213697303086519,0.9911940097808838,-0.13222113251686096,0.07919956743717194,0.13124288618564606,0.9881815314292908
4,1648570308.6418853,-3.512791395187378,-27.69904899597168,1477.9461669921875,0.06650660932064056,-0.9425927996635437,0.32725486159324646,-0.9001036286354065,0.08485507220029831,0.42733246088027954,-0.43056970834732056,-0.3229837119579315,-0.8427878022193909
300,1648570308.6738737,301.42279052734375,-22.709531784057617,1551.855712890625,0.9968512058258057,-0.017532983794808388,-0.07733182609081268,0.00718141533434391,0.9912027716636658,-0.13215698301792145,0.07896862924098969,0.13118548691272736,0.9882076382637024
4,1648570308.6738994,-3.530179500579834,-27.638641357421875,1477.883056640625,0.06653453409671783,-0.9428728818893433,0.3264412581920624,-0.8996378779411316,0.08480963855981827,0.42832115292549133,-0.43153777718544006,-0.32217705249786377,-0.8426013588905334
300,1648570308.7213674,301.4174499511719,-22.70488739013672,1551.8406982421875,0.9967650175094604,-0.017605606466531754,-0.07841932773590088,0.006966166663914919,0.9909659028053284,-0.13393287360668182,0.08006884902715683,0.13295331597328186,0.9878827929496765
4,1648570308.721393,-3.4746506214141846,-27.652530670166016,1477.9090576171875,0.06732361763715744,-0.9436811804771423,0.3239341676235199,-0.8996468186378479,0.08296375721693039,0.4286637008190155,-0.4313966631889343,-0.32028552889823914,-0.84339439868927
300,1648570308.7715786,301.40484619140625,-22.70252227783203,1551.874267578125,0.9968420267105103,-0.01753379963338375,-0.07745033502578735,0.0071015129797160625,0.9910946488380432,-0.1329699605703354,0.07909207791090012,0.13200002908706665,0.9880892634391785
4,1648570308.771607,-3.0518393516540527,-27.48286247253418,1477.829345703125,0.07098788022994995,-0.9434816837310791,0.3237329125404358,-0.8990579843521118,0.08005273342132568,0.4304490089416504,-0.43203645944595337,-0.32161131501197815,-0.8425619602203369
300,1648570308.803109,301.4191589355469,-22.70125389099121,1551.8209228515625,0.9967848062515259,-0.01764112338423729,-0.07815900444984436,0.00704197445884347,0.9909748435020447,-0.13386270403862,0.0798150971531868,0.13288192451000214,0.9879129528999329
4,1648570308.8031354,-2.83271861076355,-27.330242156982422,1477.7005615234375,0.07293344289064407,-0.9438880681991577,0.3221118450164795,-0.8980441689491272,0.07833205163478851,0.4328749477863312,-0.43381717801094055,-0.3208417296409607,-0.84194016456604
300,1648570308.836539,301.43310546875,-22.702144622802734,1551.8026123046875,0.9967851638793945,-0.01759771816432476,-0.0781640112400055,0.00694042956456542,0.9908788204193115,-0.13457714021205902,0.07981931418180466,0.13360200822353363,0.9878154397010803
4,1648570308.8365662,-2.6967105865478516,-27.227876663208008,1477.602783203125,0.07389967143535614,-0.9441182613372803,0.32121574878692627,-0.897783100605011,0.07725346088409424,0.4336097538471222,-0.4341939091682434,-0.32042568922042847,-0.8419044017791748
300,1648570308.8775153,301.42120361328125,-22.705778121948242,1551.827392578125,0.9968053102493286,-0.017624838277697563,-0.07790074497461319,0.0071955458261072636,0.9911991953849792,-0.13218316435813904,0.07954486459493637,0.13120034337043762,0.9881594181060791
4,1648570308.8775423,-2.410440683364868,-27.16332244873047,1477.5906982421875,0.07657928019762039,-0.9437562823295593,0.3216515779495239,-0.8973785042762756,0.07536526769399643,0.43477803468704224,-0.43456584215164185,-0.3219381868839264,-0.8411351442337036
300,1648570308.9085617,301.4032897949219,-22.70819091796875,1551.8145751953125,0.9968164563179016,-0.01754189282655716,-0.07777658104896545,0.007075069937855005,0.9911095499992371,-0.1328599452972412,0.07941573113203049,0.13188670575618744,0.9880784749984741
4,1648570308.908589,-2.1100733280181885,-27.116945266723633,1477.6092529296875,0.07954702526330948,-0.9431854486465454,0.322604238986969,-0.8968237042427063,0.0735691487789154,0.4362280070781708,-0.43517762422561646,-0.32401975989341736,-0.8400188088417053
300,1648570308.9537234,301.40460205078125,-22.708322525024414,1551.854736328125,0.9968969821929932,-0.01751137711107731,-0.0767446756362915,0.007147769909352064,0.9910516738891602,-0.13328728079795837,0.07839198410511017,0.13232512772083282,0.988101601600647
4,1648570308.9537485,-1.7750521898269653,-27.100261688232422,1477.6895751953125,0.08226552605628967,-0.9431098699569702,0.3221431076526642,-0.8968246579170227,0.07092536985874176,0.43666359782218933,-0.4346698820590973,-0.32482823729515076,-0.8399694561958313
300,1648570308.9863436,301.42144775390625,-22.71041488647461,1551.822021484375,0.9969099760055542,-0.017540762200951576,-0.07656894624233246,0.007117448840290308,0.9909104704856873,-0.1343347132205963,0.07822930067777634,0.1333746463060379,0.9879733920097351
4,1648570308.9863694,-1.7367000579833984,-27.116674423217773,1477.701416015625,0.08262070268392563,-0.9433804154396057,0.3212588429450989,-0.8969480395317078,0.07010603696107864,0.43654248118400574,-0.43434780836105347,-0.3242199420928955,-0.8403710126876831
300,1648570309.0254016,301.43121337890625,-22.696664810180664,1551.8826904296875,0.9968846440315247,-0.017616700381040573,-0.07688085734844208,0.007175171747803688,0.9909510612487793,-0.13403166830539703,0.07854636013507843,0.133062481880188,0.9879903197288513
4,1648570309.0254252,-1.90120530128479,-27.133649826049805,1477.64453125,0.08152247965335846,-0.9437648057937622,0.32040923833847046,-0.897175669670105,0.07052664458751678,0.436006635427475,-0.43408510088920593,-0.323007732629776,-0.8409733176231384
300,1648570309.05796,301.42352294921875,-22.701940536499023,1551.8265380859375,0.9968544840812683,-0.017595453187823296,-0.07727593183517456,0.007136187516152859,0.9910105466842651,-0.13359321653842926,0.07893189042806625,0.13262154161930084,0.9880188703536987
4,1648570309.0579855,-2.1271629333496094,-27.142969131469727,1477.59423828125,0.08001748472452164,-0.9440042972564697,0.32008296251296997,-0.8975957036018372,0.07141047716140747,0.4349970519542694,-0.4334963858127594,-0.32211247086524963,-0.841620147228241
300,1648570309.0888667,301.4026794433594,-22.702030181884766,1551.818603515625,0.9968177676200867,-0.01759866252541542,-0.07774689048528671,0.007074849214404821,0.9910081624984741,-0.13361412286758423,0.0793992355465889,0.13263888657093048,0.9879791140556335
4,1648570309.0888932,-2.583983898162842,-27.241188049316406,1477.59912109375,0.07684770226478577,-0.9451091289520264,0.31758955121040344,-0.8977069854736328,0.07301406562328339,0.4345010221004486,-0.4338394105434418,-0.3184927701950073,-0.8428201079368591
300,1648570309.1312459,301.3896484375,-22.70568084716797,1551.82666015625,0.9968289732933044,-0.017560098320245743,-0.07761213183403015,0.00704478332772851,0.9909920692443848,-0.13373519480228424,0.0792614072561264,0.13276435434818268,0.9879733324050903
4,1648570309.1312737,-3.1029229164123535,-27.39122772216797,1477.6448974609375,0.07308852672576904,-0.9458343386650085,0.31631550192832947,-0.8986768126487732,0.0750756561756134,0.43213844299316406,-0.43247896432876587,-0.31584978103637695,-0.8445122241973877
300,1648570309.1654036,301.4046630859375,-22.703245162963867,1551.822021484375,0.9967125654220581,-0.01769072376191616,-0.07906362414360046,0.006948046386241913,0.990938663482666,-0.13413521647453308,0.08072015643119812,0.13314493000507355,0.9878039956092834
4,1648570309.1654294,-3.4041311740875244,-27.469083786010742,1477.677734375,0.070521280169487,-0.9466023445129395,0.3145962059497833,-0.8990264534950256,0.07632621377706528,0.4311910569667816,-0.4321783781051636,-0.3132384419441223,-0.8456379175186157
300,1648570309.206026,301.4268798828125,-22.70904541015625,1551.8243408203125,0.9967074394226074,-0.017711415886878967,-0.0791238397359848,0.006958993151783943,0.9909360408782959,-0.13415426015853882,0.08078272640705109,0.13316191732883453,0.9877965450286865
4,1648570309.2060525,-3.9047322273254395,-27.498910903930664,1477.5687255859375,0.0662483498454094,-0.9471074342727661,0.31400415301322937,-0.8994520306587219,0.07955372333526611,0.42971765995025635,-0.43196901679039,-0.3108997642993927,-0.8466073870658875
300,1648570309.2396927,301.4234619140625,-22.711456298828125,1551.8321533203125,0.9967770576477051,-0.01770978979766369,-0.07824236154556274,0.007044532801955938,0.990883469581604,-0.1345372349023819,0.07991169393062592,0.1335524469614029,0.9878146648406982
4,1648570309.2397177,-4.477428913116455,-27.498096466064453,1477.4241943359375,0.06198493391275406,-0.947967529296875,0.31227463483810425,-0.8992595672607422,0.08269281685352325,0.42952781915664673,-0.4330012798309326,-0.30744022130966187,-0.8473431468009949
300,1648570309.2810538,301.3948974609375,-22.709087371826172,1551.86767578125,0.9968580007553101,-0.0175798162817955,-0.07723373174667358,0.007094111759215593,0.9909564852714539,-0.13399599492549896,0.07889088988304138,0.1330270767211914,0.9879676103591919
4,1648570309.2810805,-4.849989891052246,-27.371322631835938,1477.2259521484375,0.059739042073488235,-0.9479484558105469,0.3127698302268982,-0.8981068730354309,0.08572064340114594,0.43134212493896484,-0.435700923204422,-0.3066686987876892,-0.8462381362915039
300,1648570309.3119957,301.3834533691406,-22.711191177368164,1551.8721923828125,0.9969280958175659,-0.01755487732589245,-0.0763297826051712,0.007282358594238758,0.9911121129989624,-0.13282974064350128,0.07798317819833755,0.13186582922935486,0.9881953597068787
4,1648570309.3120341,-4.894694805145264,-27.303668975830078,1477.155029296875,0.059330519288778305,-0.948379397392273,0.3115387558937073,-0.8977710604667664,0.08575675636529922,0.4320334494113922,-0.4364481568336487,-0.3053232431411743,-0.8463395833969116
300,1648570309.385581,301.4150085449219,-22.708663940429688,1551.826171875,0.9968640208244324,-0.017482832074165344,-0.07717838138341904,0.007067314349114895,0.991061806678772,-0.1332162618637085,0.07881754636764526,0.13225305080413818,0.9880774021148682
4,1648570309.3856077,-4.313482761383057,-27.369121551513672,1477.3411865234375,0.0636994019150734,-0.9483884572982788,0.31064730882644653,-0.8987417817115784,0.08080035448074341,0.4309692084789276,-0.43382662534713745,-0.3066442012786865,-0.8472093939781189
300,1648570309.418384,301.4197082519531,-22.71103858947754,1551.7896728515625,0.9967949390411377,-0.017659328877925873,-0.07802582532167435,0.007011795416474342,0.9908640384674072,-0.13468198478221893,0.07969138026237488,0.13370321691036224,0.9878121018409729
4,1648570309.4184086,-4.273426532745361,-27.350683212280273,1477.3173828125,0.06414299458265305,-0.948764443397522,0.30940550565719604,-0.8985238671302795,0.0799957886338234,0.43157336115837097,-0.4342125654220581,-0.30569061636924744,-0.8473562598228455
300,1648570309.4599192,301.40234375,-22.703048706054688,1551.765869140625,0.996780514717102,-0.017663832753896713,-0.07820840924978256,0.007092127576470375,0.9910315275192261,-0.13343988358974457,0.07986405491828918,0.13245560228824615,0.9879662394523621
4,1648570309.4599454,-4.134966850280762,-26.994752883911133,1476.92529296875,0.06587695330381393,-0.9485013484954834,0.30984747409820557,-0.896340548992157,0.08019175380468369,0.4360537827014923,-0.4384447932243347,-0.30645474791526794,-0.8448973894119263
300,1648570309.4906688,301.391845703125,-22.712146759033203,1551.7177734375,0.9966866374015808,-0.017770234495401382,-0.07937248796224594,0.007170991972088814,0.9912402629852295,-0.13187618553638458,0.08102067559957504,0.130870059132576,0.9880833625793457
4,1648570309.4906957,-3.8913211822509766,-26.634201049804688,1476.539306640625,0.06757907569408417,-0.9489040374755859,0.3082437813282013,-0.8945143818855286,0.07921354472637177,0.4399650990962982,-0.44190171360969543,-0.30546092987060547,-0.8434550762176514
300,1648570309.5319738,301.40240478515625,-22.70912742614746,1551.8250732421875,0.9968108534812927,-0.017571598291397095,-0.07784182578325272,0.007114806678146124,0.9911406636238098,-0.13262547552585602,0.07948264479637146,0.1316486895084381,0.9881048202514648
4,1648570309.532,-3.521052122116089,-26.32232666015625,1476.322998046875,0.07094670832157135,-0.9481908679008484,0.30967819690704346,-0.8922454118728638,0.07847139239311218,0.4446800947189331,-0.4459425210952759,-0.30785754323005676,-0.8404516577720642
300,1648570309.5658526,301.4237060546875,-22.696813583374023,1551.82421875,0.9968605041503906,-0.017601409927010536,-0.07719693332910538,0.007217035163193941,0.9911183714866638,-0.13278642296791077,0.07884853333234787,0.13181239366531372,0.9881337881088257
4,1648570309.5658774,-3.2468109130859375,-26.187877655029297,1476.1978759765625,0.07281503826379776,-0.9474117755889893,0.3116229474544525,-0.8923072814941406,0.0776887759566307,0.44469335675239563,-0.44551733136177063,-0.31044378876686096,-0.8397255539894104
300,1648570309.606148,301.42242431640625,-22.71422576904297,1551.8038330078125,0.9967867136001587,-0.017635438591241837,-0.07813601940870285,0.007129876874387264,0.9911249279975891,-0.13274231553077698,0.07978352159261703,0.1317586749792099,0.9880658984184265
4,1648570309.606174,-3.3961431980133057,-26.165149688720703,1476.160888671875,0.07146074622869492,-0.9478491544723511,0.3106047511100769,-0.8914867639541626,0.07897625118494034,0.44610998034477234,-0.4473753571510315,-0.30877938866615295,-0.8393512964248657
300,1648570309.6579978,301.39898681640625,-22.70257568359375,1551.8221435546875,0.996825098991394,-0.017553873360157013,-0.07766345888376236,0.00701520312577486,0.9909644722938538,-0.1339411586523056,0.07931291311979294,0.13297107815742493,0.9879413843154907
4,1648570309.658022,-3.947735071182251,-26.173229217529297,1476.0057373046875,0.06693888455629349,-0.9482077360153198,0.31051766872406006,-0.8913750648498535,0.08299852907657623,0.4456026554107666,-0.4482964277267456,-0.3066158592700958,-0.8396528959274292
300,1648570309.70621,301.3971862792969,-22.704862594604492,1551.7911376953125,0.9967377781867981,-0.017678577452898026,-0.07874836027622223,0.007125652860850096,0.991180956363678,-0.13232354819774628,0.08039317280054092,0.13133074343204498,0.988073468208313
4,1648570309.7062364,-4.704655170440674,-26.465227127075195,1476.2108154296875,0.060828953981399536,-0.9488974213600159,0.3096667528152466,-0.8926737308502197,0.08708762377500534,0.4422096610069275,-0.4465797543525696,-0.30333051085472107,-0.8417583703994751
300,1648570309.7584088,301.40948486328125,-22.709747314453125,1551.8052978515625,0.9967721700668335,-0.017669348046183586,-0.07831363379955292,0.007096846587955952,0.9910535216331482,-0.1332760453224182,0.07996790111064911,0.1322900801897049,0.9879800081253052
4,1648570309.7584345,-5.541152477264404,-26.780380249023438,1476.371826171875,0.05377691984176636,-0.9490237236022949,0.31058335304260254,-0.8946564197540283,0.09235349297523499,0.4371049404144287,-0.4435064196586609,-0.30137157440185547,-0.8440836668014526
300,1648570309.8068633,301.3998107910156,-22.703006744384766,1551.8289794921875,0.9968716502189636,-0.017473623156547546,-0.07708191871643066,0.0070414189249277115,0.9910120368003845,-0.13358747959136963,0.07872336357831955,0.13262680172920227,0.9880347847938538
4,1648570309.80689,-6.406917572021484,-26.783878326416016,1476.19384765625,0.046642158180475235,-0.9502036571502686,0.3081192970275879,-0.8947360515594482,0.09740975499153137,0.4358426034450531,-0.4441530704498291,-0.29601407051086426,-0.8456380367279053
300,1648570309.858779,301.3786926269531,-22.7011775970459,1551.8536376953125,0.9968371987342834,-0.017638856545090675,-0.07748858630657196,0.007097766734659672,0.9909210801124573,-0.13425715267658234,0.07915321737527847,0.13328252732753754,0.9879122376441956
4,1648570309.8588033,-7.280695915222168,-26.792606353759766,1476.0255126953125,0.039569392800331116,-0.9504867792129517,0.3082355856895447,-0.8947383761405945,0.10362472385168076,0.43440207839012146,-0.44483423233032227,-0.29297924041748047,-0.8463366031646729
300,1648570309.907117,301.3943176269531,-22.704713821411133,1551.848876953125,0.9968315362930298,-0.017578046768903732,-0.07757493108510971,0.007006166502833366,0.9908886551856995,-0.1345011591911316,0.07923238724470139,0.13353149592876434,0.9878722429275513
4,1648570309.9071436,-7.980392932891846,-27.05733871459961,1476.1983642578125,0.03339908644556999,-0.9513916373252869,0.30616727471351624,-0.8957036137580872,0.10741148144006729,0.43148329854011536,-0.4433954954147339,-0.28864628076553345,-0.8485774993896484
300,1648570309.958934,301.408447265625,-22.70493507385254,1551.8387451171875,0.9968656301498413,-0.017598971724510193,-0.07713118940591812,0.007159378379583359,0.9910110235214233,-0.13358846306800842,0.0787888839840889,0.1326175332069397,0.9880307912826538
4,1648570309.9589584,-7.961696147918701,-27.440673828125,1476.5955810546875,0.0333089604973793,-0.9505628943443298,0.3087404668331146,-0.8978883624076843,0.10721486806869507,0.42696768045425415,-0.4389612078666687,-0.2914363443851471,-0.8499282002449036
300,1648570310.0072265,301.3976745605469,-22.711660385131836,1551.843505859375,0.9968681931495667,-0.017577465623617172,-0.0771031305193901,0.007206258829683065,0.9911194443702698,-0.13277903199195862,0.07875233143568039,0.13180756568908691,0.9881421327590942
4,1648570310.0072522,-7.0341949462890625,-27.777225494384766,1477.212890625,0.04116251692175865,-0.949612021446228,0.3107130825519562,-0.8999578356742859,0.0998498871922493,0.4243888854980469,-0.4340294599533081,-0.2970975935459137,-0.8505007028579712
300,1648570310.0590973,301.3882751464844,-22.71892738342285,1551.863525390625,0.9969054460525513,-0.01737610436975956,-0.07666534185409546,0.007100822404026985,0.9911821484565735,-0.13231579959392548,0.07828845828771591,0.1313619613647461,0.9882383346557617
4,1648570310.059121,-6.0432024002075195,-28.001060485839844,1477.69287109375,0.04844591021537781,-0.9485276341438293,0.31296688318252563,-0.901481568813324,0.09340037405490875,0.4226195812225342,-0.4300975799560547,-0.30260807275772095,-0.8505553603172302
300,1648570310.1073966,301.4118347167969,-22.720600128173828,1551.8345947265625,0.996810793876648,-0.017551207914948463,-0.07784748822450638,0.007089541759341955,0.9911338090896606,-0.13267821073532104,0.0794859379529953,0.13170316815376282,0.9880973100662231
4,1648570310.1074276,-6.499109268188477,-28.131851196289062,1477.752197265625,0.044979944825172424,-0.9500362873077393,0.30888158082962036,-0.901671826839447,0.0945027619600296,0.4219681918621063,-0.4300752878189087,-0.2974899113178253,-0.8523702025413513
300,1648570310.159248,301.4164733886719,-22.70709228515625,1551.82666015625,0.9968137741088867,-0.017658481374382973,-0.07778475433588028,0.007179906126111746,0.9910921454429626,-0.13298431038856506,0.0794401541352272,0.1320021152496338,0.9880610704421997
4,1648570310.1592724,-6.973631381988525,-27.89435386657715,1477.363525390625,0.041402798146009445,-0.9501440525054932,0.3090502917766571,-0.9010457396507263,0.09815279394388199,0.4224720299243927,-0.43174344301223755,-0.2959599792957306,-0.8520594239234924
300,1648570310.2075734,301.3976745605469,-22.704721450805664,1551.8238525390625,0.9967726469039917,-0.017567995935678482,-0.0783303752541542,0.0070121330209076405,0.9910845160484314,-0.13305014371871948,0.07996944338083267,0.13207148015499115,0.9880090951919556
4,1648570310.2075996,-7.816821098327637,-27.751955032348633,1477.056396484375,0.035373494029045105,-0.9518769383430481,0.3044322431087494,-0.8993038535118103,0.1025470420718193,0.42513135075569153,-0.43589136004447937,-0.2888154685497284,-0.8523991703987122
300,1648570310.259712,301.39794921875,-22.713171005249023,1551.856201171875,0.9968712329864502,-0.017475195229053497,-0.07708706706762314,0.007129206787794828,0.9911578297615051,-0.13249661028385162,0.07872085273265839,0.1315324902534485,0.9881812930107117
4,1648570310.259736,-8.345870018005371,-27.776660919189453,1476.9752197265625,0.03060366027057171,-0.9514422416687012,0.3063022196292877,-0.8995583653450012,0.10737176239490509,0.4233981966972351,-0.4357271194458008,-0.2884942889213562,-0.852591872215271
300,1648570310.3080494,301.4141540527344,-22.710124969482422,1551.8223876953125,0.9968433976173401,-0.017607368528842926,-0.07741592079401016,0.007053383160382509,0.9908827543258667,-0.1345423460006714,0.0790790393948555,0.13357160985469818,0.9878790974617004
4,1648570310.3080754,-9.394068717956543,-27.907066345214844,1476.958984375,0.022305205464363098,-0.9524397850036621,0.3039093315601349,-0.8998651504516602,0.113321453332901,0.4211898744106293,-0.4355974495410919,-0.28287217020988464,-0.8545397520065308
300,1648570310.3405125,301.416748046875,-22.70534324645996,1551.7906494140625,0.9967212080955505,-0.017667923122644424,-0.07896000146865845,0.006809513550251722,0.990723192691803,-0.13572485744953156,0.08062547445297241,0.13474217057228088,0.9875950813293457
4,1648570310.340537,-9.795010566711426,-27.917570114135742,1476.939208984375,0.01840159296989441,-0.9522050023078918,0.304904967546463,-0.8997453451156616,0.11722110956907272,0.42037779092788696,-0.4360271394252777,-0.2820724546909332,-0.8545849919319153
300,1648570310.3789604,301.4123840332031,-22.70914077758789,1551.794189453125,0.9967125654220581,-0.01776205375790596,-0.07904797047376633,0.007065499201416969,0.9910113215446472,-0.13359135389328003,0.08071029186248779,0.13259366154670715,0.9878789186477661
4,1648570310.3789876,-10.14058780670166,-27.71253776550293,1476.56884765625,0.014690621756017208,-0.9524100422859192,0.3044656813144684,-0.898543119430542,0.12100478261709213,0.4218745529651642,-0.4386393427848816,-0.27977314591407776,-0.8540037870407104
300,1648570310.4099147,301.4057312011719,-22.7099666595459,1551.8236083984375,0.9967750310897827,-0.017712704837322235,-0.07826782763004303,0.007143794093281031,0.9910494685173035,-0.13330397009849548,0.07992846518754959,0.13231493532657623,0.9879798293113708
4,1648570310.4099405,-10.969833374023438,-27.48379898071289,1476.1947021484375,0.008423971012234688,-0.9531679153442383,0.3023242950439453,-0.8974257111549377,0.1261538714170456,0.4227437674999237,-0.44108518958091736,-0.2748747766017914,-0.8543346524238586
300,1648570310.4509451,301.39910888671875,-22.717256546020508,1551.8367919921875,0.996829092502594,-0.01755244843661785,-0.07761207222938538,0.007119160145521164,0.9911289215087891,-0.13271328806877136,0.07925301045179367,0.13173994421958923,0.9881110787391663
4,1648570310.450972,-12.86468505859375,-27.372243881225586,1475.805419921875,-0.005296662915498018,-0.9567437767982483,0.29088354110717773,-0.8963235020637512,0.13351468741893768,0.4228215515613556,-0.4433691203594208,-0.25848621129989624,-0.8582591414451599
300,1648570310.4990823,301.4238586425781,-22.713905334472656,1551.83056640625,0.9968299865722656,-0.017542071640491486,-0.07760285586118698,0.007116490975022316,0.9911396503448486,-0.13263314962387085,0.07924192398786545,0.13166044652462006,0.9881225824356079
4,1648570310.4991093,-16.395357131958008,-27.39034652709961,1475.43310546875,-0.029393192380666733,-0.9636257290840149,0.265634149312973,-0.8958989381790161,0.1432507485151291,0.42052868008613586,-0.4432845413684845,-0.22562067210674286,-0.8675218224525452
300,1648570310.5317004,301.4260559082031,-22.713146209716797,1551.8333740234375,0.9967620372772217,-0.017517324537038803,-0.07847660779953003,0.006925392430275679,0.9910570979118347,-0.13325883448123932,0.0801091343164444,0.13228386640548706,0.9879693984985352
4,1648570310.5317237,-18.48497200012207,-27.473487854003906,1475.40478515625,-0.04302690923213959,-0.9671250581741333,0.25063472986221313,-0.8960354924201965,0.14831440150737762,0.41847723722457886,-0.4418925642967224,-0.20657184720039368,-0.8729599118232727
300,1648570310.570023,301.399169921875,-22.718036651611328,1551.8284912109375,0.9968453049659729,-0.017573362216353416,-0.07739869505167007,0.00716768391430378,0.991127610206604,-0.1327202320098877,0.07904431968927383,0.1317467838525772,0.9881269335746765
4,1648570310.5700486,-19.546234130859375,-27.6083984375,1475.5469970703125,-0.05022872984409332,-0.9680882692337036,0.24552440643310547,-0.8963475823402405,0.15212233364582062,0.4164370000362396,-0.440497487783432,-0.19915811717510223,-0.875384509563446
300,1648570310.6197565,301.4010314941406,-22.712268829345703,1551.817138671875,0.9968469142913818,-0.017470169812440872,-0.07740139216184616,0.007031312212347984,0.9910725951194763,-0.13313797116279602,0.07903633266687393,0.13217394053936005,0.9880704879760742
4,1648570310.6197827,-18.884246826171875,-28.297258377075195,1476.37109375,-0.04616508632898331,-0.9667822122573853,0.2513980269432068,-0.9008461833000183,0.14904655516147614,0.4077514708042145,-0.43167686462402344,-0.20764708518981934,-0.8778027892112732
300,1648570310.6696732,301.41485595703125,-22.705339431762695,1551.8231201171875,0.9968063831329346,-0.01752382516860962,-0.07791021466255188,0.006961810868233442,0.9909807443618774,-0.1338232457637787,0.07955261319875717,0.1328534632921219,0.9879379272460938
4,1648570310.6696982,-19.66592025756836,-29.281572341918945,1477.4775390625,-0.051875051110982895,-0.9682788252830505,0.2444280982017517,-0.9062089323997498,0.148488849401474,0.39589953422546387,-0.41963598132133484,-0.20096561312675476,-0.885165810585022
300,1648570310.7197578,301.4121398925781,-22.706642150878906,1551.8560791015625,0.9968173503875732,-0.017597194761037827,-0.07775275409221649,0.007067033555358648,0.9909988641738892,-0.1336834877729416,0.07940534502267838,0.13270853459835052,0.9879692196846008
4,1648570310.719783,-20.88443946838379,-30.165529251098633,1478.5770263671875,-0.061663150787353516,-0.9678789377212524,0.24373768270015717,-0.9099680185317993,0.15484696626663208,0.3846825063228607,-0.4100681245326996,-0.19807276129722595,-0.8902872204780579
300,1648570310.7697923,301.4027404785156,-22.712223052978516,1551.883544921875,0.996879518032074,-0.017495661973953247,-0.07697519659996033,0.007153588347136974,0.9911395311355591,-0.1326320320367813,0.07861364632844925,0.13166750967502594,0.9881718158721924
4,1648570310.7698174,-20.38106918334961,-30.610984802246094,1479.1165771484375,-0.0611126609146595,-0.9644252061843872,0.25719505548477173,-0.9122679829597473,0.1585261970758438,0.37767264246940613,-0.4050091505050659,-0.21155022084712982,-0.8895021677017212
300,1648570310.81989,301.41168212890625,-22.710453033447266,1551.8701171875,0.9967852830886841,-0.01766829937696457,-0.07814665138721466,0.007094368804246187,0.9910141229629517,-0.13356901705265045,0.07980437576770782,0.13258522748947144,0.9879536628723145
4,1648570310.8199167,-18.374502182006836,-30.773670196533203,1479.4366455078125,-0.04969736561179161,-0.9589049220085144,0.2793411910533905,-0.9131234884262085,0.1569359004497528,0.3762667179107666,-0.40464267134666443,-0.23637352883815765,-0.8833979368209839
300,1648570310.869928,301.41400146484375,-22.706750869750977,1551.851806640625,0.996823787689209,-0.017629919573664665,-0.07766254246234894,0.007112127263098955,0.9909994006156921,-0.13367708027362823,0.07932025194168091,0.1327001452445984,0.9879772067070007
4,1648570310.8699665,-17.62261199951172,-30.788349151611328,1479.537353515625,-0.04499546065926552,-0.9570605754852295,0.2863747477531433,-0.9130150079727173,0.1557396799325943,0.37702617049217224,-0.40543678402900696,-0.24449998140335083,-0.880818247795105
300,1648570310.9200385,301.4162292480469,-22.708112716674805,1551.8665771484375,0.9968169927597046,-0.017481107264757156,-0.07778354734182358,0.007010744884610176,0.9911050796508789,-0.1328967958688736,0.07941485196352005,0.1319284588098526,0.98807293176651
4,1648570310.920064,-16.564390182495117,-30.50160789489746,1479.22314453125,-0.0369781032204628,-0.9570292234420776,0.2876242995262146,-0.9119836091995239,0.14999020099639893,0.38182300329208374,-0.40855661034584045,-0.2481895536184311,-0.8783413171768188
300,1648570310.9700418,301.40179443359375,-22.707834243774414,1551.849365234375,0.9968011975288391,-0.0175769105553627,-0.07796409726142883,0.00706509267911315,0.9910764694213867,-0.1331070363521576,0.0796079933643341,0.132130429148674,0.9880304336547852
4,1648570310.9700675,-15.603792190551758,-30.02703857421875,1478.74072265625,-0.029100770130753517,-0.9569507241249084,0.2887879014015198,-0.9107444286346436,0.1444491446018219,0.38688379526138306,-0.41194388270378113,-0.2517533302307129,-0.8757411241531372
300,1648570311.020243,301.417724609375,-22.71028709411621,1551.8837890625,0.9968574047088623,-0.01748908869922161,-0.07726256549358368,0.007150591351091862,0.9912091493606567,-0.1321108639240265,0.07889386266469955,0.1311432123184204,0.9882192015647888
4,1648570311.0202682,-14.478466987609863,-29.4844970703125,1478.1768798828125,-0.019015353173017502,-0.9557255506515503,0.29364439845085144,-0.9078559279441833,0.13954254984855652,0.3953801989555359,-0.418850839138031,-0.2590685188770294,-0.8703145980834961
300,1648570311.0702312,301.4234619140625,-22.705039978027344,1551.8204345703125,0.9967396855354309,-0.017659183591604233,-0.07872859388589859,0.0069945682771503925,0.9909931421279907,-0.13372988998889923,0.08038105815649033,0.1327432096004486,0.9878857135772705
4,1648570311.0702565,-14.033317565917969,-28.987695693969727,1477.4852294921875,-0.015400913543999195,-0.9568554162979126,0.2901560664176941,-0.9054209589958191,0.1364695280790329,0.4019812345504761,-0.42423537373542786,-0.2565225064754486,-0.8684586882591248
300,1648570311.1202915,301.41180419921875,-22.69770050048828,1551.8492431640625,0.9967772364616394,-0.017703667283058167,-0.07824128121137619,0.007123956922441721,0.9910256266593933,-0.13348184525966644,0.07990223169326782,0.13249428570270538,0.9879579544067383
4,1648570311.1203167,-13.187453269958496,-28.585250854492188,1477.2481689453125,-0.00843839906156063,-0.9554089903831482,0.29516521096229553,-0.9032199382781982,0.1339453160762787,0.4077405631542206,-0.42909497022628784,-0.2631584405899048,-0.86407470703125
300,1648570311.1702945,301.4048156738281,-22.704097747802734,1551.86865234375,0.9968576431274414,-0.01756812445819378,-0.07724101096391678,0.007158687338232994,0.9910862445831299,-0.133029505610466,0.07888957858085632,0.1320585310459137,0.9880976676940918
4,1648570311.170321,-13.343719482421875,-28.610998153686523,1477.22314453125,-0.009773144498467445,-0.9555352330207825,0.2947150468826294,-0.9034506678581238,0.13475899398326874,0.4069605767726898,-0.4285806715488434,-0.26228320598602295,-0.8645959496498108
300,1648570311.2203975,301.41912841796875,-22.691946029663086,1551.7713623046875,0.9967030882835388,-0.01776064932346344,-0.07916798442602158,0.0070401886478066444,0.9909985065460205,-0.1336878538131714,0.08082973957061768,0.13268974423408508,0.9878562688827515
4,1648570311.2204247,-13.639167785644531,-28.87124252319336,1477.5704345703125,-0.013037458062171936,-0.9552866816520691,0.2953936755657196,-0.9052574038505554,0.13674068450927734,0.40225741267204285,-0.4246634542942047,-0.2621628940105438,-0.866563081741333
300,1648570311.2703867,301.4134521484375,-22.69641876220703,1551.8529052734375,0.9968541264533997,-0.01755646802484989,-0.07728943228721619,0.007064231671392918,0.990958034992218,-0.13398614525794983,0.0789429098367691,0.13301865756511688,0.9879646301269531
4,1648570311.2704134,-13.447386741638184,-29.29125213623047,1478.0589599609375,-0.013453842140734196,-0.9529058933258057,0.30296754837036133,-0.9070018529891968,0.13917575776576996,0.39746418595314026,-0.4209116995334625,-0.26944470405578613,-0.8661598563194275
300,1648570311.3204854,301.40972900390625,-22.701618194580078,1551.904296875,0.9968802332878113,-0.0175078846514225,-0.07696247100830078,0.007164004724472761,0.9911336898803711,-0.13267503678798676,0.07860296219587326,0.1317097544670105,0.9881670475006104
4,1648570311.3205113,-14.77283000946045,-29.774314880371094,1478.5472412109375,-0.024502377957105637,-0.9541873931884766,0.29820480942726135,-0.90919029712677,0.14529557526111603,0.3902078866958618,-0.4156592786312103,-0.26156389713287354,-0.871097981929779
300,1648570311.3706412,301.4006042480469,-22.696659088134766,1551.899169921875,0.9969426393508911,-0.017420396208763123,-0.07617036998271942,0.007119214162230492,0.9910269975662231,-0.13347230851650238,0.07781203091144562,0.13252195715904236,0.9881210327148438
4,1648570311.370681,-15.17707633972168,-29.91585922241211,1478.664306640625,-0.027151942253112793,-0.9549978971481323,0.29536715149879456,-0.910026490688324,0.1458861380815506,0.3880322277545929,-0.413659930229187,-0.25825610756874084,-0.8730344772338867
300,1648570311.4206295,301.41619873046875,-22.695098876953125,1551.8863525390625,0.9967721104621887,-0.01759340986609459,-0.07833150774240494,0.006975685246288776,0.9909823536872864,-0.13381065428256989,0.07997933030128479,0.13283230364322662,0.9879063367843628
4,1648570311.420655,-15.007925987243652,-29.78646469116211,1478.5120849609375,-0.025443844497203827,-0.9539232850074768,0.2989698648452759,-0.9088472723960876,0.14663079380989075,0.39050745964050293,-0.4163523316383362,-0.2617819309234619,-0.8707014322280884
300,1648570311.470699,301.4163513183594,-22.69464683532715,1551.8638916015625,0.9967711567878723,-0.017552988603711128,-0.0783529207110405,0.006968792527914047,0.9910426139831543,-0.13336411118507385,0.07999201864004135,0.13238747417926788,0.9879649877548218
4,1648570311.4707246,-15.047389030456543,-29.490909576416016,1478.13720703125,-0.02548889070749283,-0.9546983242034912,0.29648175835609436,-0.9075512886047363,0.1464550495147705,0.39357540011405945,-0.41916701197624207,-0.25904059410095215,-0.8701706528663635
300,1648570311.502197,301.4122619628906,-22.70146942138672,1551.88525390625,0.9968581795692444,-0.0174524188041687,-0.07726083695888519,0.007080363109707832,0.991152822971344,-0.13253669440746307,0.07889038324356079,0.13157325983047485,0.9881623387336731
4,1648570311.502222,-15.100061416625977,-29.2542724609375,1477.906494140625,-0.024770598858594894,-0.9558607339859009,0.29277414083480835,-0.9058946967124939,0.1453167051076889,0.39779120683670044,-0.4227779805660248,-0.25536900758743286,-0.8695087432861328
300,1648570311.5708513,301.4216613769531,-22.698204040527344,1551.8648681640625,0.9967443346977234,-0.017695734277367592,-0.07866103947162628,0.007130769547075033,0.9911423325538635,-0.13261249661445618,0.08031096309423447,0.13161984086036682,0.9880416989326477
4,1648570311.5708778,-13.981836318969727,-28.636919021606445,1477.2073974609375,-0.016144299879670143,-0.9547641277313232,0.29692569375038147,-0.9037385582923889,0.14098595082759857,0.4042024612426758,-0.4277803599834442,-0.2618176341056824,-0.8651332259178162
300,1648570311.620928,301.424072265625,-22.699316024780273,1551.9815673828125,0.99689781665802,-0.017434321343898773,-0.07675136625766754,0.0071285865269601345,0.9911503791809082,-0.13255219161510468,0.07838311046361923,0.13159385323524475,0.9881999492645264
4,1648570311.620955,-13.927318572998047,-28.3117618560791,1476.883544921875,-0.014435991644859314,-0.9558614492416382,0.293462872505188,-0.9015582799911499,0.1393677443265915,0.4095965027809143,-0.43241676688194275,-0.2586609423160553,-0.8637767434120178
300,1648570311.6709113,301.4072265625,-22.682939529418945,1551.949462890625,0.9969015121459961,-0.017579039558768272,-0.07667024433612823,0.0071810586377978325,0.9909768104553223,-0.133840873837471,0.07833122462034225,0.13287560641765594,0.9880325198173523
4,1648570311.670936,-13.644255638122559,-27.066692352294922,1477.014892578125,-0.017328549176454544,-0.9547755122184753,0.2968222498893738,-0.8988345861434937,0.14490653574466705,0.41364049911499023,-0.43794530630111694,-0.2596262991428375,-0.8606962561607361
300,1648570311.7209387,301.40863037109375,-22.69282341003418,1551.8963623046875,0.9969011545181274,-0.017422175034880638,-0.0767112448811531,0.006991158239543438,0.9909296035766602,-0.1342000812292099,0.07835350185632706,0.13324791193008423,0.9879806041717529
4,1648570311.7209647,-10.918237686157227,-26.99215316772461,1477.25927734375,-0.0005084415315650403,-0.9466302990913391,0.3223210573196411,-0.8990160226821899,0.14158211648464203,0.4143967926502228,-0.4379154443740845,-0.28956109285354614,-0.8511077761650085
300,1648570311.771111,301.4082946777344,-22.693578720092773,1551.8785400390625,0.9968928098678589,-0.01740996539592743,-0.07682221382856369,0.007055115886032581,0.9910836219787598,-0.1330544501543045,0.07845371216535568,0.13209903240203857,0.9881269335746765
4,1648570311.7711368,-12.875508308410645,-26.85071563720703,1476.7640380859375,-0.010922764427959919,-0.9554910063743591,0.2948179841041565,-0.898758590221405,0.13861753046512604,0.4159545302391052,-0.4383077323436737,-0.2604268193244934,-0.8602698445320129
300,1648570311.8210828,301.405517578125,-22.692262649536133,1551.826416015625,0.9967482089996338,-0.017677126452326775,-0.07861655950546265,0.007023106329143047,0.9909858703613281,-0.13378241658210754,0.08027278631925583,0.13279525935649872,0.9878875017166138
4,1648570311.8211093,-14.0885009765625,-26.916580200195312,1476.6851806640625,-0.01792178303003311,-0.9593129754066467,0.28177544474601746,-0.8986581563949585,0.13899239897727966,0.4160463809967041,-0.4382833242416382,-0.24576352536678314,-0.8645854592323303
300,1648570311.8711536,301.3978576660156,-22.70256805419922,1551.8997802734375,0.9969984292984009,-0.017337428405880928,-0.07545560598373413,0.0071913693100214005,0.9911286234855652,-0.13271164894104004,0.07708708196878433,0.13177068531513214,0.988278329372406
4,1648570311.8711803,-14.760820388793945,-27.360538482666016,1477.1663818359375,-0.022733174264431,-0.9596688747406006,0.2802121639251709,-0.9007742404937744,0.14125041663646698,0.41067513823509216,-0.43369224667549133,-0.24307195842266083,-0.8676560521125793
300,1648570311.9211862,301.4172058105469,-22.69452667236328,1551.787109375,0.9967008233070374,-0.01760891266167164,-0.07923003286123276,0.0070482580922544,0.9912719130516052,-0.13164472579956055,0.08085662871599197,0.13065198063850403,0.9881256222724915
4,1648570311.921225,-14.793278694152832,-27.796384811401367,1477.6636962890625,-0.024763891473412514,-0.9573001861572266,0.28803306818008423,-0.9028921127319336,0.14510373771190643,0.4046366214752197,-0.4291533827781677,-0.2500424087047577,-0.867932140827179
300,1648570311.9712985,301.39984130859375,-22.694971084594727,1551.792724609375,0.9967389106750488,-0.017678597941994667,-0.07873404771089554,0.006999097298830748,0.9909697771072388,-0.13390247523784637,0.08039026707410812,0.132914736866951,0.9878618717193604
4,1648570311.9713252,-12.280179023742676,-27.328081130981445,1477.443359375,-0.008733830414712429,-0.9506176710128784,0.3102414608001709,-0.9009954333305359,0.14205573499202728,0.40991151332855225,-0.4337407052516937,-0.2759460210800171,-0.8577428460121155
300,1648570312.021325,301.38409423828125,-22.691238403320312,1551.8328857421875,0.9967657923698425,-0.017469769343733788,-0.07843948155641556,0.006906389724463224,0.9910959005355835,-0.13297082483768463,0.08006402105093002,0.13199904561042786,0.9880111217498779
4,1648570312.0213513,-7.303351402282715,-26.052827835083008,1476.75830078125,0.02817598171532154,-0.9427998661994934,0.3321663737297058,-0.8946385979652405,0.12444671243429184,0.42910927534103394,-0.44590118527412415,-0.30925944447517395,-0.8399587869644165
