300,1648570493.816243,301.4183654785156,-22.619234085083008,1551.7974853515625,0.9967165589332581,-0.017867006361484528,-0.07897412776947021,0.007092334795743227,0.9908663034439087,-0.13466139137744904,0.08065880089998245,0.13365912437438965,0.9877395629882812
4,1648570493.8162715,-2.3797154426574707,-69.72576141357422,1553.3123779296875,0.09827905893325806,-0.9951525330543518,-0.0035617779940366745,-0.9951537847518921,-0.09826643764972687,-0.0035615551751106977,0.003194287186488509,0.0038945430424064398,-0.9999873042106628
410,1648570493.816291,-6.442747592926025,-164.4000244140625,1534.3148193359375,0.08033400774002075,0.9758482575416565,0.2031419575214386,-0.9961109757423401,0.07119753211736679,0.05190263316035271,0.03618588671088219,-0.20652148127555847,0.9777727127075195
300,1648570493.856394,301.4092102050781,-22.628446578979492,1551.820068359375,0.9967268705368042,-0.01772451028227806,-0.0788755938410759,0.00688638910651207,0.990738034248352,-0.13561226427555084,0.0805487185716629,0.13462522625923157,0.9876173138618469
4,1648570493.856419,-2.6416962146759033,-69.67328643798828,1553.3406982421875,0.099916473031044,-0.9949785470962524,-0.00586478179320693,-0.9949958324432373,-0.09991476684808731,-0.0005843298276886344,-4.582657311402727e-06,0.005893817637115717,-0.9999826550483704
410,1648570493.8564386,-6.811407089233398,-164.30955505371094,1534.3270263671875,0.07669124752283096,0.9755451679229736,0.20598557591438293,-0.9965644478797913,0.06852079182863235,0.04652095213532448,0.03126899525523186,-0.20884566009044647,0.977448582649231
300,1648570493.893737,301.4085998535156,-22.621294021606445,1551.7994384765625,0.9966859221458435,-0.01768963783979416,-0.07939963042736053,0.006843073293566704,0.9908420443534851,-0.1348525434732437,0.08105798810720444,0.13386228680610657,0.9876793622970581
4,1648570493.8937619,-3.033383369445801,-69.71330261230469,1553.4368896484375,0.09806021302938461,-0.9951188564300537,-0.01107760053128004,-0.9951790571212769,-0.09803501516580582,-0.002796727232635021,0.0016970832366496325,0.01129844319075346,-0.999934732913971
410,1648570493.893781,-7.229726791381836,-164.3684844970703,1534.466552734375,0.07541866600513458,0.9756678938865662,0.20587413012981415,-0.9965662360191345,0.06667475402355194,0.04909444972872734,0.03417327255010605,-0.2088698446750641,0.9773461818695068
300,1648570493.9313595,301.40716552734375,-22.621078491210938,1551.8255615234375,0.9967713952064514,-0.017763568088412285,-0.07830241322517395,0.00706028426066041,0.9908336400985718,-0.13490326702594757,0.07998102903366089,0.13391488790512085,0.9877600073814392
4,1648570493.9313872,-3.2826688289642334,-69.82128143310547,1553.63720703125,0.09426304697990417,-0.995481014251709,-0.011491518467664719,-0.9955412149429321,-0.09421581029891968,-0.004585912451148033,0.003482505911961198,0.01187256257981062,-0.9999234676361084
410,1648570493.9314077,-7.462172508239746,-164.44613647460938,1534.8148193359375,0.07507389038801193,0.9758031964302063,0.20535816252231598,-0.9966055750846863,0.06644578278064728,0.04860313981771469,0.03378191590309143,-0.20830991864204407,0.9774792790412903
300,1648570493.980456,301.4012756347656,-22.635644912719727,1551.8922119140625,0.9968146085739136,-0.017449479550123215,-0.07782100141048431,0.006874799728393555,0.9909393191337585,-0.1341344118118286,0.07945646345615387,0.1331721395254135,0.9879027605056763
4,1648570493.9804826,-3.3881428241729736,-69.81137084960938,1553.9447021484375,0.09506355226039886,-0.9954233765602112,-0.009759558364748955,-0.9954633712768555,-0.09501927345991135,-0.004905694629997015,0.003955896943807602,0.010181635618209839,-0.9999403357505798
410,1648570493.980501,-7.738588809967041,-164.5194549560547,1535.200927734375,0.07350713759660721,0.9758766889572144,0.20557567477226257,-0.9966340065002441,0.0643790140748024,0.05075374245643616,0.03629463165998459,-0.20861448347568512,0.9773242473602295
300,1648570494.0304437,301.41143798828125,-22.631563186645508,1551.85791015625,0.9967229962348938,-0.01757695898413658,-0.0789574682712555,0.006769020110368729,0.9908064603805542,-0.13511739671230316,0.08060652762651443,0.13414014875888824,0.987678587436676
4,1648570494.0305052,-3.3076493740081787,-69.9479751586914,1553.9776611328125,0.0917377918958664,-0.9957747459411621,-0.004101332277059555,-0.9957442283630371,-0.09169698506593704,-0.009225351735949516,0.008810292929410934,0.004930191207677126,-0.999949038028717
410,1648570494.0305295,-8.0755615234375,-164.60842895507812,1535.406982421875,0.07453872263431549,0.9752687811851501,0.2080739140510559,-0.9964945316314697,0.06489791721105576,0.05279141664505005,0.03798225522041321,-0.21127952635288239,0.9766874313354492
300,1648570494.0711174,301.4118347167969,-22.628271102905273,1551.907958984375,0.9967576265335083,-0.017644666135311127,-0.07850432395935059,0.006939684506505728,0.9908760190010071,-0.13459759950637817,0.08016297966241837,0.1336163878440857,0.9877856969833374
4,1648570494.0711434,-3.342968463897705,-69.8959732055664,1553.985107421875,0.09357479959726334,-0.9956009984016418,-0.004731760360300541,-0.9955835938453674,-0.09353497624397278,-0.008035523816943169,0.007557590492069721,0.005462785251438618,-0.9999565482139587
410,1648570494.0711622,-8.214494705200195,-164.6370849609375,1535.4423828125,0.07358597964048386,0.9747053980827332,0.21103186905384064,-0.9965897798538208,0.06394738703966141,0.052149321883916855,0.037335287779569626,-0.21414965391159058,0.9760870933532715
300,1648570494.1080017,301.4004211425781,-22.63005828857422,1551.872802734375,0.9967201352119446,-0.017761263996362686,-0.07895267754793167,0.0069566695019602776,0.9908115267753601,-0.13507093489170074,0.08062624931335449,0.13407868146896362,0.9876853227615356
4,1648570494.1080275,-3.529175043106079,-69.8387680053711,1553.9871826171875,0.09409724920988083,-0.9955222010612488,-0.009015444666147232,-0.9955511093139648,-0.09404803812503815,-0.005735874176025391,0.004862304776906967,0.009515066631138325,-0.9999428987503052
410,1648570494.108046,-8.422842979431152,-164.6776580810547,1535.5311279296875,0.07296396791934967,0.9743173718452454,0.21303018927574158,-0.9965993165969849,0.06302720308303833,0.05307857319712639,0.03828867897391319,-0.21617856621742249,0.9756028056144714
300,1648570494.1467893,301.3969421386719,-22.634347915649414,1551.8748779296875,0.9967239499092102,-0.017538396641612053,-0.07895458489656448,0.006760471500456333,0.9908555746078491,-0.1347571462392807,0.08059601485729218,0.13378190994262695,0.9877280592918396
4,1648570494.1468139,-3.8055458068847656,-69.89149475097656,1554.113037109375,0.09311538934707642,-0.9955803751945496,-0.012214362621307373,-0.9956432580947876,-0.09304682165384293,-0.006068298127502203,0.004904970992356539,0.012726199813187122,-0.9999070167541504
410,1648570494.1468327,-8.659658432006836,-164.67662048339844,1535.6680908203125,0.07214540243148804,0.9745868444442749,0.2120743989944458,-0.9966723918914795,0.062357231974601746,0.052494779229164124,0.03793634846806526,-0.2151559591293335,0.9758425951004028
300,1648570494.1853833,301.39788818359375,-22.638696670532227,1551.8775634765625,0.9967201948165894,-0.017622733488678932,-0.07898252457380295,0.00688969949260354,0.9909363985061646,-0.1341550648212433,0.0806308388710022,0.13317090272903442,0.9878077507019043
4,1648570494.185409,-3.9976253509521484,-69.97047424316406,1554.117919921875,0.09118500351905823,-0.9957277178764343,-0.01454853918403387,-0.9958078265190125,-0.09106707572937012,-0.008573646657168865,0.007212124299257994,0.015269337221980095,-0.9998574256896973
410,1648570494.1854281,-8.893477439880371,-164.69717407226562,1535.7216796875,0.07140704989433289,0.9740446209907532,0.21479785442352295,-0.9966857433319092,0.06126508489251137,0.05351758748292923,0.03896890953183174,-0.21790748834609985,0.9751911163330078
300,1648570494.222496,301.3981018066406,-22.62977409362793,1551.8392333984375,0.9967249631881714,-0.01773090288043022,-0.07889851927757263,0.007024523802101612,0.990962028503418,-0.1339585781097412,0.08056064695119858,0.13296563923358917,0.9878411293029785
4,1648570494.2225404,-4.134239196777344,-70.01365661621094,1554.140625,0.08802151679992676,-0.995993971824646,-0.015753479674458504,-0.9960859417915344,-0.08787956088781357,-0.009488530457019806,0.00806611031293869,0.01652701385319233,-0.9998309016227722
410,1648570494.2225628,-9.16188907623291,-164.74337768554688,1535.7408447265625,0.07177498191595078,0.9738151431083679,0.2157137542963028,-0.9966682195663452,0.06162339448928833,0.0534321665763855,0.03874003887176514,-0.2188301384449005,0.9749936461448669
300,1648570494.2668188,301.390625,-22.630632400512695,1551.8359375,0.9967532157897949,-0.017620956525206566,-0.0785650834441185,0.006961749400943518,0.9909656643867493,-0.13393503427505493,0.08021536469459534,0.1329532265663147,0.9878709316253662
4,1648570494.2668457,-4.131966590881348,-69.92903900146484,1554.1329345703125,0.09125257283449173,-0.9957072138786316,-0.015494200401008129,-0.9958123564720154,-0.09115345776081085,-0.006988706532865763,0.0055463556200265884,0.016067054122686386,-0.9998555183410645
410,1648570494.2668636,-9.318831443786621,-164.71359252929688,1535.8294677734375,0.06983698159456253,0.9735299348831177,0.2176288515329361,-0.9968268275260925,0.05975110083818436,0.052593618631362915,0.038197897374629974,-0.22061125934123993,0.9746135473251343
300,1648570494.3042588,301.3887023925781,-22.63414764404297,1551.839599609375,0.9967663288116455,-0.017699530348181725,-0.07838113605976105,0.007023835089057684,0.9908972978591919,-0.13443663716316223,0.0800471156835556,0.13345137238502502,0.9878174066543579
4,1648570494.3042848,-4.251926898956299,-70.0203628540039,1554.1484375,0.08781222999095917,-0.9959656596183777,-0.018477287143468857,-0.9961088299751282,-0.08765501528978348,-0.009154358878731728,0.007497800514101982,0.019209254533052444,-0.9997873902320862
410,1648570494.3043046,-9.384909629821777,-164.7717742919922,1535.84228515625,0.07083941996097565,0.9734160304069519,0.21781405806541443,-0.9967144727706909,0.06047981232404709,0.05387462303042412,0.03926906734704971,-0.22091487050056458,0.9745022058486938
300,1648570494.343263,301.3899841308594,-22.633159637451172,1551.824462890625,0.9967101216316223,-0.017654282972216606,-0.0791027620434761,0.006863435730338097,0.9908677339553833,-0.13466283679008484,0.0807577520608902,0.1336769014596939,0.9877290725708008
4,1648570494.3432884,-4.155428409576416,-69.99091339111328,1554.1400146484375,0.08873540908098221,-0.9958935976028442,-0.017945118248462677,-0.9960265159606934,-0.08858168870210648,-0.009188647381961346,0.00756130600348115,0.018689172342419624,-0.9997967481613159
410,1648570494.3433077,-9.373680114746094,-164.75527954101562,1535.7884521484375,0.06999819725751877,0.9731610417366028,0.21922098100185394,-0.996802806854248,0.05974845215678215,0.05304938182234764,0.0385274775326252,-0.22223345935344696,0.9742319583892822
300,1648570494.381968,301.3925476074219,-22.629100799560547,1551.835205078125,0.9967243075370789,-0.017787672579288483,-0.07889380306005478,0.007027246057987213,0.9908717274665833,-0.13462495803833008,0.08056829869747162,0.13362957537174225,0.9877509474754333
4,1648570494.3819942,-4.225390911102295,-69.95565032958984,1554.1219482421875,0.0888967514038086,-0.9958623051643372,-0.018859248608350754,-0.9960219860076904,-0.08876258134841919,-0.007837683893740177,0.0061312587931752205,0.01948096975684166,-0.9997914433479309
410,1648570494.3820128,-9.56178092956543,-164.752197265625,1535.7342529296875,0.07044094800949097,0.9725801348686218,0.22164364159107208,-0.9967607259750366,0.05998339131474495,0.05357298254966736,0.03880907967686653,-0.22469940781593323,0.9736549854278564
300,1648570494.4189713,301.3815612792969,-22.633922576904297,1551.8349609375,0.996738851070404,-0.017558591440320015,-0.07876168191432953,0.006885450333356857,0.9909861087799072,-0.13378746807575226,0.08040084689855576,0.1328088492155075,0.98787522315979
4,1648570494.4189978,-4.264125347137451,-69.92008209228516,1554.048583984375,0.08956216275691986,-0.9957943558692932,-0.019292304292321205,-0.9959726333618164,-0.08946407586336136,-0.0058906422927975655,0.004139900207519531,0.01974218524992466,-0.9997965097427368
410,1648570494.4190195,-9.6625394821167,-164.75595092773438,1535.640625,0.06981285661458969,0.9724281430244446,0.22250762581825256,-0.9967950582504272,0.059267979115247726,0.053729649633169174,0.039060644805431366,-0.22554552555084229,0.9734492897987366
300,1648570494.4594598,301.3891296386719,-22.630338668823242,1551.8558349609375,0.9968198537826538,-0.017637955024838448,-0.0777115672826767,0.006977741606533527,0.9907708764076233,-0.1353675127029419,0.07938195765018463,0.1343947798013687,0.9877431392669678
4,1648570494.4594855,-4.428830623626709,-69.88053894042969,1553.9647216796875,0.08934605121612549,-0.9958174228668213,-0.01910342089831829,-0.9959971308708191,-0.08927829563617706,-0.0043723732233047485,0.002648564288392663,0.01941760815680027,-0.9998079538345337
410,1648570494.4595041,-9.949442863464355,-164.73849487304688,1535.5172119140625,0.06921317428350449,0.9720335006713867,0.22441133856773376,-0.9968756437301636,0.05880820006132126,0.05273078754544258,0.03805886581540108,-0.2273598611354828,0.9730668067932129
300,1648570494.4963338,301.39129638671875,-22.632898330688477,1551.8626708984375,0.9967856407165527,-0.017491230741143227,-0.07818220555782318,0.006780318915843964,0.9907926321029663,-0.13521821796894073,0.07982748746871948,0.13425347208976746,0.9877264499664307
4,1648570494.4963603,-4.7124738693237305,-69.89271545410156,1553.9791259765625,0.088351771235466,-0.995831310749054,-0.022670669481158257,-0.9960854649543762,-0.08826488256454468,-0.0048071714118123055,0.002786107826977968,0.02300664596259594,-0.9997314214706421
410,1648570494.4963796,-10.304255485534668,-164.7141876220703,1535.494140625,0.06836670637130737,0.9717838764190674,0.22574783861637115,-0.9969462752342224,0.0579865500330925,0.052304089069366455,0.03773793578147888,-0.228634312748909,0.9727806448936462
300,1648570494.5476487,301.384765625,-22.623964309692383,1551.8311767578125,0.9967645406723022,-0.017581284046173096,-0.07843062281608582,0.00688375486060977,0.9908716678619385,-0.13463255763053894,0.08008169382810593,0.1336570531129837,0.9877867698669434
4,1648570494.5476742,-4.6616997718811035,-69.82538604736328,1553.88330078125,0.08833428472280502,-0.9958674311637878,-0.021098319441080093,-0.9960863590240479,-0.08825012296438217,-0.00488927960395813,0.0030071453657001257,0.021447638049721718,-0.9997654557228088
410,1648570494.5476928,-10.747220993041992,-164.6217041015625,1535.53076171875,0.06421155482530594,0.9709217548370361,0.2306249737739563,-0.9972636103630066,0.05394702032208443,0.050547461956739426,0.036636099219322205,-0.23323962092399597,0.9717289209365845
300,1648570494.5860224,301.3874816894531,-22.62373924255371,1551.8045654296875,0.9967630505561829,-0.01747722551226616,-0.0784730464220047,0.006766307633370161,0.9908586144447327,-0.1347348541021347,0.08011048287153244,0.1337677389383316,0.9877694845199585
4,1648570494.5860484,-4.9044189453125,-69.8994369506836,1553.9832763671875,0.08655350655317307,-0.9959779977798462,-0.023157672956585884,-0.99623703956604,-0.08642437309026718,-0.006522185634821653,0.0044945660047233105,0.023635050281882286,-0.9997105598449707
410,1648570494.5860693,-10.969669342041016,-164.6542205810547,1535.68408203125,0.06404605507850647,0.9709744453430176,0.23044905066490173,-0.9972362518310547,0.05355716496706009,0.05149254947900772,0.037655752152204514,-0.23311005532741547,0.9717210531234741
300,1648570494.6251283,301.3827819824219,-22.633121490478516,1551.844482421875,0.9968096613883972,-0.01745089516043663,-0.07788427919149399,0.006908876355737448,0.9910081624984741,-0.1336231529712677,0.07951579988002777,0.13265876471996307,0.9879670739173889
4,1648570494.625153,-4.964561939239502,-69.9748764038086,1554.060546875,0.0851937010884285,-0.9961073994636536,-0.022628946229815483,-0.9963414669036865,-0.08501563966274261,-0.008719014935195446,0.00676126079633832,0.023288963362574577,-0.9997059106826782
410,1648570494.6251729,-11.000596046447754,-164.6869659423828,1535.7672119140625,0.0636453777551651,0.971045970916748,0.230258509516716,-0.9972143173217773,0.05288870632648468,0.052596185356378555,0.03889523819088936,-0.23296459019184113,0.9717071056365967
300,1648570494.665682,301.3824768066406,-22.627635955810547,1551.8287353515625,0.9967764616012573,-0.017596853896975517,-0.07827556878328323,0.006963581312447786,0.9909440279006958,-0.13409501314163208,0.07992635667324066,0.1331176608800888,0.9878721833229065
4,1648570494.6657088,-4.98390007019043,-69.99640655517578,1554.0606689453125,0.08397406339645386,-0.9962167739868164,-0.02237178198993206,-0.9964348673820496,-0.08376720547676086,-0.010030103847384453,0.00811813585460186,0.023134293034672737,-0.9996994137763977
410,1648570494.6657283,-11.028705596923828,-164.71395874023438,1535.8558349609375,0.0639776960015297,0.9710446000099182,0.2301723062992096,-0.9971815347671509,0.053147103637456894,0.052956707775592804,0.03919033333659172,-0.232911616563797,0.9717079401016235
300,1648570494.7153528,301.3858337402344,-22.62129020690918,1551.836669921875,0.9967496991157532,-0.017615152522921562,-0.07861169427633286,0.006900183390825987,0.990883469581604,-0.1345449537038803,0.08026506006717682,0.13356520235538483,0.9877843260765076
4,1648570494.71538,-4.615105152130127,-69.92034149169922,1553.9130859375,0.08626650273799896,-0.996147096157074,-0.01578010804951191,-0.9962419867515564,-0.08612988889217377,-0.009142665192484856,0.007748301140964031,0.016509510576725006,-0.9998337030410767
410,1648570494.7154002,-11.145825386047363,-164.7165985107422,1535.7611083984375,0.06386081874370575,0.9705622792243958,0.2322297990322113,-0.9971939325332642,0.05295076593756676,0.05291999876499176,0.0390654094517231,-0.23495765030384064,0.9712202548980713
300,1648570494.7555482,301.3935546875,-22.625097274780273,1551.838134765625,0.9967393279075623,-0.017623145133256912,-0.07874058932065964,0.006884085014462471,0.9908723831176758,-0.13462752103805542,0.0803944319486618,0.13364648818969727,0.9877628087997437
4,1648570494.7555747,-4.746253967285156,-69.898681640625,1553.8050537109375,0.08481349796056747,-0.9961927533149719,-0.02016572095453739,-0.9963783025741577,-0.08467111736536026,-0.007813934236764908,0.0060767303220927715,0.02075541391968727,-0.9997661113739014
410,1648570494.7555933,-11.348160743713379,-164.6929473876953,1535.666259765625,0.06340765208005905,0.9701859354972839,0.2339204102754593,-0.9972509145736694,0.05259048938751221,0.05220057815313339,0.03834227845072746,-0.236587256193161,0.9708533883094788
300,1648570494.792736,301.39727783203125,-22.618932723999023,1551.8555908203125,0.9967052936553955,-0.01762436330318451,-0.07917021960020065,0.0068251630291342735,0.990868866443634,-0.13465616106987,0.08082053810358047,0.13367214798927307,0.9877245426177979
4,1648570494.7927654,-4.881615161895752,-69.83036041259766,1553.864013671875,0.08627493679523468,-0.9960501790046692,-0.02099093422293663,-0.9962643980979919,-0.08617652952671051,-0.005549962632358074,0.0037191156297922134,0.02139134332537651,-0.9997642636299133
410,1648570494.7927852,-11.36874771118164,-164.6258087158203,1535.585205078125,0.06222427263855934,0.9703544974327087,0.23353858292102814,-0.9973959922790527,0.0519084632396698,0.0500672310590744,0.036460332572460175,-0.23604583740234375,0.971057653427124
300,1648570494.8351965,301.3872985839844,-22.621152877807617,1551.7960205078125,0.9967080950737,-0.017591962590813637,-0.07914210855960846,0.006797694601118565,0.9908706545829773,-0.13464440405368805,0.080788254737854,0.13366319239139557,0.9877284169197083
4,1648570494.8352232,-4.8014349937438965,-69.8354721069336,1553.7857666015625,0.08602741360664368,-0.9960910677909851,-0.020045561715960503,-0.9962825179100037,-0.08591782301664352,-0.006267136428505182,0.004520367830991745,0.02051018737256527,-0.9997794032096863
410,1648570494.835244,-11.550634384155273,-164.58973693847656,1535.451904296875,0.06167994812130928,0.9697844386100769,0.2360374480485916,-0.9974099397659302,0.051122523844242096,0.050595201551914215,0.03699960932135582,-0.23854681849479675,0.9704259037971497
300,1648570494.884941,301.3913879394531,-22.611146926879883,1551.7899169921875,0.9967049360275269,-0.01757301762700081,-0.07918597757816315,0.006715529132634401,0.9907756447792053,-0.13534612953662872,0.08083397150039673,0.1343683898448944,0.9876289963722229
4,1648570494.8849685,-4.778327941894531,-69.69086456298828,1553.7572021484375,0.08805697411298752,-0.9959501028060913,-0.018146837130188942,-0.9961127042770386,-0.08799952268600464,-0.003941984847187996,0.002329107141122222,0.01842341385781765,-0.9998275637626648
410,1648570494.8849866,-11.766870498657227,-164.52972412109375,1535.5748291015625,0.05948318541049957,0.9688372611999512,0.24044986069202423,-0.9975970983505249,0.04912375286221504,0.048855628818273544,0.03552135452628136,-0.24277816712856293,0.9694312810897827
300,1648570494.936811,301.3786926269531,-22.617719650268555,1551.869140625,0.99678635597229,-0.017483334988355637,-0.07817471772432327,0.006796704139560461,0.990831732749939,-0.13493084907531738,0.0798170268535614,0.13396590948104858,0.9877663850784302
4,1648570494.9368362,-5.125443935394287,-69.809814453125,1553.789794921875,0.08579644560813904,-0.9959221482276917,-0.02789367362856865,-0.9963073134422302,-0.0856703445315361,-0.005687023513019085,0.003274172078818083,0.028278596699237823,-0.9995947480201721
410,1648570494.9368556,-11.815117835998535,-164.64678955078125,1535.5772705078125,0.06112627312541008,0.9689103960990906,0.23974208533763885,-0.9973742365837097,0.04994657635688782,0.052439745515584946,0.03883511573076248,-0.2423180341720581,0.9694193005561829
300,1648570494.9848888,301.3826904296875,-22.614219665527344,1551.8050537109375,0.9967154264450073,-0.01767001859843731,-0.0790322870016098,0.006909218616783619,0.9909017086029053,-0.13440996408462524,0.08068826049566269,0.13342243432998657,0.9877691268920898
4,1648570494.984915,-5.009303092956543,-69.83883666992188,1553.9412841796875,0.08482757210731506,-0.996105968952179,-0.0240236334502697,-0.9963785409927368,-0.08466024696826935,-0.00790046900510788,0.005835857708007097,0.02460681088268757,-0.9996801614761353
410,1648570494.9849334,-11.872705459594727,-164.61181640625,1535.760986328125,0.05973086506128311,0.9692026972770691,0.23891083896160126,-0.9974730014801025,0.048728302121162415,0.05170265585184097,0.038468632847070694,-0.24139535427093506,0.9696640968322754
300,1648570495.0366158,301.3896789550781,-22.611190795898438,1551.8267822265625,0.9967079162597656,-0.01763932593166828,-0.0791342481970787,0.0068815541453659534,0.9909293055534363,-0.13420771062374115,0.08078377693891525,0.1332213282585144,0.9877884984016418
4,1648570495.036641,-4.7340569496154785,-69.82954406738281,1553.8914794921875,0.08468548953533173,-0.9961827397346497,-0.021172158420085907,-0.9963830709457397,-0.08451478183269501,-0.008833173662424088,0.0070100948214530945,0.021843621507287025,-0.9997368454933167
410,1648570495.036663,-12.030024528503418,-164.58506774902344,1535.81005859375,0.059690240770578384,0.9686660766601562,0.24108736217021942,-0.9975115060806274,0.048803914338350296,0.05088198557496071,0.03752164542675018,-0.24352458119392395,0.9691686630249023
300,1648570495.0846906,301.385009765625,-22.607954025268555,1551.8116455078125,0.9967427849769592,-0.017506832256913185,-0.07872339338064194,0.006784096360206604,0.9908952713012695,-0.13446369767189026,0.08036067336797714,0.1334916651248932,0.9877864718437195
4,1648570495.0847175,-4.798119068145752,-69.69373321533203,1553.875244140625,0.08827107399702072,-0.9959021806716919,-0.01967417635023594,-0.9960888624191284,-0.08817573636770248,-0.005663590040057898,0.0039055964443832636,0.02009715884923935,-0.9997904300689697
410,1648570495.0847363,-12.25114631652832,-164.49539184570312,1535.735595703125,0.05781378969550133,0.967975378036499,0.24429751932621002,-0.9976469278335571,0.04698438569903374,0.04993101581931114,0.03685382381081581,-0.24660935997962952,0.9684139490127563
300,1648570495.1364214,301.3848876953125,-22.61382293701172,1551.802001953125,0.9966819286346436,-0.017634401097893715,-0.07946191728115082,0.006822038907557726,0.990912139415741,-0.13433778285980225,0.08110874146223068,0.1333499550819397,0.9877445101737976
4,1648570495.136446,-5.065098285675049,-69.77367401123047,1553.9522705078125,0.08534382283687592,-0.9960194826126099,-0.025721600279211998,-0.9963415265083313,-0.08519849181175232,-0.0066960882395505905,0.004477992653846741,0.026198966428637505,-0.9996467232704163
410,1648570495.1364644,-12.486310958862305,-164.42794799804688,1535.6209716796875,0.05668027698993683,0.9674932956695557,0.2464631199836731,-0.9977477788925171,0.04602114483714104,0.048800285905599594,0.03587143495678902,-0.24867403507232666,0.9679227471351624
300,1648570495.1844888,301.384033203125,-22.61661148071289,1551.8138427734375,0.9966799020767212,-0.017634252086281776,-0.07948726415634155,0.006808933801949024,0.9908964037895203,-0.13445411622524261,0.08113463968038559,0.13346648216247559,0.987726628780365
4,1648570495.1845164,-5.162508964538574,-69.79918670654297,1553.9100341796875,0.08441737294197083,-0.9960457682609558,-0.027686864137649536,-0.996417224407196,-0.08424018323421478,-0.00750700943171978,0.005144978407770395,0.028221389278769493,-0.9995884299278259
410,1648570495.1845357,-12.874116897583008,-164.4744110107422,1535.6304931640625,0.05649557337164879,0.9670984745025635,0.24804992973804474,-0.9977247714996338,0.04553189128637314,0.04972066357731819,0.03679059445858002,-0.25029456615448,0.9674704670906067
300,1648570495.2362409,301.3794860839844,-22.61149787902832,1551.81591796875,0.9967203736305237,-0.017632629722356796,-0.07897838205099106,0.006889725103974342,0.9909191727638245,-0.13428208231925964,0.08062894642353058,0.13329754769802094,0.9877908229827881
4,1648570495.2362654,-5.3386712074279785,-69.791748046875,1553.9178466796875,0.08189688622951508,-0.9962331652641296,-0.02850174903869629,-0.9966238141059875,-0.08169485628604889,-0.008183850906789303,0.005824577528983355,0.029075752943754196,-0.9995602369308472
410,1648570495.2362845,-13.305357933044434,-164.3544464111328,1535.66796875,0.05408487096428871,0.9665522575378418,0.2507020831108093,-0.9979421496391296,0.043661102652549744,0.046959467232227325,0.03444284945726395,-0.2527259588241577,0.9669246673583984
300,1648570495.2842681,301.37158203125,-22.605005264282227,1551.7850341796875,0.9967260360717773,-0.017547348514199257,-0.07892564684152603,0.006763280835002661,0.9908389449119568,-0.13487957417964935,0.08056938648223877,0.13390418887138367,0.987713634967804
4,1648570495.2842953,-5.252936840057373,-69.66145324707031,1553.7467041015625,0.08584080636501312,-0.9960415959358215,-0.02307475358247757,-0.9963005781173706,-0.08572270721197128,-0.006061242427676916,0.004059219267219305,0.023509692400693893,-0.9997153878211975
410,1648570495.284315,-13.533594131469727,-164.30284118652344,1535.4031982421875,0.05352011322975159,0.9659345149993896,0.25319185853004456,-0.9980036616325378,0.04322786629199982,0.04604405537247658,0.033530596643686295,-0.2551506757736206,0.966319739818573
300,1648570495.3360088,301.3785705566406,-22.601303100585938,1551.7978515625,0.9967346787452698,-0.017586244270205498,-0.07880795747041702,0.0068555488251149654,0.9909012317657471,-0.13441622257232666,0.08045478165149689,0.13343703746795654,0.9877862334251404
4,1648570495.3360348,-5.440700054168701,-69.65580749511719,1553.6744384765625,0.08344145864248276,-0.9960655570030212,-0.029849322512745857,-0.9965115189552307,-0.08335813134908676,-0.0040275021456182,0.0015234723687171936,0.030081255361437798,-0.9995462894439697
410,1648570495.3360581,-13.50960636138916,-164.14892578125,1535.13037109375,0.052595894783735275,0.9653615355491638,0.2555597424507141,-0.9981369376182556,0.04289507865905762,0.043389640748500824,0.030924435704946518,-0.25736573338508606,0.9658191204071045
300,1648570495.3840752,301.3807067871094,-22.599084854125977,1551.78759765625,0.9967287182807922,-0.017572030425071716,-0.0788867399096489,0.006796313915401697,0.9908441305160522,-0.13483966886997223,0.08053386956453323,0.1338624209165573,0.9877222180366516
4,1648570495.3841026,-5.217469692230225,-69.64579772949219,1553.408203125,0.08378574252128601,-0.9961098432540894,-0.027298085391521454,-0.9964805841445923,-0.08368482440710068,-0.004820625297725201,0.00251743639819324,0.02760591357946396,-0.9996157288551331
410,1648570495.3841212,-13.402542114257812,-164.23460388183594,1534.8187255859375,0.05480042099952698,0.965636134147644,0.25405460596084595,-0.9979541301727295,0.04457654803991318,0.045831017196178436,0.03293120861053467,-0.2560463845729828,0.9661033749580383
300,1648570495.4357877,301.3785705566406,-22.60297393798828,1551.7852783203125,0.9967067837715149,-0.017578188329935074,-0.07916218787431717,0.006772552616894245,0.9908562898635864,-0.1347513347864151,0.08080703765153885,0.13377143442630768,0.9877122044563293
4,1648570495.435814,-5.245915412902832,-69.54398345947266,1553.3507080078125,0.08362884074449539,-0.9961758852005005,-0.025294186547398567,-0.996495246887207,-0.08355473726987839,-0.003974534571170807,0.0018458866979926825,0.025537922978401184,-0.9996721744537354
410,1648570495.4358318,-13.402055740356445,-164.15528869628906,1534.8538818359375,0.052800193428993225,0.965132474899292,0.25638145208358765,-0.9981334805488586,0.04311651363968849,0.04324996843934059,0.030687673017382622,-0.2581865191459656,0.9656075835227966
300,1648570495.483941,301.3719787597656,-22.589405059814453,1551.7838134765625,0.9967430830001831,-0.017540065571665764,-0.07871179282665253,0.006762695498764515,0.9908018112182617,-0.13515202701091766,0.0803583636879921,0.13417954742908478,0.9876934885978699
4,1648570495.483969,-5.08407735824585,-69.48332977294922,1553.3031005859375,0.08648651093244553,-0.9959759712219238,-0.023492954671382904,-0.9962529540061951,-0.08645389974117279,-0.002402160782366991,0.0003614368324633688,0.023612679913640022,-0.999721109867096
410,1648570495.483988,-13.487564086914062,-164.16326904296875,1534.766845703125,0.053950875997543335,0.9653806686401367,0.25520482659339905,-0.9980272650718689,0.04391440376639366,0.044867221266031265,0.032106779515743256,-0.2571220099925995,0.9658454656600952
300,1648570495.535657,301.3802490234375,-22.601587295532227,1551.7955322265625,0.9967460036277771,-0.017421595752239227,-0.07870164513587952,0.006739391013979912,0.9909574389457703,-0.13400733470916748,0.08032459765672684,0.1330408751964569,0.9878502488136292
4,1648570495.535683,-5.217764377593994,-69.536865234375,1553.332275390625,0.08276517689228058,-0.9962594509124756,-0.02483915537595749,-0.996566891670227,-0.08268731087446213,-0.004147466272115707,0.002078069606795907,0.02509714663028717,-0.9996828436851501
410,1648570495.5357018,-13.649773597717285,-163.95533752441406,1534.615966796875,0.051288824528455734,0.9652065634727478,0.2564094066619873,-0.998258650302887,0.042056843638420105,0.0413634218275547,0.029140474274754524,-0.25808438658714294,0.9656828045845032
300,1648570495.583776,301.39306640625,-22.588899612426758,1551.771728515625,0.9966669678688049,-0.01763569563627243,-0.07964916527271271,0.006683799438178539,0.9907236695289612,-0.13572746515274048,0.08130396157503128,0.13474270701408386,0.9875394105911255
4,1648570495.5838025,-4.952013969421387,-69.5236587524414,1553.2642822265625,0.08561395108699799,-0.9960662722587585,-0.022852402180433273,-0.9963237047195435,-0.08552088588476181,-0.0050210729241371155,0.003046963829547167,0.023198265582323074,-0.9997262358665466
410,1648570495.583822,-13.901876449584961,-163.96664428710938,1534.2755126953125,0.05212706699967384,0.9646039605140686,0.2584994435310364,-0.9982181191444397,0.04280193895101547,0.04157557711005211,0.029039690271019936,-0.26020604372024536,0.9651163220405579
300,1648570495.6353898,301.39056396484375,-22.58829689025879,1551.809814453125,0.9967375993728638,-0.017574671655893326,-0.07877395302057266,0.006817924790084362,0.9908503293991089,-0.13479311764240265,0.08042214065790176,0.13381630182266235,0.9877375364303589
4,1648570495.6354146,-4.9593706130981445,-69.45841217041016,1553.2313232421875,0.08588863909244537,-0.9960142970085144,-0.024054639041423798,-0.9963042736053467,-0.0858403891324997,-0.00303330784663558,0.0009563584462739527,0.024226266890764236,-0.9997060298919678
410,1648570495.635434,-13.990047454833984,-163.9002227783203,1534.204833984375,0.049540527164936066,0.9643399119377136,0.2599889039993286,-0.9983729124069214,0.04045449569821358,0.040186457335948944,0.02823568508028984,-0.2615567445755005,0.964775025844574
300,1648570495.6837432,301.3782958984375,-22.59626579284668,1551.784423828125,0.9967202544212341,-0.017555074766278267,-0.07899729907512665,0.0068383715115487576,0.9909664392471313,-0.13393554091453552,0.08063492178916931,0.13295604288578033,0.9878363609313965
4,1648570495.6838112,-4.750540256500244,-69.49252319335938,1553.17822265625,0.0866653174161911,-0.9959802031517029,-0.02264048531651497,-0.9962366223335266,-0.08661333471536636,-0.003268365515395999,0.0012942594476044178,0.02283853478729725,-0.999738335609436
410,1648570495.6838307,-13.87821102142334,-163.99114990234375,1534.3260498046875,0.050602737814188004,0.9642192125320435,0.26023194193840027,-0.9982746243476868,0.04106225445866585,0.041971851140260696,0.02978435531258583,-0.26190683245658875,0.9646334648132324
300,1648570495.7354217,301.38983154296875,-22.59224510192871,1551.7921142578125,0.9967254996299744,-0.017503002658486366,-0.07894262671470642,0.0067726182751357555,0.9909315705299377,-0.1341966688632965,0.08057558536529541,0.13322259485721588,0.9878053069114685
4,1648570495.7354467,-4.9901604652404785,-69.50550842285156,1553.3714599609375,0.08577010035514832,-0.9960051774978638,-0.02484363690018654,-0.996312141418457,-0.08568397909402847,-0.004512457177042961,0.0023657288402318954,0.02513905055820942,-0.9996811747550964
410,1648570495.735465,-13.676056861877441,-163.95436096191406,1534.8531494140625,0.04948366805911064,0.9644798636436462,0.25948017835617065,-0.9983310699462891,0.04001887887716293,0.04163586348295212,0.029772846028208733,-0.2611074149608612,0.9648504853248596
300,1648570495.783578,301.3899230957031,-22.581344604492188,1551.791015625,0.996702253818512,-0.017592303454875946,-0.07921575754880905,0.006790329236537218,0.9908743500709534,-0.13461749255657196,0.08086109906435013,0.13363565504550934,0.9877261519432068
4,1648570495.783605,-5.158012390136719,-69.55096435546875,1553.4661865234375,0.08330906182527542,-0.996212899684906,-0.02488977462053299,-0.996514618396759,-0.08317535370588303,-0.006361649837344885,0.004267341922968626,0.02533300593495369,-0.9996699690818787
410,1648570495.783624,-13.658953666687012,-164.12387084960938,1535.0008544921875,0.05233641341328621,0.9651807546615601,0.2562948167324066,-0.9980726838111877,0.041985806077718735,0.04569602012634277,0.03334417566657066,-0.25819239020347595,0.9655179381370544
300,1648570495.8234024,301.38458251953125,-22.578163146972656,1551.7952880859375,0.9967247247695923,-0.017563488334417343,-0.07893883436918259,0.0068004741333425045,0.9908768534660339,-0.13459856808185577,0.08058268576860428,0.13362090289592743,0.9877509474754333
4,1648570495.823428,-5.206725597381592,-69.55670928955078,1553.4722900390625,0.08329857885837555,-0.9962410926818848,-0.023770567029714584,-0.9965175986289978,-0.08318470418453217,-0.0057417345233261585,0.003742804517969489,0.02416606806218624,-0.9997009634971619
410,1648570495.823446,-13.85417366027832,-164.1475372314453,1535.044189453125,0.0519971027970314,0.9647998809814453,0.25779351592063904,-0.9980971217155457,0.04163985326886177,0.04547837749123573,0.033143047243356705,-0.2596677243709564,0.9651291370391846
300,1648570495.86281,301.36572265625,-22.582843780517578,1551.7178955078125,0.9966796636581421,-0.017636584118008614,-0.07948946952819824,0.006833696737885475,0.9909337759017944,-0.13417726755142212,0.08113522827625275,0.13318854570388794,0.9877640604972839
4,1648570495.8628523,-5.265754222869873,-69.4924087524414,1553.46875,0.0830325037240982,-0.9962496757507324,-0.02433547005057335,-0.9965430498123169,-0.08294013887643814,-0.0047821891494095325,0.002745867008343339,0.02464842051267624,-0.999692440032959
410,1648570495.862881,-14.075133323669434,-164.0314178466797,1534.998046875,0.05004306882619858,0.9645074009895325,0.25927048921585083,-0.9982343316078186,0.03998560458421707,0.04392438754439354,0.03199831023812294,-0.2610108256340027,0.9648054242134094
300,1648570495.9069571,301.3690185546875,-22.58310890197754,1551.722412109375,0.9966552257537842,-0.017669767141342163,-0.07978825271129608,0.006807189900428057,0.9909020066261292,-0.13441309332847595,0.08143738657236099,0.13342037796974182,0.9877079129219055
4,1648570495.9069855,-5.0528564453125,-69.48992156982422,1553.314453125,0.08330594003200531,-0.9962499737739563,-0.023370087146759033,-0.996519923210144,-0.08321525901556015,-0.004827982280403376,0.002865129616111517,0.023690955713391304,-0.9997152090072632
410,1648570495.907005,-14.363980293273926,-164.0371551513672,1534.8074951171875,0.050029776990413666,0.963678240776062,0.2623380422592163,-0.9982101321220398,0.039630018174648285,0.0447881855070591,0.03276493772864342,-0.2641092538833618,0.9639360904693604
300,1648570495.9583852,301.3847351074219,-22.587007522583008,1551.7796630859375,0.996758222579956,-0.017593292519450188,-0.07850799709558487,0.006859729066491127,0.9908289909362793,-0.13494744896888733,0.0801621749997139,0.1339714378118515,0.9877376556396484
4,1648570495.95841,-5.102858543395996,-69.44795989990234,1553.28564453125,0.08265967667102814,-0.9963407516479492,-0.0217354204505682,-0.9965760707855225,-0.08259893953800201,-0.003678942332044244,0.0018701576627790928,0.02196509949862957,-0.9997569918632507
410,1648570495.9584289,-14.779142379760742,-163.9794921875,1534.6181640625,0.046653226017951965,0.9626040458679199,0.266865074634552,-0.998416006565094,0.03652471303939819,0.042795006185770035,0.03144747391343117,-0.2684389054775238,0.9627832770347595
300,1648570495.9975636,301.3843688964844,-22.57107925415039,1551.7637939453125,0.9967317581176758,-0.017641941085457802,-0.07883278280496597,0.0068392883986234665,0.9907873272895813,-0.13525433838367462,0.08049267530441284,0.13427312672138214,0.987669825553894
4,1648570495.9975893,-5.196394443511963,-69.43126678466797,1553.27001953125,0.08216099441051483,-0.9963632822036743,-0.02257724665105343,-0.9966174364089966,-0.08209870755672455,-0.0036733653396368027,0.0018064435571432114,0.02280268631875515,-0.999738335609436
410,1648570495.9976137,-15.21992015838623,-163.97901916503906,1534.6663818359375,0.04540074244141579,0.9618169665336609,0.2699015736579895,-0.9984940886497498,0.03536298871040344,0.04193991422653198,0.030793996527791023,-0.27139922976493835,0.9619740843772888
300,1648570496.0353515,301.3738708496094,-22.575084686279297,1551.73974609375,0.9966692328453064,-0.017562834545969963,-0.07963693886995316,0.006679467856884003,0.9908339381217957,-0.13492020964622498,0.08127656579017639,0.13393889367580414,0.987650990486145
4,1648570496.0353777,-5.275274753570557,-69.40838623046875,1553.216064453125,0.08146435767412186,-0.9964357018470764,-0.021895533427596092,-0.9966725707054138,-0.08138459175825119,-0.004511204548180103,0.0027131661772727966,0.02219017967581749,-0.9997500777244568
410,1648570496.0353975,-15.376246452331543,-164.0183868408203,1534.693115234375,0.043784938752651215,0.9618929624557495,0.26989781856536865,-0.9984892010688782,0.0331558994948864,0.043817922472953796,0.03319944441318512,-0.2714086174964905,0.9618914723396301
