300,1648718737.0353153,41.7453727722168,-55.442256927490234,1610.07177734375,0.998788058757782,-0.045669954270124435,0.01834716461598873,0.049152739346027374,0.9446945190429688,-0.3242473006248474,-0.0025241076946258545,0.3247561454772949,0.945794403553009
4,1648718737.0353403,-284.5175476074219,-110.22882843017578,1714.9638671875,-0.029612934216856956,-0.9784677624702454,0.20426426827907562,-0.9463152289390564,-0.03836368769407272,-0.3209607005119324,0.3218860328197479,-0.20280297100543976,-0.924802839756012
410,1648718737.035358,-255.47850036621094,-286.25177001953125,1766.5648193359375,-0.018616696819663048,0.7313033938407898,-0.6817982196807861,-0.9477066993713379,0.20438872277736664,0.2451067417860031,0.31859925389289856,0.6507077813148499,0.6892560720443726
300,1648718737.0687008,41.74382019042969,-55.4416618347168,1610.089599609375,0.9987857341766357,-0.04559718817472458,0.018654530867934227,0.04918301850557327,0.944775402545929,-0.32400694489479065,-0.0028505357913672924,0.3245309889316559,0.9458707571029663
4,1648718737.0687237,-284.28741455078125,-110.2172622680664,1714.9295654296875,-0.028110291808843613,-0.9782351851463318,0.20558634400367737,-0.9463729858398438,-0.040176067501306534,-0.3205682933330536,0.32185083627700806,-0.20357263088226318,-0.9246460199356079
410,1648718737.068743,-255.30453491210938,-286.01495361328125,1766.2823486328125,-0.019744597375392914,0.730246365070343,-0.6828985214233398,-0.9481346607208252,0.20306159555912018,0.24455393850803375,0.31725507974624634,0.6523084044456482,0.6883625388145447
300,1648718737.1007566,41.751197814941406,-55.44035339355469,1610.0804443359375,0.9987879991531372,-0.045651525259017944,0.01839611865580082,0.049149900674819946,0.9448590874671936,-0.32376784086227417,-0.002601243555545807,0.3242796063423157,0.9459577202796936
4,1648718737.1007829,-284.150634765625,-110.20988464355469,1714.985107421875,-0.026198947802186012,-0.9780852794647217,0.20654985308647156,-0.9464938640594482,-0.042213380336761475,-0.31994903087615967,0.32165661454200745,-0.20388050377368927,-0.9246457815170288
410,1648718737.1008008,-255.1934051513672,-286.08282470703125,1765.810302734375,-0.01965765468776226,0.7324321866035461,-0.6805561184883118,-0.947180449962616,0.20428624749183655,0.24721717834472656,0.32009807229042053,0.6494691967964172,0.689729630947113
300,1648718737.1467197,41.75474548339844,-55.440425872802734,1610.06396484375,0.998786211013794,-0.045714300125837326,0.018337545916438103,0.049190547317266464,0.9448237419128418,-0.32386472821235657,-0.0025204988196492195,0.32437366247177124,0.9459256529808044
4,1648718737.1467466,-284.0614929199219,-110.20274353027344,1714.97705078125,-0.02499021217226982,-0.9783473610877991,0.20545540750026703,-0.9467464089393616,-0.042832642793655396,-0.3191183805465698,0.3210088312625885,-0.20248901844024658,-0.9251765012741089
410,1648718737.1467662,-255.10516357421875,-285.9020080566406,1765.47119140625,-0.01817041076719761,0.7342800498008728,-0.67860347032547,-0.9480999112129211,0.20284195244312286,0.24487079679965973,0.317452996969223,0.6478332877159119,0.6924851536750793
300,1648718737.1962755,41.75136947631836,-55.43864822387695,1610.0548095703125,0.9987891316413879,-0.04572632163763046,0.018147917464375496,0.04914020746946335,0.9448540210723877,-0.3237840533256531,-0.0023416797630488873,0.32428377866744995,0.9459569454193115
4,1648718737.1963031,-284.0737609863281,-110.19962310791016,1714.96240234375,-0.02509627863764763,-0.9786356687545776,0.20406466722488403,-0.9468519687652588,-0.042213115841150284,-0.31888774037361145,0.3206891119480133,-0.20122192800045013,-0.9255637526512146
410,1648718737.1963205,-254.91990661621094,-285.87945556640625,1765.2420654296875,-0.017442677170038223,0.7351487278938293,-0.6776814460754395,-0.9491313099861145,0.200951486825943,0.24242159724235535,0.31439700722694397,0.6474371552467346,0.6942475438117981
300,1648718737.2455137,41.7606315612793,-55.44325637817383,1610.0672607421875,0.9987875819206238,-0.04570142552256584,0.018296539783477783,0.04916632920503616,0.944659411907196,-0.32434749603271484,-0.0024608548264950514,0.3248538374900818,0.9457610249519348
4,1648718737.24554,-284.1285705566406,-110.21353149414062,1715.0146484375,-0.024840062484145164,-0.9791812300682068,0.2014622837305069,-0.9464330673217773,-0.041865210980176926,-0.32017451524734497,0.32194313406944275,-0.19862371683120728,-0.9256895780563354
410,1648718737.2455592,-254.7377471923828,-285.9220886230469,1764.842041015625,-0.01685253344476223,0.736840546131134,-0.6758564710617065,-0.9493206143379211,0.20039106905460358,0.24214418232440948,0.3138572573661804,0.6456852555274963,0.6961207985877991
300,1648718737.2776217,41.756649017333984,-55.43888473510742,1610.0731201171875,0.9987868070602417,-0.04563513398170471,0.01850372739136219,0.049169622361660004,0.9448181390762329,-0.3238842189311981,-0.0027021572459489107,0.3244011104106903,0.9459157586097717
4,1648718737.277646,-283.8674621582031,-110.19175720214844,1714.9923095703125,-0.02289249747991562,-0.9787336587905884,0.20385372638702393,-0.9466527700424194,-0.044339869171381,-0.31919047236442566,0.32144129276275635,-0.20028576254844666,-0.9255058765411377
410,1648718737.2776635,-254.6575927734375,-286.0018005371094,1764.5784912109375,-0.01580611616373062,0.7375328540802002,-0.6751262545585632,-0.9495553970336914,0.20043061673641205,0.2411888837814331,0.3132007122039795,0.644882082939148,0.6971603035926819
300,1648718737.3179657,41.753639221191406,-55.43891143798828,1610.0634765625,0.9987894892692566,-0.04572993144392967,0.01811921037733555,0.04913593456149101,0.9446246027946472,-0.3244533836841583,-0.0022786222398281097,0.3249509334564209,0.9457281231880188
4,1648718737.3179924,-283.7765808105469,-110.19539642333984,1714.9437255859375,-0.021985942497849464,-0.9790241718292236,0.20255430042743683,-0.9464997053146362,-0.044861823320388794,-0.3195711076259613,0.32195478677749634,-0.19874365627765656,-0.9256597757339478
410,1648718737.3180106,-254.32452392578125,-285.8644104003906,1764.5213623046875,-0.014422876760363579,0.7372363805770874,-0.6754809617996216,-0.9495406150817871,0.20158183574676514,0.2402859330177307,0.31331223249435425,0.6448622345924377,0.6971285343170166
300,1648718737.3688657,41.761207580566406,-55.43912887573242,1610.060791015625,0.9987883567810059,-0.04581552371382713,0.017963998019695282,0.049165572971105576,0.9447576999664307,-0.3240611255168915,-0.002124595455825329,0.32455170154571533,0.9458655714988708
4,1648718737.3688898,-283.81280517578125,-110.20314025878906,1714.9337158203125,-0.022401249036192894,-0.9788914918899536,0.2031492292881012,-0.9465245604515076,-0.044650848954916,-0.3195270299911499,0.32185307145118713,-0.19944354891777039,-0.9255446195602417
410,1648718737.368908,-253.87965393066406,-285.51068115234375,1764.5252685546875,-0.012451762333512306,0.7374407052993774,-0.6752970814704895,-0.949741542339325,0.20253486931324005,0.23868517577648163,0.31278738379478455,0.6443297863006592,0.6978561878204346
300,1648718737.4163468,41.75624084472656,-55.438026428222656,1610.0682373046875,0.9987927675247192,-0.0457809679210186,0.01780722476541996,0.04908249154686928,0.9446821212768555,-0.32429394125938416,-0.001975677441805601,0.32477647066116333,0.9457887411117554
4,1648718737.4163742,-283.8011169433594,-110.2029037475586,1714.91064453125,-0.022676607593894005,-0.9790732264518738,0.20224083960056305,-0.9462851881980896,-0.04424341768026352,-0.32029181718826294,0.32253697514533997,-0.1986406445503235,-0.9254792332649231
410,1648718737.4163935,-253.314453125,-285.2485656738281,1764.5404052734375,-0.010435412637889385,0.7378249764442444,-0.674911379814148,-0.9497177004814148,0.20391219854354858,0.23760484158992767,0.31293344497680664,0.6434547901153564,0.6985975503921509
300,1648718737.4673717,41.75760269165039,-55.44084548950195,1610.064453125,0.998788595199585,-0.04571659490466118,0.018204066902399063,0.04915042221546173,0.9446893930435181,-0.3242625892162323,-0.0023730064276605844,0.3247644901275635,0.9457919597625732
4,1648718737.4673965,-283.70556640625,-110.19744873046875,1714.93994140625,-0.021743016317486763,-0.9792453050613403,0.20150884985923767,-0.946258544921875,-0.04489649832248688,-0.32027971744537354,0.32267946004867554,-0.19764330983161926,-0.9256430864334106
410,1648718737.4674146,-252.65390014648438,-285.0898132324219,1764.580322265625,-0.008774910122156143,0.7362973690032959,-0.6766011714935303,-0.9485074281692505,0.20812220871448517,0.2387860268354416,0.3166332542896271,0.6438565850257874,0.6965572834014893
300,1648718737.514772,41.75769805908203,-55.44316864013672,1610.0958251953125,0.998782753944397,-0.04555687680840492,0.018908556550741196,0.049225613474845886,0.944952130317688,-0.3234846591949463,-0.003130730940029025,0.32402169704437256,0.9460444450378418
4,1648718737.5147986,-283.5841064453125,-110.18820190429688,1714.9442138671875,-0.01989849843084812,-0.9793050289154053,0.2014094442129135,-0.9462532997131348,-0.04659683257341385,-0.3200521767139435,0.3228137493133545,-0.1969529092311859,-0.9257434010505676
410,1648718737.5148165,-252.17967224121094,-284.91217041015625,1764.629638671875,-0.006753953639417887,0.7363008856773376,-0.676620602607727,-0.947367787361145,0.2118685394525528,0.24001260101795197,0.3200761079788208,0.6426295638084412,0.6961167454719543
300,1648718737.5675142,41.75420379638672,-55.436927795410156,1610.0751953125,0.9987917542457581,-0.04567797854542732,0.0181274451315403,0.049088381230831146,0.9447807669639587,-0.3240055739879608,-0.0023265418130904436,0.32450392842292786,0.9458814859390259
4,1648718737.56754,-283.5262145996094,-110.18172454833984,1714.924072265625,-0.01923043094575405,-0.979468047618866,0.20068009197711945,-0.9465697407722473,-0.04679209738969803,-0.319086492061615,0.3219252824783325,-0.1960938721895218,-0.926235020160675
410,1648718737.567559,-251.9352569580078,-284.2798767089844,1764.699951171875,-0.004923993721604347,0.7356705665588379,-0.6773216128349304,-0.9486124515533447,0.21087463200092316,0.23593701422214508,0.316401869058609,0.6436774730682373,0.6968279480934143
300,1648718737.6167479,41.75988006591797,-55.44243240356445,1610.0792236328125,0.9987855553627014,-0.04571768641471863,0.018365276977419853,0.04920430853962898,0.9446225166320801,-0.3244491517543793,-0.0025151902809739113,0.32495877146720886,0.9457248449325562
4,1648718737.6167748,-283.51043701171875,-110.17842102050781,1714.96142578125,-0.018841009587049484,-0.9798587560653687,0.1988009363412857,-0.9465548992156982,-0.046553995460271835,-0.31916543841362,0.32199203968048096,-0.1941893994808197,-0.9266129732131958
410,1648718737.6167932,-251.5968780517578,-283.85784912109375,1764.7813720703125,-0.003840759163722396,0.7345332503318787,-0.6785618662834167,-0.9493501782417297,0.21052660048007965,0.23326541483402252,0.31419652700424194,0.6450887322425842,0.6965206861495972
300,1648718737.6674242,41.757301330566406,-55.43907928466797,1610.0823974609375,0.998786211013794,-0.04569800943136215,0.018377715721726418,0.04918881133198738,0.9447422027587891,-0.32410281896591187,-0.00255135097540915,0.32461339235305786,0.9458433389663696
4,1648718737.667449,-283.53070068359375,-110.17842102050781,1715.0238037109375,-0.01863570138812065,-0.979973554611206,0.19825387001037598,-0.9464079737663269,-0.0466565303504467,-0.3195858895778656,0.32243555784225464,-0.19358474016189575,-0.9265852570533752
410,1648718737.6674674,-251.22056579589844,-283.6826171875,1764.579833984375,-0.0023140686098486185,0.7349710464477539,-0.6780945062637329,-0.9488714337348938,0.21243083477020264,0.23348701000213623,0.3156543970108032,0.6439648270606995,0.6969014406204224
300,1648718737.714884,41.75605392456055,-55.43994140625,1610.062744140625,0.9987912178039551,-0.04584162309765816,0.0177379809319973,0.04911721125245094,0.9447083473205566,-0.3242122530937195,-0.0018948032520711422,0.3246915936470032,0.9458180665969849
4,1648718737.7149103,-283.48095703125,-110.17229461669922,1715.02685546875,-0.018134716898202896,-0.9801931977272034,0.19721150398254395,-0.9465196132659912,-0.04671943932771683,-0.3192457854747772,0.32213616371154785,-0.192453995347023,-0.9269248843193054
410,1648718737.7149298,-250.80833435058594,-283.5800476074219,1764.4921875,-0.0009636477916501462,0.7339376211166382,-0.6792161464691162,-0.9488037824630737,0.21386954188346863,0.23244620859622955,0.3158646821975708,0.644666850566864,0.6961566805839539
300,1648718737.7641845,41.75788879394531,-55.44042205810547,1610.0792236328125,0.9987869262695312,-0.045755188912153244,0.018195979297161102,0.04918483644723892,0.9446128010749817,-0.3244803249835968,-0.00234149768948555,0.3249816596508026,0.9457173943519592
4,1648718737.7642117,-283.3954162597656,-110.17034149169922,1715.1116943359375,-0.017683004960417747,-0.9801604151725769,0.19741550087928772,-0.9463674426078796,-0.047300007194280624,-0.31961125135421753,0.3226080536842346,-0.19247929751873016,-0.9267554879188538
410,1648718737.7642314,-250.2666778564453,-283.4610290527344,1764.37158203125,0.00044462582445703447,0.7329318523406982,-0.6803019046783447,-0.9481468200683594,0.21653099358081818,0.23266272246837616,0.3178323805332184,0.6449226140975952,0.6950232982635498
300,1648718737.8134365,41.75508499145508,-55.4407844543457,1610.083251953125,0.998785674571991,-0.04573953151702881,0.018305672332644463,0.04920307919383049,0.9449524879455566,-0.3234870731830597,-0.0025018430314958096,0.3239949345588684,0.94605553150177
4,1648718737.813463,-283.1625671386719,-110.16683197021484,1715.047119140625,-0.016275441274046898,-0.9799966812133789,0.19834735989570618,-0.9459878206253052,-0.04914817959070206,-0.3204551041126251,0.32379332184791565,-0.19284974038600922,-0.9262650012969971
410,1648718737.8134809,-249.73878479003906,-283.4017639160156,1764.30615234375,0.003122176742181182,0.7330643534660339,-0.6801521182060242,-0.9480156302452087,0.21860207617282867,0.2312563806772232,0.3182084858417511,0.6440728306770325,0.6956389546394348
300,1648718737.8626437,41.7558479309082,-55.437191009521484,1610.0809326171875,0.9987902641296387,-0.04571432247757912,0.018115729093551636,0.04911993443965912,0.9446408152580261,-0.3244086802005768,-0.002282734028995037,0.3249060809612274,0.9457435607910156
4,1648718737.8626711,-282.9571838378906,-110.1490707397461,1715.0460205078125,-0.013266931287944317,-0.9799633622169495,0.1987355500459671,-0.9460512399673462,-0.05204914137721062,-0.3198091685771942,0.3237452805042267,-0.192256897687912,-0.9264050126075745
410,1648718737.8626893,-249.4065399169922,-283.1699523925781,1764.311279296875,0.005557489115744829,0.7334004044532776,-0.6797742247581482,-0.9487246870994568,0.218719482421875,0.22821758687496185,0.31605473160743713,0.643650233745575,0.6970105767250061
300,1648718737.911916,41.75800323486328,-55.43729019165039,1610.0902099609375,0.9987927675247192,-0.04576621577143669,0.01784401945769787,0.04908067360520363,0.9446525573730469,-0.32438045740127563,-0.002010733587667346,0.3248646557331085,0.9457584023475647
4,1648718737.911943,-282.9052429199219,-110.14431762695312,1715.083984375,-0.014504310674965382,-0.9802737236022949,0.19711174070835114,-0.9462418556213379,-0.050250351428985596,-0.3195329010486603,0.3231346309185028,-0.1911499798297882,-0.9268471598625183
410,1648718737.911962,-248.79296875,-282.81378173828125,1764.364013671875,0.006271081510931253,0.7315610647201538,-0.6817470788955688,-0.949506938457489,0.21821726858615875,0.22542792558670044,0.31368327140808105,0.6459099054336548,0.695990800857544
300,1648718737.944552,41.75725173950195,-55.4391975402832,1610.087646484375,0.9987897276878357,-0.045788589864969254,0.01795702613890171,0.049138251692056656,0.9446951746940613,-0.3242475092411041,-0.0021170799154788256,0.32473745942115784,0.945801854133606
4,1648718737.944577,-282.6462707519531,-110.13090515136719,1715.1026611328125,-0.010783703066408634,-0.9797109365463257,0.20012538135051727,-0.9459874033927917,-0.0548575222492218,-0.3195285201072693,0.324023962020874,-0.19276177883148193,-0.926202654838562
410,1648718737.9445949,-248.423583984375,-282.9272155761719,1764.1627197265625,0.008792600594460964,0.7333583235740662,-0.679785430431366,-0.9484810829162598,0.22142904996871948,0.22661153972148895,0.3167116940021515,0.6427711248397827,0.6975234746932983
300,1648718737.9859095,41.758880615234375,-55.44089889526367,1610.078125,0.9987905621528625,-0.045813411474227905,0.017848830670118332,0.04912728816270828,0.9445828199386597,-0.32457631826400757,-0.0019897515885531902,0.3250606060028076,0.9456911087036133
4,1648718737.9859345,-282.5255126953125,-110.11917114257812,1715.1217041015625,-0.010152441449463367,-0.9796789288520813,0.20031505823135376,-0.9461882710456848,-0.0553881973028183,-0.3188415765762329,0.3234574496746063,-0.192772775888443,-0.9263983368873596
410,1648718737.9859514,-247.9875030517578,-282.7538146972656,1763.994140625,0.011173197999596596,0.7331348061561584,-0.6799915432929993,-0.9489646553993225,0.2221238613128662,0.22389069199562073,0.31518441438674927,0.6427863836288452,0.6982008814811707
300,1648718738.0335763,41.756935119628906,-55.439125061035156,1610.082763671875,0.9987891912460327,-0.04579147696495056,0.017980145290493965,0.049149658530950546,0.9445160031318665,-0.32476741075515747,-0.0021109548397362232,0.32525789737701416,0.945622980594635
4,1648718738.033603,-282.42950439453125,-110.11540222167969,1715.09619140625,-0.009264682419598103,-0.9799069166183472,0.19923995435237885,-0.9462871551513672,-0.05580717325210571,-0.3184747099876404,0.32319459319114685,-0.19148877263069153,-0.9267563223838806
410,1648718738.033621,-247.56138610839844,-282.46539306640625,1763.9344482421875,0.01226284634321928,0.7327325344085693,-0.6804062724113464,-0.9499654173851013,0.22093360126018524,0.22080330550670624,0.3121143579483032,0.6436547040939331,0.698779821395874
300,1648718738.0825624,41.75996017456055,-55.44057083129883,1610.083740234375,0.9987859725952148,-0.04564635455608368,0.01852058619260788,0.049185872077941895,0.9447973966598511,-0.3239423930644989,-0.0027114124968647957,0.32446008920669556,0.9458954930305481
4,1648718738.0825894,-282.46417236328125,-110.1248779296875,1715.1357421875,-0.010683021508157253,-0.9804384112358093,0.1965360939502716,-0.9460893869400024,-0.05372127518057823,-0.3194196820259094,0.3237294852733612,-0.1893530786037445,-0.9270084500312805
410,1648718738.0826087,-247.17408752441406,-282.1590576171875,1763.89208984375,0.012641077861189842,0.7311980724334717,-0.6820480823516846,-0.9498913288116455,0.22183583676815033,0.2202165424823761,0.3123246133327484,0.6450878381729126,0.6973628997802734
300,1648718738.1320627,41.75818634033203,-55.43988800048828,1610.06640625,0.9987881779670715,-0.04583052545785904,0.017936894670128822,0.0491710901260376,0.9447379112243652,-0.3241179883480072,-0.0020911656320095062,0.3246071934700012,0.9458466172218323
4,1648718738.1320934,-282.4671936035156,-110.1216812133789,1715.1434326171875,-0.008458483032882214,-0.9806131720542908,0.19577106833457947,-0.9460928440093994,-0.055544350296258926,-0.3190973699092865,0.32378503680229187,-0.18791669607162476,-0.9272812604904175
410,1648718738.1321113,-246.89024353027344,-281.8468322753906,1763.8731689453125,0.013973320834338665,0.7315902709960938,-0.681601345539093,-0.9501166343688965,0.222130686044693,0.2189437597990036,0.31158170104026794,0.6445413827896118,0.698199987411499
300,1648718738.1812966,41.76053237915039,-55.44184875488281,1610.08251953125,0.9987850189208984,-0.045659709721803665,0.01853768154978752,0.04920554906129837,0.9446170330047607,-0.32446491718292236,-0.002696035895496607,0.3249828517436981,0.9457160830497742
4,1648718738.1813235,-282.3529357910156,-110.12036895751953,1715.1573486328125,-0.008077387697994709,-0.9807763695716858,0.19496794044971466,-0.9460592269897461,-0.05565761402249336,-0.31917738914489746,0.32389310002326965,-0.18702933192253113,-0.9274229407310486
410,1648718738.1813424,-246.4723663330078,-281.73907470703125,1763.9500732421875,0.013860220089554787,0.7282986044883728,-0.6851196885108948,-0.9496027827262878,0.22417347133159637,0.21909095346927643,0.3131493031978607,0.6475549340248108,0.6947014927864075
300,1648718738.2147558,41.76063537597656,-55.44008255004883,1610.078857421875,0.9987873435020447,-0.045745495706796646,0.018197473138570786,0.049175746738910675,0.9446699619293213,-0.32431530952453613,-0.002354640979319811,0.32481691241264343,0.9457739591598511
4,1648718738.2147815,-282.30535888671875,-110.11325073242188,1715.1378173828125,-0.00759391812607646,-0.9805890917778015,0.19592693448066711,-0.9459847211837769,-0.056463245302438736,-0.31925663352012634,0.32412225008010864,-0.18776829540729523,-0.9271935224533081
410,1648718738.2147985,-246.20242309570312,-281.53082275390625,1764.121337890625,0.01487638708204031,0.7271895408630371,-0.6862754821777344,-0.949614405632019,0.22517313063144684,0.21801261603832245,0.3130672872066498,0.6484538912773132,0.6938994526863098
300,1648718738.2794785,41.759429931640625,-55.43952941894531,1610.07568359375,0.9987884163856506,-0.04570649564266205,0.018236706033349037,0.04915003105998039,0.9448818564414978,-0.32370126247406006,-0.0024362835101783276,0.3242053985595703,0.9459835886955261
4,1648718738.2795072,-281.9442443847656,-110.0846176147461,1715.204345703125,-0.0052799200639128685,-0.9799097776412964,0.19937141239643097,-0.9461010694503784,-0.05966882035136223,-0.3183274567127228,0.32382845878601074,-0.19030624628067017,-0.9267786741256714
410,1648718738.2795255,-245.52810668945312,-281.60589599609375,1764.013916015625,0.017976488918066025,0.7272436618804932,-0.6861439347267151,-0.9483769536018372,0.22973009943962097,0.21864402294158936,0.316635400056839,0.6467926502227783,0.6938309073448181
300,1648718738.3287299,41.758941650390625,-55.43648910522461,1610.077880859375,0.9987889528274536,-0.04572024196386337,0.018174702301621437,0.04914456978440285,0.9446569085121155,-0.32435810565948486,-0.0023391267750412226,0.32485848665237427,0.9457597732543945
4,1648718738.3287563,-281.8863525390625,-110.07804107666016,1715.158203125,-0.004440483637154102,-0.97948157787323,0.20148485898971558,-0.9460600018501282,-0.06115966662764549,-0.31816649436950684,0.32396095991134644,-0.19202958047389984,-0.9263767600059509
410,1648718738.328774,-245.2632293701172,-281.17669677734375,1764.0213623046875,0.021009154617786407,0.7281090021133423,-0.6851393580436707,-0.9494367837905884,0.22924773395061493,0.21451179683208466,0.31325462460517883,0.6459897756576538,0.6961097121238708
300,1648718738.3595304,41.758705139160156,-55.440792083740234,1610.083251953125,0.998782217502594,-0.045618560165166855,0.018789377063512802,0.04924741014838219,0.9447277188301086,-0.3241361379623413,-0.0029642211738973856,0.32466673851013184,0.9458238482475281
4,1648718738.3595552,-281.8074951171875,-110.08147430419922,1715.1993408203125,-0.0034993526060134172,-0.9796327948570251,0.20076683163642883,-0.9457509517669678,-0.061982519924640656,-0.31892532110214233,0.32487374544143677,-0.19099144637584686,-0.9262717366218567
410,1648718738.3595777,-244.84571838378906,-281.2355651855469,1764.1143798828125,0.020920876413583755,0.7244513034820557,-0.6890084743499756,-0.9475919604301453,0.23411843180656433,0.21738910675048828,0.31879737973213196,0.6483508944511414,0.6913821697235107
300,1648718738.4015312,41.758480072021484,-55.44258117675781,1610.0810546875,0.9987848997116089,-0.04567465931177139,0.018507499247789383,0.049208007752895355,0.9448435306549072,-0.3238042891025543,-0.0026970410253852606,0.32432156801223755,0.9459430575370789
4,1648718738.4015582,-281.7278137207031,-110.08002471923828,1715.2274169921875,-0.0029481512028723955,-0.9792163968086243,0.2027967870235443,-0.9455302357673645,-0.06328550726175308,-0.31932345032691956,0.3255208730697632,-0.19269190728664398,-0.9256921410560608
410,1648718738.4015749,-244.69577026367188,-280.9867858886719,1764.0203857421875,0.02101004868745804,0.7241745591163635,-0.6892966032028198,-0.9473538398742676,0.23474673926830292,0.21774902939796448,0.3194984495639801,0.6484328508377075,0.6909815669059753
300,1648718738.4507763,41.760292053222656,-55.43815994262695,1610.0784912109375,0.9987868666648865,-0.04570303112268448,0.01833205111324787,0.04917684942483902,0.9449854493141174,-0.3233947157859802,-0.0025434033013880253,0.323903888463974,0.946086585521698
4,1648718738.4508033,-281.64202880859375,-110.07594299316406,1715.20654296875,-0.0051061976701021194,-0.9788029193878174,0.2047407329082489,-0.9455509781837463,-0.061905387789011,-0.3195326328277588,0.32543402910232544,-0.19522438943386078,-0.9251919388771057
410,1648718738.4508214,-244.72988891601562,-280.5276794433594,1763.9739990234375,0.021387821063399315,0.7231823801994324,-0.6903258562088013,-0.9478733539581299,0.23424263298511505,0.21602435410022736,0.3179287612438202,0.6497212052345276,0.6904952526092529
300,1648718738.4859042,41.76013946533203,-55.43718338012695,1610.0621337890625,0.9987891316413879,-0.04575903341174126,0.01806604489684105,0.04914540797472,0.9447370171546936,-0.3241245150566101,-0.0022360363509505987,0.3246198892593384,0.945841908454895
4,1648718738.4859307,-281.73138427734375,-110.07056427001953,1715.220947265625,-0.003641073824837804,-0.978726327419281,0.20513790845870972,-0.9457002878189087,-0.06330455839633942,-0.31881576776504517,0.3250195384025574,-0.19515982270240784,-0.9253512620925903
410,1648718738.485949,-244.71688842773438,-280.2896728515625,1764.1436767578125,0.022071104496717453,0.7220956087112427,-0.6914411187171936,-0.9471573233604431,0.23647800087928772,0.21672838926315308,0.3200092315673828,0.6501200795173645,0.6891574263572693
300,1648718738.5194006,41.759212493896484,-55.43916320800781,1610.072998046875,0.9987878799438477,-0.045654673129320145,0.018396975472569466,0.049153346568346024,0.9448345899581909,-0.3238387703895569,-0.002597345504909754,0.324350506067276,0.9459334015846252
4,1648718738.5194275,-281.9521484375,-110.09171295166016,1715.25048828125,-0.007791848853230476,-0.9789644479751587,0.20388203859329224,-0.945616602897644,-0.05909089371562004,-0.3198711574077606,0.32519006729125977,-0.19528663158416748,-0.9252645969390869
410,1648718738.5194454,-244.86447143554688,-279.6737976074219,1764.26025390625,0.022180018946528435,0.7216715812683105,-0.6918801665306091,-0.9489233493804932,0.23305653035640717,0.2126714140176773,0.3147261142730713,0.6518241763114929,0.6899802088737488
300,1648718738.5686672,41.75832748413086,-55.43751525878906,1610.0850830078125,0.9987834692001343,-0.045729029923677444,0.018451256677508354,0.04924268648028374,0.9446571469306946,-0.3243424892425537,-0.0025982444640249014,0.3248564898967743,0.9457597732543945
4,1648718738.568694,-281.858642578125,-110.07413482666016,1715.254150390625,-0.005148626398295164,-0.9787242412567139,0.20511555671691895,-0.9457811713218689,-0.061849839985370636,-0.31886130571365356,0.32476362586021423,-0.19563613831996918,-0.9253405332565308
410,1648718738.5687134,-244.99270629882812,-279.5019226074219,1763.9822998046875,0.020983459427952766,0.7229663133621216,-0.6905645728111267,-0.946901798248291,0.23602773249149323,0.2183297872543335,0.32083746790885925,0.6493155360221863,0.6895307302474976
300,1648718738.6036668,41.756370544433594,-55.4333610534668,1610.06591796875,0.9987884163856506,-0.04580074921250343,0.017999790608882904,0.049163877964019775,0.9446580410003662,-0.32435184717178345,-0.0021480899304151535,0.32484379410743713,0.9457652568817139
4,1648718738.6036925,-282.03765869140625,-110.08869934082031,1715.2421875,-0.007852201350033283,-0.9793234467506409,0.2021484076976776,-0.9456112384796143,-0.05847148224711418,-0.32000064849853516,0.3252040445804596,-0.1936665177345276,-0.9256001114845276
410,1648718738.603724,-245.21212768554688,-278.9825439453125,1763.9468994140625,0.020998654887080193,0.7242100238800049,-0.6892596483230591,-0.9477682709693909,0.23388539254665375,0.21687079966068268,0.3182677924633026,0.6487044095993042,0.6912945508956909
300,1648718738.637545,41.75432586669922,-55.4379997253418,1610.0828857421875,0.9987854361534119,-0.04572868347167969,0.0183466374874115,0.04920940101146698,0.9445242881774902,-0.3247341513633728,-0.0024791809264570475,0.3252425491809845,0.9456273913383484
4,1648718738.6375713,-282.1007995605469,-110.09593963623047,1715.1932373046875,-0.007572390604764223,-0.9792050719261169,0.20273160934448242,-0.94565749168396,-0.058894626796245575,-0.3197863698005676,0.32507622241973877,-0.19413621723651886,-0.9255466461181641
410,1648718738.6375897,-245.3867645263672,-278.4595947265625,1763.911865234375,0.0204134713858366,0.7240243554115295,-0.6894723176956177,-0.948499858379364,0.23207081854343414,0.21561816334724426,0.3161191940307617,0.6495628356933594,0.6914743185043335
300,1648718738.6883385,41.752010345458984,-55.43783187866211,1610.1005859375,0.9987848401069641,-0.04560156911611557,0.01869216375052929,0.049198560416698456,0.9448662400245667,-0.32373955845832825,-0.0028985626995563507,0.3242657780647278,0.945961594581604
4,1648718738.6883628,-282.12860107421875,-110.10662078857422,1715.2158203125,-0.008968930691480637,-0.9795219302177429,0.20113754272460938,-0.9453607797622681,-0.05725061520934105,-0.32096001505851746,0.3259026110172272,-0.19302621483802795,-0.9254881739616394
410,1648718738.6883802,-245.50668334960938,-278.1039123535156,1763.6861572265625,0.019851496443152428,0.7236829400062561,-0.6898470520973206,-0.9480149149894714,0.23281078040599823,0.21694907546043396,0.3176061809062958,0.6496784687042236,0.6906838417053223
300,1648718738.7212498,41.75138854980469,-55.4378547668457,1610.1002197265625,0.9987836480140686,-0.04560939222574234,0.0187364611774683,0.04922015592455864,0.9448838233947754,-0.32368502020835876,-0.0029407027177512646,0.32421350479125977,0.9459793567657471
4,1648718738.7212744,-282.181396484375,-110.10433197021484,1715.1846923828125,-0.008951539173722267,-0.979718029499054,0.2001809924840927,-0.9454926252365112,-0.056875601410865784,-0.32063814997673035,0.325520396232605,-0.1921398639678955,-0.9258070588111877
410,1648718738.7212923,-245.69760131835938,-277.5753479003906,1763.651611328125,0.020125633105635643,0.7246748805046082,-0.6887969374656677,-0.9489278197288513,0.23080134391784668,0.21509699523448944,0.31485065817832947,0.6492896676063538,0.6923092007637024
300,1648718738.7572618,41.75154113769531,-55.43257522583008,1610.0828857421875,0.9987867474555969,-0.04574572294950485,0.018229585140943527,0.04918590560555458,0.9447357654571533,-0.32412204146385193,-0.0023949432652443647,0.3246254324913025,0.9458396434783936
4,1648718738.7572865,-281.9788513183594,-110.09184265136719,1715.1412353515625,-0.007262621074914932,-0.9791130423545837,0.2031870186328888,-0.9457131624221802,-0.05929800868034363,-0.31954702734947205,0.32492125034332275,-0.194477379322052,-0.925529420375824
410,1648718738.757304,-245.7378387451172,-277.3922119140625,1763.5157470703125,0.019401775673031807,0.7249006032943726,-0.6885801553726196,-0.9486236572265625,0.23089003562927246,0.2163398712873459,0.3158112168312073,0.6490060687065125,0.6921375393867493
300,1648718738.8046618,41.751792907714844,-55.435359954833984,1610.0728759765625,0.9987868666648865,-0.04582105949521065,0.01803317666053772,0.04919228330254555,0.944900393486023,-0.32364076375961304,-0.0022099940106272697,0.3241352438926697,0.9460082054138184
4,1648718738.8046882,-282.159423828125,-110.10220336914062,1715.1702880859375,-0.008830414153635502,-0.9795219302177429,0.20114374160766602,-0.9455835223197937,-0.057249490171670914,-0.32030341029167175,0.32525959610939026,-0.1930266171693802,-0.9257142543792725
410,1648718738.8047063,-245.86807250976562,-277.0998229980469,1763.43017578125,0.019202928990125656,0.725418746471405,-0.6880398392677307,-0.9486600160598755,0.230523943901062,0.21657079458236694,0.31571418046951294,0.6485571265220642,0.6926025152206421
300,1648718738.8536494,41.75392150878906,-55.43974685668945,1610.0565185546875,0.9987896680831909,-0.04577350988984108,0.018001191318035126,0.049137815833091736,0.944771945476532,-0.32402393221855164,-0.0021753080654889345,0.32451626658439636,0.9458776116371155
4,1648718738.8536766,-282.207275390625,-110.11257934570312,1715.166259765625,-0.008526277728378773,-0.9795811772346497,0.20086829364299774,-0.94538813829422,-0.0575580894947052,-0.3208244740962982,0.3258351981639862,-0.19263394176959991,-0.9255936145782471
410,1648718738.8536956,-245.84410095214844,-276.9256286621094,1763.3863525390625,0.019356850534677505,0.7245567440986633,-0.6889432668685913,-0.9485067129135132,0.23120936751365662,0.21651160717010498,0.31616508960723877,0.6492763161659241,0.6917223930358887
300,1648718738.8879106,41.757476806640625,-55.43840789794922,1610.067626953125,0.9987878799438477,-0.04575977101922035,0.018133878707885742,0.04916844889521599,0.944690465927124,-0.32425662875175476,-0.002292993711307645,0.3247551918029785,0.9457952976226807
4,1648718738.8879502,-282.108642578125,-110.08902740478516,1715.14453125,-0.008006836287677288,-0.9794135689735413,0.20170509815216064,-0.9459236860275269,-0.05799680948257446,-0.3191625773906708,0.3242904245853424,-0.1933531016111374,-0.925986111164093
410,1648718738.8879683,-245.83633422851562,-276.70697021484375,1763.2054443359375,0.01870376616716385,0.7251994013786316,-0.6882848143577576,-0.9485641121864319,0.2304670363664627,0.21705089509487152,0.31603214144706726,0.6488226056098938,0.6922087073326111
300,1648718738.9225411,41.755401611328125,-55.436614990234375,1610.0621337890625,0.9987887740135193,-0.045771658420562744,0.01805381290614605,0.04915275424718857,0.9448274970054626,-0.32385963201522827,-0.0022341464646160603,0.32435476779937744,0.9459328651428223
4,1648718738.9225688,-281.8787841796875,-110.07588958740234,1715.1387939453125,-0.00454277778044343,-0.9788427352905273,0.20456360280513763,-0.9458616971969604,-0.062184061855077744,-0.3185574412345886,0.3245382308959961,-0.19493600726127625,-0.9255673289299011
410,1648718738.9225872,-245.8429412841797,-276.6463317871094,1762.8818359375,0.019092200323939323,0.725886881351471,-0.6875490546226501,-0.948178231716156,0.2312912940979004,0.21785862743854523,0.3171648383140564,0.6477596759796143,0.6926859617233276
300,1648718738.9718292,41.755287170410156,-55.434913635253906,1610.063232421875,0.9987909197807312,-0.04575292021036148,0.017982440069317818,0.04911228269338608,0.9447690844535828,-0.32403600215911865,-0.0021636621095240116,0.3245273530483246,0.9458738565444946
4,1648718738.9718556,-282.03521728515625,-110.09049987792969,1715.11083984375,-0.008248218335211277,-0.9790878295898438,0.20327062904834747,-0.9455900192260742,-0.05848265066742897,-0.32006141543388367,0.3252560496330261,-0.1948506236076355,-0.9253333210945129
410,1648718738.9718752,-245.95587158203125,-275.7846374511719,1762.7860107421875,0.019585661590099335,0.7266156077384949,-0.6867649555206299,-0.9488168358802795,0.2300724983215332,0.216363787651062,0.31521904468536377,0.647376537322998,0.6939312219619751
300,1648718739.0061631,41.754207611083984,-55.432804107666016,1610.0601806640625,0.9987878203392029,-0.045705679804086685,0.018271656706929207,0.04916232451796532,0.9446521997451782,-0.32436901330947876,-0.0024348560255020857,0.32487407326698303,0.9457541704177856
4,1648718739.0061893,-281.86553955078125,-110.06951141357422,1715.1824951171875,-0.006047720089554787,-0.9784950017929077,0.20618188381195068,-0.945695698261261,-0.061414431780576706,-0.3191988170146942,0.3249970078468323,-0.19691574573516846,-0.9249870777130127
410,1648718739.0062072,-246.0066375732422,-275.3680725097656,1762.564697265625,0.019258346408605576,0.726449191570282,-0.6869502663612366,-0.9483150839805603,0.23094111680984497,0.2176344245672226,0.31674543023109436,0.6472539901733398,0.6933502554893494
300,1648718739.040755,41.75545883178711,-55.43133544921875,1610.04345703125,0.998793363571167,-0.04589322209358215,0.01748390682041645,0.04908371344208717,0.9446709156036377,-0.3243265151977539,-0.0016321496805176139,0.32479333877563477,0.9457836151123047
4,1648718739.0407827,-281.9661865234375,-110.08020782470703,1715.17919921875,-0.008119315840303898,-0.9785216450691223,0.20598414540290833,-0.9456921815872192,-0.059427522122859955,-0.31958523392677307,0.32496219873428345,-0.19739240407943726,-0.9248977303504944
410,1648718739.040801,-246.08364868164062,-275.0321350097656,1762.2811279296875,0.01879493147134781,0.7274932861328125,-0.685857355594635,-0.9472052454948425,0.23256029188632965,0.22072139382362366,0.32007649540901184,0.6454992294311523,0.6934564113616943
300,1648718739.0912735,41.755577087402344,-55.430049896240234,1610.0408935546875,0.9987947344779968,-0.04579482972621918,0.017661668360233307,0.04904814437031746,0.9447168111801147,-0.32419803738594055,-0.0018386809388175607,0.3246735632419586,0.9458243250846863
4,1648718739.0912983,-281.8916931152344,-110.06432342529297,1715.1787109375,-0.004410270601511002,-0.9785149097442627,0.20612895488739014,-0.9459457993507385,-0.06276551634073257,-0.31819337606430054,0.3242947459220886,-0.19639013707637787,-0.925345242023468
410,1648718739.0913165,-246.37120056152344,-274.1850280761719,1761.9227294921875,0.017847171053290367,0.7289808392524719,-0.6843014359474182,-0.9474472403526306,0.23097547888755798,0.22134609520435333,0.3194139003753662,0.6443890929222107,0.6947931051254272
300,1648718739.1386695,41.75848388671875,-55.43327713012695,1610.041259765625,0.9987887144088745,-0.045805566012859344,0.01796930655837059,0.04915753751993179,0.9448097944259644,-0.32391056418418884,-0.0021406696178019047,0.32440152764320374,0.9459170699119568
4,1648718739.1386964,-281.9895324707031,-110.0809097290039,1715.1549072265625,-0.007012565620243549,-0.9791797995567322,0.20287376642227173,-0.9458733797073364,-0.059332460165023804,-0.3190661072731018,0.32446008920669556,-0.19413037598133087,-0.9257640242576599
410,1648718739.1387155,-246.4973602294922,-273.0895080566406,1761.7777099609375,0.01826895959675312,0.7285560965538025,-0.6847425103187561,-0.94797283411026,0.2303236871957779,0.21976910531520844,0.3178265392780304,0.645102322101593,0.6948591470718384
300,1648718739.1717606,41.75361633300781,-55.43586730957031,1610.0509033203125,0.9987863302230835,-0.045753128826618195,0.01823509857058525,0.04919586330652237,0.9445767998695374,-0.324583500623703,-0.002373739844188094,0.32508665323257446,0.9456812739372253
4,1648718739.1717863,-282.02813720703125,-110.0835189819336,1715.134521484375,-0.0066747358068823814,-0.9789241552352905,0.2041151523590088,-0.9458761811256409,-0.06004929542541504,-0.31892380118370056,0.32445916533470154,-0.19519637525081635,-0.9255401492118835
410,1648718739.171818,-246.5139617919922,-272.3644714355469,1761.2967529296875,0.018452461808919907,0.7296126484870911,-0.6836116313934326,-0.9471547603607178,0.23175430297851562,0.22178314626216888,0.3202457129955292,0.6433935761451721,0.6953325867652893
300,1648718739.2075846,41.75795364379883,-55.43473434448242,1610.0364990234375,0.9987906813621521,-0.04570304974913597,0.018121149390935898,0.04911123961210251,0.9446120858192444,-0.3244936168193817,-0.0022871086839586496,0.3249911665916443,0.9457142949104309
4,1648718739.2076113,-282.25555419921875,-110.10990905761719,1715.118896484375,-0.009763872250914574,-0.9797694087028503,0.1998913288116455,-0.9455775618553162,-0.055974330753088,-0.32054635882377625,0.3252503275871277,-0.192142516374588,-0.925901472568512
410,1648718739.2076297,-246.72047424316406,-271.097412109375,1760.798095703125,0.01802419312298298,0.7296507954597473,-0.6835823655128479,-0.9471417665481567,0.23148874938488007,0.22211585938930511,0.3203086256980896,0.6434459686279297,0.6952551603317261
300,1648718739.2565506,41.75697326660156,-55.43259811401367,1610.034423828125,0.9987897276878357,-0.045721229165792465,0.018128827214241028,0.04912957176566124,0.944802463054657,-0.3239360749721527,-0.002317406004294753,0.32443466782569885,0.9459052681922913
