300,1648715941.751987,41.275978088378906,-55.624305725097656,1610.251708984375,0.9988757967948914,-0.04410364851355553,0.017379213124513626,0.04735530540347099,0.9450314044952393,-0.32353225350379944,-0.002154948888346553,0.3239915370941162,0.9460574984550476
4,1648715941.7519946,-294.7079162597656,-37.94512176513672,1562.90966796875,-0.03469980135560036,-0.9930168986320496,0.11275365948677063,-0.661704421043396,0.10737810283899307,0.7420358657836914,-0.7489613890647888,-0.048861101269721985,-0.6608096957206726
300,1648715941.782773,41.257083892822266,-55.629703521728516,1610.2550048828125,0.9988774657249451,-0.044081684201955795,0.017337670549750328,0.04732123389840126,0.9450075030326843,-0.32360708713531494,-0.002119082026183605,0.3240642845630646,0.946032702922821
4,1648715941.7827811,-294.7529296875,-37.97278594970703,1562.917236328125,-0.03475740924477577,-0.9930965304374695,0.11203204095363617,-0.6622393727302551,0.1068422868847847,0.7416358590126038,-0.7484857439994812,-0.0484146885573864,-0.661381185054779
300,1648715941.8123507,41.264678955078125,-55.63258361816406,1610.24560546875,0.9988815188407898,-0.04418742656707764,0.0168268121778965,0.04725617915391922,0.9449185729026794,-0.32387611269950867,-0.001588714774698019,0.3243090510368347,0.9459498524665833
4,1648715941.8123584,-294.7967224121094,-38.0013313293457,1562.9315185546875,-0.0345037505030632,-0.9933171272277832,0.11013893038034439,-0.6620815992355347,0.10527104139328003,0.7420012950897217,-0.7486370801925659,-0.04731913283467293,-0.6612892150878906
300,1648715941.842748,41.29701232910156,-55.62976837158203,1610.2620849609375,0.9988788962364197,-0.04416375234723091,0.017044827342033386,0.04730396717786789,0.9450094699859619,-0.32360386848449707,-0.0018159617902711034,0.32404735684394836,0.9460391402244568
4,1648715941.8427553,-294.79119873046875,-38.022857666015625,1562.951904296875,-0.03418668359518051,-0.993529736995697,0.10830505192279816,-0.6622793078422546,0.10367961972951889,0.7420489192008972,-0.7484766840934753,-0.04636000096797943,-0.6615386605262756
410,1648715941.8427606,-296.0377197265625,-218.0573272705078,1398.1312255859375,-0.14712555706501007,0.742642343044281,-0.6533271670341492,-0.7783603072166443,-0.49449750781059265,-0.3868170380592346,-0.6103354096412659,0.45161327719688416,0.6507965326309204
300,1648715941.874577,41.30828857421875,-55.622840881347656,1610.26904296875,0.9988765120506287,-0.04416502267122269,0.017181534320116043,0.04734966531395912,0.944974958896637,-0.32369789481163025,-0.0019399948650971055,0.3241477608680725,0.9460044503211975
4,1648715941.8745852,-294.7911682128906,-38.033294677734375,1562.9539794921875,-0.03409953787922859,-0.9935597777366638,0.1080562099814415,-0.6624894142150879,0.10342324525117874,0.7418971657752991,-0.7482947707176208,-0.046287741512060165,-0.661749541759491
410,1648715941.8745897,-296.4263610839844,-215.91273498535156,1397.5289306640625,-0.15348003804683685,0.740132749080658,-0.6547116637229919,-0.7747292518615723,-0.5014058947563171,-0.38520994782447815,-0.6133827567100525,0.44810226559638977,0.6503583192825317
300,1648715941.9040706,41.28772735595703,-55.62335968017578,1610.275146484375,0.9988806247711182,-0.0440872497856617,0.017139853909611702,0.047262776643037796,0.9449458122253418,-0.32379576563835144,-0.001920968876220286,0.3242433965206146,0.9459717273712158
4,1648715941.904078,-294.83856201171875,-37.964942932128906,1562.8834228515625,-0.034220900386571884,-0.993714451789856,0.10658591985702515,-0.662171483039856,0.10242469608783722,0.7423194050788879,-0.7485705614089966,-0.04517531767487526,-0.661514401435852
410,1648715941.904083,-297.1332092285156,-214.42686462402344,1397.079833984375,-0.16304107010364532,0.739412248134613,-0.6532129645347595,-0.7664300203323364,-0.511837899684906,-0.3880811631679535,-0.6212911009788513,0.43736883997917175,0.6501583456993103
300,1648715941.9347024,41.27930450439453,-55.631587982177734,1610.2601318359375,0.9988806843757629,-0.04411783069372177,0.017056850716471672,0.04726386442780495,0.9451088905334473,-0.32331913709640503,-0.0018564433557912707,0.3237634301185608,0.9461362361907959
4,1648715941.93471,-294.8927307128906,-37.91774368286133,1562.87841796875,-0.03423156589269638,-0.9938944578170776,0.10489071160554886,-0.6618547439575195,0.10118398070335388,0.7427719235420227,-0.7488501071929932,-0.043996166437864304,-0.6612774133682251
410,1648715941.9347157,-298.4139099121094,-212.7986602783203,1397.25439453125,-0.1687265783548355,0.7411598563194275,-0.6497794985771179,-0.7549942135810852,-0.5209803581237793,-0.3981999158859253,-0.6336521506309509,0.4233928620815277,0.6474746465682983
300,1648715941.9640932,41.3096809387207,-55.62885665893555,1610.2335205078125,0.9988790154457092,-0.04417010769248009,0.01702050492167473,0.047301869839429855,0.9450511932373047,-0.3234822750091553,-0.0017970014596357942,0.3239247798919678,0.9460811614990234
4,1648715941.9641008,-294.83758544921875,-37.96897888183594,1562.89794921875,-0.03401876986026764,-0.9937752485275269,0.10608266294002533,-0.6623091697692871,0.10190703719854355,0.7422677874565125,-0.7484579086303711,-0.04500848427414894,-0.6616532206535339
410,1648715941.9641054,-299.5977478027344,-211.22853088378906,1397.5931396484375,-0.16941510140895844,0.7390173673629761,-0.6520366668701172,-0.7500324249267578,-0.5258679986000061,-0.4011411666870117,-0.6393355131149292,0.4210892915725708,0.6433769464492798
300,1648715941.9947972,41.32699966430664,-55.62849807739258,1610.2474365234375,0.9988819360733032,-0.04419543966650963,0.01678306609392166,0.047250308096408844,0.944762647151947,-0.3243315517902374,-0.0015220377827063203,0.32476192712783813,0.9457945823669434
4,1648715941.9948053,-294.77520751953125,-38.035919189453125,1562.923095703125,-0.0343291349709034,-0.9936102032661438,0.10751883685588837,-0.6626182794570923,0.10316572338342667,0.7418179512023926,-0.7481701374053955,-0.045777980238199234,-0.6619258522987366
410,1648715941.9948103,-300.2867126464844,-209.82032775878906,1397.37548828125,-0.1707892268896103,0.7353703379631042,-0.6557907462120056,-0.7501049637794495,-0.5286015272140503,-0.39739516377449036,-0.6388846039772034,0.42404109239578247,0.6418843865394592
300,1648715942.0263548,41.30147171020508,-55.63640594482422,1610.249755859375,0.9988802671432495,-0.04414093494415283,0.017024526372551918,0.047276634722948074,0.9448604583740234,-0.32404273748397827,-0.0017822516383603215,0.3244847357273102,0.9458892345428467
4,1648715942.0263624,-294.8221435546875,-38.018455505371094,1562.9202880859375,-0.034273985773324966,-0.9936825037002563,0.10686597973108292,-0.6623497009277344,0.10265815258026123,0.7421281337738037,-0.7484104037284851,-0.04534696415066719,-0.6616838574409485
410,1648715942.026368,-301.2695617675781,-207.64376831054688,1396.9656982421875,-0.17217488586902618,0.7373876571655273,-0.6531579494476318,-0.7473205327987671,-0.5297605395317078,-0.4010807275772095,-0.641769289970398,0.4190622866153717,0.642276406288147
300,1648715942.0569456,41.278892517089844,-55.63119888305664,1610.2657470703125,0.9988824725151062,-0.04421180859208107,0.016707628965377808,0.04724064841866493,0.9449060559272766,-0.32391494512557983,-0.0014662742614746094,0.3243422210216522,0.9459386467933655
4,1648715942.0569534,-294.80743408203125,-38.011749267578125,1562.915771484375,-0.03423630818724632,-0.9935871362686157,0.10776110738515854,-0.662251353263855,0.10330783575773239,0.7421257495880127,-0.7484991550445557,-0.0459572933614254,-0.6615412831306458
410,1648715942.056958,-302.4695739746094,-205.1571502685547,1397.00048828125,-0.16912885010242462,0.7403972744941711,-0.6505438089370728,-0.7431596517562866,-0.529355525970459,-0.4092632234096527,-0.647386372089386,0.4142397344112396,0.6397626996040344
300,1648715942.0867295,41.296607971191406,-55.62265396118164,1610.2401123046875,0.9988833069801331,-0.044255755841732025,0.016539564356207848,0.04722778871655464,0.9448875188827515,-0.3239709138870239,-0.0012904501054435968,0.3243902623653412,0.9459224343299866
4,1648715942.0867372,-294.69854736328125,-38.0262565612793,1562.918212890625,-0.034452471882104874,-0.9932222366333008,0.11100701987743378,-0.6624016165733337,0.10586515814065933,0.7416310906410217,-0.748356282711029,-0.04798020422458649,-0.6615593433380127
410,1648715942.0867417,-303.00213623046875,-203.2681427001953,1396.9537353515625,-0.1688266396522522,0.7405901551246643,-0.6504027843475342,-0.7423194646835327,-0.5296491384506226,-0.4104066491127014,-0.6484283804893494,0.41351908445358276,0.6391733884811401
300,1648715942.1165383,41.31076431274414,-55.63148498535156,1610.236572265625,0.9988833069801331,-0.04426273703575134,0.016519490629434586,0.04722769558429718,0.9449342489242554,-0.323834627866745,-0.0012760251993313432,0.3242532014846802,0.9459694623947144
4,1648715942.1165457,-294.6447448730469,-38.03651428222656,1562.927490234375,-0.034525759518146515,-0.9930590391159058,0.11243530362844467,-0.6621288657188416,0.10699779540300369,0.7417120933532715,-0.7485942244529724,-0.04883848503232002,-0.6612272262573242
410,1648715942.116551,-302.81243896484375,-202.31016540527344,1396.924072265625,-0.1737704575061798,0.737716794013977,-0.6523632407188416,-0.7413795590400696,-0.5340257883071899,-0.40641456842422485,-0.648197591304779,0.41302594542503357,0.6397260427474976
300,1648715942.14676,41.2896614074707,-55.63712692260742,1610.2493896484375,0.9988800287246704,-0.044166386127471924,0.01696968637406826,0.047281622886657715,0.9451010227203369,-0.32333964109420776,-0.001757322927005589,0.3237798810005188,0.9461308121681213
4,1648715942.1467674,-294.63690185546875,-38.0296745300293,1562.921630859375,-0.034429166465997696,-0.9929559230804443,0.1133715957403183,-0.6620627045631409,0.10763775557279587,0.7416785359382629,-0.7486571669578552,-0.0495237335562706,-0.6611049771308899
410,1648715942.1467717,-302.8056335449219,-201.42132568359375,1397.2213134765625,-0.17482627928256989,0.7372719049453735,-0.6525840759277344,-0.7403935194015503,-0.5353484749794006,-0.40647196769714355,-0.6490402221679688,0.41210702061653137,0.6394643187522888
300,1648715942.17892,41.268035888671875,-55.6275749206543,1610.234619140625,0.9988802075386047,-0.044191572815179825,0.01689525879919529,0.047281764447689056,0.9450210928916931,-0.32357317209243774,-0.0016671688063070178,0.3240096867084503,0.9460523128509521
4,1648715942.178928,-294.6121520996094,-38.01799774169922,1562.919189453125,-0.03439536690711975,-0.992769718170166,0.11500126123428345,-0.662079393863678,0.10883156955242157,0.7414894700050354,-0.7486439943313599,-0.050636157393455505,-0.6610356569290161
410,1648715942.1789327,-302.8042907714844,-200.3671875,1397.43310546875,-0.1755530685186386,0.7372038960456848,-0.6524657011032104,-0.7401909828186035,-0.5358065366744995,-0.4062372148036957,-0.6490750312805176,0.41163304448127747,0.639734148979187
300,1648715942.2085502,41.27875518798828,-55.62328338623047,1610.23681640625,0.9988836050033569,-0.04421203210949898,0.016637099906802177,0.04721779748797417,0.9449508190155029,-0.3237875699996948,-0.001405934919603169,0.32421165704727173,0.9459835290908813
4,1648715942.208558,-294.5466003417969,-38.035003662109375,1562.93310546875,-0.03440244123339653,-0.9924530982971191,0.11770012974739075,-0.6616562008857727,0.1108815148472786,0.7415634393692017,-0.7490177154541016,-0.05236542597413063,-0.660477340221405
410,1648715942.2085629,-302.4930419921875,-199.82559204101562,1397.6964111328125,-0.17485851049423218,0.7358869910240173,-0.6541367173194885,-0.7399536967277527,-0.5365014672279358,-0.40575194358825684,-0.6495329141616821,0.41308173537254333,0.6383341550827026
300,1648715942.2383173,41.29117965698242,-55.63432312011719,1610.24755859375,0.9988788962364197,-0.04409749060869217,0.01721607707440853,0.04729680344462395,0.9450053572654724,-0.3236169219017029,-0.0019985900726169348,0.3240683674812317,0.9460315704345703
4,1648715942.2383254,-294.51953125,-38.044471740722656,1562.9345703125,-0.034569595009088516,-0.9924300909042358,0.11784502118825912,-0.6618297100067139,0.11108777672052383,0.7413777112960815,-0.7488567233085632,-0.05236420780420303,-0.6606599688529968
410,1648715942.2383313,-302.2633972167969,-199.5657501220703,1397.9508056640625,-0.17451655864715576,0.7348485589027405,-0.6553942561149597,-0.7396148443222046,-0.537225604057312,-0.40541160106658936,-0.6500107049942017,0.41398826241493225,0.6372596025466919
300,1648715942.2686791,41.2801399230957,-55.62754821777344,1610.2542724609375,0.9988781213760376,-0.04402214288711548,0.01745053380727768,0.0473017580807209,0.9449686408042908,-0.3237234354019165,-0.00223920657299459,0.32418569922447205,0.945990800857544
4,1648715942.268687,-294.5407409667969,-38.0797233581543,1562.957275390625,-0.034498635679483414,-0.9925506114959717,0.11684644967317581,-0.6620352864265442,0.11028081923723221,0.7413146495819092,-0.7486782073974609,-0.05178212746977806,-0.6609081029891968
410,1648715942.2686918,-302.3408508300781,-199.5159912109375,1398.2083740234375,-0.17135360836982727,0.7332978844642639,-0.6579605937004089,-0.7396363615989685,-0.5369214415550232,-0.4057750999927521,-0.650827169418335,0.4171205461025238,0.6343771815299988
300,1648715942.2985682,41.2724723815918,-55.62594223022461,1610.25439453125,0.9988794326782227,-0.044111061841249466,0.017149075865745544,0.04728817194700241,0.944965124130249,-0.32373565435409546,-0.001924955751746893,0.3241838216781616,0.9459921717643738
4,1648715942.2985759,-294.5242614746094,-38.13396072387695,1562.983642578125,-0.034556277096271515,-0.9925483465194702,0.11684876680374146,-0.6627382040023804,0.11027190834283829,0.7406876683235168,-0.7480534315109253,-0.05184473469853401,-0.6616103053092957
410,1648715942.2985804,-302.4490051269531,-200.1085205078125,1398.5777587890625,-0.16708354651927948,0.7298318147659302,-0.662894070148468,-0.7378120422363281,-0.5385382771492004,-0.40695202350616455,-0.6540004014968872,0.4210962653160095,0.6284595727920532
300,1648715942.330347,41.28879165649414,-55.63750457763672,1610.2589111328125,0.9988766312599182,-0.04408470168709755,0.017377760261297226,0.047337234020233154,0.9449834227561951,-0.3236750662326813,-0.002152575645595789,0.32413408160209656,0.9460086822509766
4,1648715942.3303547,-294.4726257324219,-38.15900802612305,1562.9835205078125,-0.034482691437006,-0.9924729466438293,0.11750932037830353,-0.663112223148346,0.11069008708000183,0.7402904033660889,-0.7477253079414368,-0.05239465832710266,-0.6619378328323364
410,1648715942.3303595,-302.2855529785156,-201.64634704589844,1398.154296875,-0.16624408960342407,0.7273666262626648,-0.6658083200454712,-0.73801589012146,-0.539581835269928,-0.40519624948501587,-0.6539843082427979,0.4240156412124634,0.6265103816986084
300,1648715942.3601315,41.30318069458008,-55.635860443115234,1610.244873046875,0.9988769888877869,-0.04411747679114342,0.017274895682930946,0.04733622819185257,0.9447712898254395,-0.32429391145706177,-0.002013796241953969,0.3247474431991577,0.9457986354827881
4,1648715942.36014,-294.4384460449219,-38.177940368652344,1562.9910888671875,-0.034641608595848083,-0.9923735857009888,0.11829870939254761,-0.6634734869003296,0.11135829240083694,0.7398663759231567,-0.7473974227905273,-0.0528578944504261,-0.6622712016105652
410,1648715942.3601453,-301.9369201660156,-203.10382080078125,1397.1820068359375,-0.16685649752616882,0.7267906665802002,-0.6662838459014893,-0.7389426827430725,-0.5395708680152893,-0.4035182595252991,-0.6527806520462036,0.42501595616340637,0.6270875930786133
300,1648715942.3908582,41.29471206665039,-55.618717193603516,1610.2408447265625,0.998879075050354,-0.044088177382946014,0.017227698117494583,0.04729239642620087,0.9449025392532349,-0.3239176273345947,-0.0019975584000349045,0.32436928153038025,0.9459283947944641
4,1648715942.3908656,-294.42059326171875,-38.19773483276367,1563.004150390625,-0.03451692312955856,-0.9922430515289307,0.1194247305393219,-0.6634644269943237,0.11211607605218887,0.7397600412368774,-0.7474111914634705,-0.05369982495903969,-0.662187933921814
410,1648715942.3908706,-301.3596496582031,-204.69195556640625,1396.150390625,-0.1704091876745224,0.7270503640174866,-0.6651003360748291,-0.7372475862503052,-0.5419071316719055,-0.40348803997039795,-0.6537787318229675,0.4215855598449707,0.6283621191978455
300,1648715942.4223752,41.28359603881836,-55.620201110839844,1610.218017578125,0.9988794922828674,-0.044183216989040375,0.0169574823230505,0.04729381948709488,0.9450581669807434,-0.3234630227088928,-0.001734171761199832,0.32390254735946655,0.9460888504981995
4,1648715942.4223833,-294.40869140625,-38.19475173950195,1563.0037841796875,-0.03486992046236992,-0.9921544790267944,0.12005680799484253,-0.6638106107711792,0.11279549449682236,0.7393461465835571,-0.7470874190330505,-0.053914036601781845,-0.6625357866287231
410,1648715942.4223883,-300.32611083984375,-206.34408569335938,1395.187744140625,-0.1745682805776596,0.7263274192810059,-0.6648114919662476,-0.7364480495452881,-0.544478714466095,-0.4014812707901001,-0.6535825729370117,0.4195132553577423,0.6299511194229126
300,1648715942.4521205,41.287986755371094,-55.634605407714844,1610.22265625,0.9988794326782227,-0.04418099299073219,0.016967494040727615,0.04729534313082695,0.9449868202209473,-0.3236711919307709,-0.0017339446349069476,0.3241109549999237,0.9460175037384033
4,1648715942.452128,-294.3729248046875,-38.19353485107422,1563.0093994140625,-0.03497409075498581,-0.9920210242271423,0.12112455070018768,-0.6639816761016846,0.11364749073982239,0.7390619516372681,-0.7469304800033569,-0.054576463997364044,-0.6626585125923157
410,1648715942.4521327,-298.8343811035156,-208.12367248535156,1394.3531494140625,-0.17906935513019562,0.7234998941421509,-0.6666948795318604,-0.7371041178703308,-0.5474856495857239,-0.3961527943611145,-0.6516223549842834,0.4204846918582916,0.6313326358795166
300,1648715942.482041,41.301292419433594,-55.62806701660156,1610.238525390625,0.9988779425621033,-0.04414338991045952,0.017153045162558556,0.04732068255543709,0.9448544979095459,-0.324053555727005,-0.0019023084314540029,0.3245016634464264,0.9458832144737244
4,1648715942.482049,-294.3771667480469,-38.195369720458984,1563.0234375,-0.034746453166007996,-0.992098867893219,0.12055086344480515,-0.6640622615814209,0.1130637601017952,0.7390790581703186,-0.7468694448471069,-0.05437290668487549,-0.6627439856529236
410,1648715942.482054,-297.3680725097656,-209.7271728515625,1393.7542724609375,-0.18403516709804535,0.7218323349952698,-0.6671499609947205,-0.7361642718315125,-0.5509702563285828,-0.3930571377277374,-0.6513011455535889,0.418795645236969,0.6327850818634033
300,1648715942.5127914,41.299625396728516,-55.62150955200195,1610.248046875,0.9988789558410645,-0.04415787756443024,0.01705547794699669,0.04730229452252388,0.9449331164360046,-0.32382693886756897,-0.0018167757662013173,0.32427069544792175,0.9459626078605652
4,1648715942.5128,-294.4319763183594,-38.20466613769531,1563.021240234375,-0.034463878720998764,-0.992408037185669,0.11806157976388931,-0.6641231775283813,0.1110180914402008,0.7393344044685364,-0.7468283772468567,-0.05292710289359093,-0.6629073023796082
410,1648715942.5128052,-296.1272277832031,-210.7791290283203,1393.6817626953125,-0.1830511838197708,0.7210978865623474,-0.6682140827178955,-0.7349871397018433,-0.5517867803573608,-0.3941132426261902,-0.6529059410095215,0.41898587346076965,0.6310029029846191
300,1648715942.5422812,41.29289245605469,-55.62940979003906,1610.2440185546875,0.9988793730735779,-0.044226113706827164,0.016853315755724907,0.04730064421892166,0.9450623989105225,-0.3234497308731079,-0.0016225106082856655,0.32388442754745483,0.9460952877998352
4,1648715942.5422885,-294.5195617675781,-38.2119255065918,1563.0322265625,-0.03389204293489456,-0.9927724599838257,0.11512657254934311,-0.6636366844177246,0.10848663747310638,0.7401466369628906,-0.7472869157791138,-0.051317133009433746,-0.6625170707702637
410,1648715942.5422935,-295.0881652832031,-211.21697998046875,1393.953369140625,-0.17993900179862976,0.719948947429657,-0.6702950596809387,-0.7355527281761169,-0.5509187579154968,-0.3942723274230957,-0.6531341075897217,0.42209237813949585,0.6286922097206116
300,1648715942.5741909,41.298648834228516,-55.63037109375,1610.2384033203125,0.998881995677948,-0.044214047491550446,0.016729841008782387,0.04724974185228348,0.9449561834335327,-0.3237673342227936,-0.0014939013635739684,0.32419583201408386,0.9459888339042664
4,1648715942.574198,-294.56689453125,-38.157745361328125,1562.984619140625,-0.033490266650915146,-0.9931665062904358,0.11179748177528381,-0.6632159352302551,0.10576669126749039,0.7409170269966125,-0.7476784586906433,-0.049332357943058014,-0.6622260212898254
410,1648715942.5742023,-294.1413269042969,-211.17478942871094,1394.3948974609375,-0.17690123617649078,0.7183395028114319,-0.6728255748748779,-0.7358032464981079,-0.5505447387695312,-0.3943273723125458,-0.6536815166473389,0.42531025409698486,0.6259486079216003
300,1648715942.6046395,41.313533782958984,-55.621795654296875,1610.2681884765625,0.9988752007484436,-0.04408608376979828,0.01745617762207985,0.04736388474702835,0.9449933171272278,-0.32364219427108765,-0.002227855147793889,0.3241049647331238,0.9460185170173645
4,1648715942.6046474,-294.5742492675781,-38.155330657958984,1562.979248046875,-0.03311055153608322,-0.9933410286903381,0.1103505939245224,-0.6634758710861206,0.10441941767930984,0.7408753633499146,-0.747464656829834,-0.04868416488170624,-0.6625152230262756
410,1648715942.6046524,-293.5137939453125,-210.41358947753906,1394.92431640625,-0.17252109944820404,0.7191001176834106,-0.6731504201889038,-0.7358456254005432,-0.5483923554420471,-0.39723676443099976,-0.6548035144805908,0.4268030524253845,0.623755931854248
300,1648715942.63415,41.31330871582031,-55.62887191772461,1610.2625732421875,0.9988773465156555,-0.0442579910159111,0.016890518367290497,0.0473434217274189,0.9449480772018433,-0.32377731800079346,-0.0016309288330376148,0.3242134749889374,0.9459825158119202
4,1648715942.6341581,-294.5036926269531,-38.22562026977539,1562.9921875,-0.03304452449083328,-0.9931269288063049,0.11228051781654358,-0.6641571521759033,0.10576950013637543,0.740073025226593,-0.7468623518943787,-0.05011654645204544,-0.6630874872207642
410,1648715942.6341631,-293.112548828125,-209.2863311767578,1395.7918701171875,-0.16579477488994598,0.7206487655639648,-0.6731845736503601,-0.7363775372505188,-0.5445201396942139,-0.4015543758869171,-0.6559422016143799,0.42914238572120667,0.6209481954574585
300,1648715942.6642053,41.29764938354492,-55.637413024902344,1610.255126953125,0.9988762736320496,-0.044210389256477356,0.017077377066016197,0.047358665615320206,0.9450023770332336,-0.32361650466918945,-0.0018309502629563212,0.3240616023540497,0.9460341930389404
4,1648715942.6642127,-294.4217529296875,-38.24042892456055,1562.992431640625,-0.033447265625,-0.9928405284881592,0.11466909945011139,-0.6640462279319763,0.10782342404127121,0.7398761510848999,-0.7469430565834045,-0.05139875039458275,-0.6628983616828918
410,1648715942.6642182,-292.6732482910156,-208.26402282714844,1397.1737060546875,-0.15902456641197205,0.7188097238540649,-0.6767745614051819,-0.7360514998435974,-0.5431782007217407,-0.4039624333381653,-0.6579813361167908,0.43390095233917236,0.6154596209526062
300,1648715942.6946282,41.29180908203125,-55.63260269165039,1610.22802734375,0.9988793134689331,-0.04416833817958832,0.017008991912007332,0.0472969226539135,0.9449682235717773,-0.32372531294822693,-0.0017745469231158495,0.32416701316833496,0.9459981918334961
4,1648715942.6946363,-294.3819885253906,-38.168331146240234,1562.9530029296875,-0.033323001116514206,-0.9925966858863831,0.11679620295763016,-0.6632869243621826,0.10938005149364471,0.7403286099433899,-0.7476229071617126,-0.05279942601919174,-0.6620213389396667
410,1648715942.694641,-291.8557434082031,-207.45635986328125,1398.624267578125,-0.15402360260486603,0.716395914554596,-0.680480420589447,-0.7354148626327515,-0.5430658459663391,-0.40527084469795227,-0.6598800420761108,0.4380141794681549,0.6104931831359863
300,1648715942.7261193,41.29855728149414,-55.621543884277344,1610.22607421875,0.9988816380500793,-0.04426870122551918,0.01660640724003315,0.04726094380021095,0.9450691938400269,-0.32343560457229614,-0.0013761293375864625,0.32385870814323425,0.9461044669151306
4,1648715942.7261267,-294.3315734863281,-38.17372131347656,1562.9539794921875,-0.03330091014504433,-0.9924198389053345,0.1182960569858551,-0.66351318359375,0.1104678139090538,0.7399643063545227,-0.7474231123924255,-0.05384950712323189,-0.6621623039245605
410,1648715942.7261317,-290.9710388183594,-206.72125244140625,1399.5185546875,-0.15264306962490082,0.7152813673019409,-0.6819623708724976,-0.733829140663147,-0.5442359447479248,-0.4065735936164856,-0.6619629263877869,0.43838319182395935,0.6079681515693665
300,1648715942.7568412,41.30366134643555,-55.630008697509766,1610.2220458984375,0.9988811016082764,-0.04420521855354309,0.01680554263293743,0.04726599156856537,0.9449422955513,-0.32380539178848267,-0.0015663803787901998,0.3242374360561371,0.9459744095802307
4,1648715942.7568486,-294.3229675292969,-38.162269592285156,1562.94921875,-0.03329552710056305,-0.9924335479736328,0.11818242818117142,-0.6630880236625671,0.11041010171175003,0.7403538823127747,-0.7478005886077881,-0.05371487885713577,-0.6617469191551208
410,1648715942.756853,-290.34942626953125,-205.61717224121094,1400.358154296875,-0.1499404013156891,0.7177712917327881,-0.679942786693573,-0.7314106822013855,-0.5432615280151367,-0.41219574213027954,-0.6652490496635437,0.43551263213157654,0.6064424514770508
300,1648715942.7866235,41.29296875,-55.63192367553711,1610.2249755859375,0.9988792538642883,-0.04418721795082092,0.01696203090250492,0.04730014503002167,0.9448574781417847,-0.32404789328575134,-0.0017079274402931333,0.32448703050613403,0.9458885788917542
4,1648715942.7866309,-294.3110656738281,-38.08738708496094,1562.918701171875,-0.033575717359781265,-0.9922959208488464,0.11925386637449265,-0.6627386808395386,0.11141964048147202,0.7405154705047607,-0.7480976581573486,-0.05417080968618393,-0.6613738536834717
410,1648715942.7866359,-289.6227111816406,-204.38011169433594,1401.1715087890625,-0.1446707397699356,0.7163991928100586,-0.6825265884399414,-0.7318969964981079,-0.5416736006736755,-0.4134204685688019,-0.6658807396888733,0.43972933292388916,0.6026947498321533
300,1648715942.8161557,41.28004455566406,-55.624813079833984,1610.2177734375,0.99888014793396,-0.044174980372190475,0.016942188143730164,0.047281503677368164,0.9449780583381653,-0.32369881868362427,-0.001710606156848371,0.3241373598575592,0.9460085034370422
4,1648715942.8161633,-294.28692626953125,-37.98445129394531,1562.8839111328125,-0.033424828201532364,-0.9920676350593567,0.12118009477853775,-0.6616714000701904,0.11283665150403976,0.7412549257278442,-0.7490485310554504,-0.055405087769031525,-0.6601943373680115
410,1648715942.8161685,-288.7004089355469,-203.02865600585938,1401.8486328125,-0.14173687994480133,0.7151607871055603,-0.6844382882118225,-0.7320008277893066,-0.5411787629127502,-0.41388437151908875,-0.6663973331451416,0.4423467218875885,0.600203275680542
300,1648715942.8469086,41.281402587890625,-55.629337310791016,1610.222412109375,0.9988768696784973,-0.04408671334385872,0.01736132986843586,0.0473337322473526,0.9449960589408875,-0.3236386477947235,-0.002138223499059677,0.3240969479084015,0.9460214376449585
4,1648715942.8469164,-294.2697448730469,-37.91431427001953,1562.85205078125,-0.033596139401197433,-0.9919604659080505,0.12200688570737839,-0.6613403558731079,0.11359187960624695,0.7414349913597107,-0.7493332028388977,-0.05577872321009636,-0.6598397493362427
410,1648715942.8469217,-288.06427001953125,-200.69874572753906,1402.852294921875,-0.134474515914917,0.7176487445831299,-0.6832985281944275,-0.7296091914176941,-0.5383058786392212,-0.4217785894870758,-0.6705124974250793,0.44182243943214417,0.5959915518760681
300,1648715942.878847,41.289886474609375,-55.63650894165039,1610.212646484375,0.9988805651664734,-0.04417537897825241,0.01691700704395771,0.047274149954319,0.9448944926261902,-0.3239438235759735,-0.0016744458116590977,0.32438090443611145,0.9459250569343567
4,1648715942.878855,-294.24151611328125,-37.93735122680664,1562.8531494140625,-0.033711113035678864,-0.9916961789131165,0.12410576641559601,-0.6612665057182312,0.1152419000864029,0.7412461638450623,-0.7493931651115417,-0.057078760117292404,-0.6596603989601135
410,1648715942.8788595,-287.5411071777344,-197.94973754882812,1403.7747802734375,-0.12694591283798218,0.7219802141189575,-0.680168628692627,-0.7287350296974182,-0.5330845713615417,-0.4298442602157593,-0.6729264259338379,0.4410957098007202,0.5938051342964172
300,1648715942.9082158,41.287784576416016,-55.620418548583984,1610.211669921875,0.9988789558410645,-0.04414111003279686,0.01709938235580921,0.04730117321014404,0.944844663143158,-0.3240850865840912,-0.0018507854547351599,0.32453057169914246,0.9458733797073364
4,1648715942.9082234,-294.20098876953125,-37.8724479675293,1562.852783203125,-0.03385760262608528,-0.9915607571601868,0.12514370679855347,-0.6611065864562988,0.11612637341022491,0.7412508130073547,-0.7495276927947998,-0.05763635411858559,-0.659459114074707
410,1648715942.9082286,-285.9823913574219,-196.13453674316406,1404.2161865234375,-0.12195931375026703,0.7208549976348877,-0.6822711825370789,-0.7261302471160889,-0.5334336757659912,-0.4338010847568512,-0.6766541004180908,0.4425116777420044,0.5884917974472046
300,1648715942.9384859,41.286216735839844,-55.62191390991211,1610.199951171875,0.9988834261894226,-0.04406246170401573,0.017041753977537155,0.0472075492143631,0.9449427723884583,-0.3238126039505005,-0.0018355028005316854,0.3242555260658264,0.9459677338600159
4,1648715942.938493,-294.1434631347656,-37.82904815673828,1562.820556640625,-0.034038592129945755,-0.9914676547050476,0.12583015859127045,-0.6607800722122192,0.11678380519151688,0.741438627243042,-0.7498073577880859,-0.05790853872895241,-0.6591172218322754
410,1648715942.938498,-284.31036376953125,-194.71580505371094,1403.83154296875,-0.1227109506726265,0.7242156863212585,-0.6785673499107361,-0.720356822013855,-0.535310685634613,-0.4410538077354431,-0.6826624870300293,0.4346885085105896,0.5873821973800659
300,1648715942.9684913,41.294864654541016,-55.631446838378906,1610.219482421875,0.998884916305542,-0.044047679752111435,0.016991574317216873,0.047175973653793335,0.9451809525489807,-0.32312139868736267,-0.0018273629248142242,0.3235626816749573,0.9462049603462219
4,1648715942.968499,-294.106689453125,-37.788002014160156,1562.7943115234375,-0.034017644822597504,-0.9914634227752686,0.12586930394172668,-0.6602389216423035,0.11684108525514603,0.7419115304946899,-0.7502848505973816,-0.05786573514342308,-0.6585774421691895
410,1648715942.9685032,-283.4516906738281,-193.26174926757812,1402.9619140625,-0.11631184816360474,0.7296586632728577,-0.6738470196723938,-0.7178531885147095,-0.5306366086006165,-0.4506790339946747,-0.6864097118377686,0.4313039481639862,0.5855070948600769
300,1648715942.9981585,41.29513931274414,-55.63437271118164,1610.2137451171875,0.9988830089569092,-0.044136833399534225,0.016871750354766846,0.047222111374139786,0.9450722932815552,-0.3234323263168335,-0.0016697454266250134,0.3238677680492401,0.9461008906364441
4,1648715942.9981663,-294.0989685058594,-37.8316650390625,1562.7969970703125,-0.03380598500370979,-0.9912537336349487,0.12756657600402832,-0.6605624556541443,0.11794660240411758,0.7414485216140747,-0.7500095963478088,-0.059200286865234375,-0.6587722897529602
410,1648715942.998171,-282.5450134277344,-192.0620574951172,1402.47265625,-0.1070341095328331,0.731952965259552,-0.672895610332489,-0.7173000574111938,-0.5255011320114136,-0.45752498507499695,-0.6884942054748535,0.43369731307029724,0.5812764763832092
300,1648715943.0308273,41.28788375854492,-55.61919403076172,1610.198974609375,0.9988830089569092,-0.04415791109204292,0.01681734062731266,0.0472249835729599,0.9449604153633118,-0.3237585425376892,-0.0015952202957123518,0.3241910934448242,0.945990264415741
4,1648715943.0308347,-294.13494873046875,-37.78068923950195,1562.7860107421875,-0.03371253237128258,-0.991310179233551,0.12715205550193787,-0.6606556177139282,0.11756781488656998,0.741425633430481,-0.7499317526817322,-0.05900837853550911,-0.6588780879974365
410,1648715943.0308394,-281.84918212890625,-190.50140380859375,1402.047607421875,-0.10124710947275162,0.7372305393218994,-0.6680120825767517,-0.7132699489593506,-0.5218818187713623,-0.467851847410202,-0.6935380697250366,0.4291042983531952,0.5786834359169006
300,1648715943.0604768,41.2860221862793,-55.62487030029297,1610.212158203125,0.9988827109336853,-0.04409753158688545,0.01699286699295044,0.047225188463926315,0.9448842406272888,-0.3239807188510895,-0.0017695438582450151,0.324421226978302,0.9459110498428345
4,1648715943.060486,-294.1720275878906,-37.74763488769531,1562.78857421875,-0.0341503843665123,-0.9914551973342896,0.12589827179908752,-0.6602058410644531,0.11695249378681183,0.741923451423645,-0.7503079771995544,-0.05778179690241814,-0.6585584282875061
410,1648715943.0604908,-281.6807556152344,-188.34214782714844,1401.219482421875,-0.0970616489648819,0.74876469373703,-0.6556908488273621,-0.7083771824836731,-0.5147438645362854,-0.48294979333877563,-0.6991285681724548,0.4176005423069,0.5803697109222412
300,1648715943.0901072,41.29199981689453,-55.63180160522461,1610.2078857421875,0.9988837838172913,-0.04414559155702591,0.016802620142698288,0.04720832407474518,0.9450096487998962,-0.32361724972724915,-0.0015923628816381097,0.3240492343902588,0.9460389018058777
4,1648715943.090115,-294.1800537109375,-37.753055572509766,1562.7686767578125,-0.034104086458683014,-0.9914056658744812,0.1262999176979065,-0.6600141525268555,0.11723747104406357,0.742048978805542,-0.7504786849021912,-0.05805283039808273,-0.6583400964736938
410,1648715943.0901198,-281.0015869140625,-185.92332458496094,1400.1842041015625,-0.09052315354347229,0.7550061941146851,-0.6494390964508057,-0.7039018869400024,-0.509819507598877,-0.49457675218582153,-0.7045052647590637,0.4123707711696625,0.5776007771492004
300,1648715943.1225371,41.288875579833984,-55.62519073486328,1610.191162109375,0.9988875389099121,-0.04421696439385414,0.01638687402009964,0.047142185270786285,0.9447153806686401,-0.3244849145412445,-0.001133193145506084,0.3248964548110962,0.9457489252090454
4,1648715943.122545,-294.197021484375,-37.74516296386719,1562.7874755859375,-0.034516576677560806,-0.9913912415504456,0.12630140781402588,-0.6599920988082886,0.11751113086938858,0.7420253157615662,-0.7504792213439941,-0.05774575471878052,-0.6583664417266846
410,1648715943.1225502,-279.7891540527344,-183.24298095703125,1399.545654296875,-0.08299605548381805,0.7614133358001709,-0.6429318785667419,-0.697695255279541,-0.5050609707832336,-0.508069634437561,-0.7115707993507385,0.4064027667045593,0.5731525421142578
300,1648715943.1523018,41.28752136230469,-55.621280670166016,1610.1844482421875,0.9988831877708435,-0.04425961896777153,0.016535280272364616,0.04722967743873596,0.9449806213378906,-0.32369884848594666,-0.0012987327063456178,0.3241182863712311,0.9460156559944153
4,1648715943.1523094,-294.2079162597656,-37.728729248046875,1562.7703857421875,-0.03477434441447258,-0.9914923310279846,0.1254342496395111,-0.6600923538208008,0.11702374368906021,0.742013156414032,-0.7503791451454163,-0.05699516087770462,-0.6585459113121033
410,1648715943.152314,-278.620849609375,-180.13294982910156,1399.8084716796875,-0.07498551160097122,0.7683398723602295,-0.6356343626976013,-0.6925739645957947,-0.498735249042511,-0.5211567878723145,-0.717438817024231,0.4011445939540863,0.5695301294326782
300,1648715943.182097,41.287498474121094,-55.6242790222168,1610.181640625,0.9988834261894226,-0.04409952461719513,0.016946731135249138,0.04721216857433319,0.9448736310005188,-0.3240135908126831,-0.0017236737767234445,0.32445189356803894,0.9459006190299988
4,1648715943.1821053,-294.228759765625,-37.70556640625,1562.7591552734375,-0.03450290113687515,-0.9914941191673279,0.12549471855163574,-0.6594472527503967,0.11693986505270004,0.7425997853279114,-0.7509586811065674,-0.05713529884815216,-0.6578728556632996
410,1648715943.1821103,-277.07720947265625,-176.7935333251953,1400.917724609375,-0.06750070303678513,0.7719348669052124,-0.6321077942848206,-0.6879813075065613,-0.494852751493454,-0.5308507084846497,-0.7225824594497681,0.39904549717903137,0.564479649066925
300,1648715943.212755,41.28816604614258,-55.62923812866211,1610.2220458984375,0.9988779425621033,-0.04411092400550842,0.017237689346075058,0.04731662943959236,0.9449862837791443,-0.3236696422100067,-0.0020120134577155113,0.3241221010684967,0.9460130929946899
4,1648715943.2127626,-294.2691650390625,-37.73643112182617,1562.7578125,-0.0350344143807888,-0.9914822578430176,0.1254415065050125,-0.6601046919822693,0.11719905585050583,0.7419745326042175,-0.7503561973571777,-0.05680987611413002,-0.6585880517959595
410,1648715943.2127676,-275.43768310546875,-172.9966583251953,1402.6956787109375,-0.05916622653603554,0.7733911871910095,-0.6311619877815247,-0.6839712858200073,-0.4919411540031433,-0.5386809706687927,-0.7271056771278381,0.39982494711875916,0.5580836534500122
300,1648715943.2421038,41.284576416015625,-55.619632720947266,1610.2257080078125,0.9988802671432495,-0.04418448731303215,0.016910115256905556,0.047280438244342804,0.9449125528335571,-0.3238900601863861,-0.0016676632221788168,0.32432693243026733,0.9459435939788818
4,1648715943.242111,-294.2250061035156,-37.7373046875,1562.7626953125,-0.03489140048623085,-0.9914273023605347,0.12591449916362762,-0.6603487133979797,0.11744046211242676,0.741719126701355,-0.7501480579376221,-0.05726785957813263,-0.6587854623794556
410,1648715943.2421162,-273.6209716796875,-168.86361694335938,1404.59716796875,-0.05118951201438904,0.7753444314002991,-0.6294606328010559,-0.6773097515106201,-0.490136981010437,-0.5486503839492798,-0.7339149713516235,0.3982546627521515,0.5502381920814514
300,1648715943.2741404,41.28481674194336,-55.623374938964844,1610.208984375,0.9988787770271301,-0.04414372891187668,0.017102353274822235,0.04730492830276489,0.9447892308235168,-0.32424604892730713,-0.0018446899484843016,0.3246915340423584,0.9458181858062744
4,1648715943.2741477,-294.2367858886719,-37.693580627441406,1562.739990234375,-0.034506574273109436,-0.9915308356285095,0.12520334124565125,-0.6596387028694153,0.11670951545238495,0.7424659729003906,-0.7507902979850769,-0.05696900561451912,-0.6580793261528015
410,1648715943.2741532,-271.8148193359375,-164.07684326171875,1406.9786376953125,-0.04084129258990288,0.7764289975166321,-0.6288799047470093,-0.6716483235359192,-0.4873209595680237,-0.5580384135246277,-0.7397435903549194,0.39959514141082764,0.541390061378479
300,1648715943.3046138,41.29044723510742,-55.63038635253906,1610.2015380859375,0.9988788366317749,-0.04422551766037941,0.016886180266737938,0.047311387956142426,0.9449310898780823,-0.32383161783218384,-0.001634654588997364,0.3242674767971039,0.9459640383720398
4,1648715943.304622,-294.1983642578125,-37.70931625366211,1562.736572265625,-0.034429240971803665,-0.9914048910140991,0.1262180060148239,-0.6597746014595032,0.11740810424089432,0.7422350645065308,-0.7506744265556335,-0.057720847427845,-0.6581460237503052
410,1648715943.3046265,-269.9473876953125,-160.13931274414062,1409.7088623046875,-0.032090336084365845,0.7742471098899841,-0.6320692896842957,-0.6674215793609619,-0.4873366951942444,-0.5630731582641602,-0.7439883351325989,0.4037874937057495,0.5323880314826965
300,1648715943.3342059,41.297428131103516,-55.62216567993164,1610.1845703125,0.9988794326782227,-0.04417533800005913,0.016983702778816223,0.04729624465107918,0.944800615310669,-0.32421422004699707,-0.0017239402513951063,0.3246541917324066,0.9458312392234802
4,1648715943.3342144,-294.152099609375,-37.6947135925293,1562.744140625,-0.034246161580085754,-0.9912936687469482,0.12713788449764252,-0.6596598625183105,0.1179855465888977,0.7422454357147217,-0.7507836222648621,-0.05844869837164879,-0.6579571962356567
