300,1648716788.674296,41.43242645263672,-55.594051361083984,1610.1953125,0.9988577961921692,-0.04476112872362137,0.016719520092010498,0.04776378348469734,0.9449682235717773,-0.32365667819976807,-0.001312177162617445,0.3240855932235718,0.9460268616676331
4,1648716788.6743221,-254.57357788085938,-116.36780548095703,1711.423095703125,-0.0077686915174126625,-0.9996339678764343,0.025914335623383522,-0.9520608186721802,-0.0005313391447998583,-0.30590835213661194,0.3058101534843445,-0.02704853005707264,-0.951708197593689
410,1648716788.6743393,-225.2426300048828,-244.33187866210938,1737.4981689453125,-0.012105366215109825,0.8297899961471558,-0.5579444766044617,-0.9565384387969971,0.1529739499092102,0.24826036393642426,0.2913549244403839,0.5367006063461304,0.7918742299079895
300,1648716788.7082858,41.451576232910156,-55.60480499267578,1610.27880859375,0.9988589286804199,-0.044596970081329346,0.01708756573498249,0.04772716015577316,0.9450849294662476,-0.32332122325897217,-0.0017300539184361696,0.32376784086227417,0.9461349844932556
4,1648716788.7083097,-254.41531372070312,-116.3602066040039,1711.53466796875,-0.008406225591897964,-0.9995884895324707,0.027426879853010178,-0.9519897699356079,-0.0003936983412131667,-0.306129515171051,0.3060143291950226,-0.028683504089713097,-0.9515947103500366
410,1648716788.7083275,-225.2909393310547,-244.01441955566406,1737.2645263671875,-0.01393802184611559,0.8311018347740173,-0.5559455752372742,-0.9553784728050232,0.15299750864505768,0.25267326831817627,0.2950555086135864,0.5346602201461792,0.7918843030929565
300,1648716788.7393544,41.46686935424805,-55.60883712768555,1610.279541015625,0.9988579750061035,-0.044627394527196884,0.017062300816178322,0.04774805158376694,0.9450284242630005,-0.32348325848579407,-0.0016881446354091167,0.3239285349845886,0.9460800290107727
4,1648716788.7393808,-254.6341094970703,-116.36149597167969,1711.6143798828125,-0.00949451606720686,-0.9996845126152039,0.023254113271832466,-0.951606273651123,0.0018893227679654956,-0.3073139786720276,0.30717310309410095,-0.025046559050679207,-0.9513239860534668
410,1648716788.7394,-225.34043884277344,-243.3626708984375,1737.2117919921875,-0.014778354205191135,0.8316582441329956,-0.555091142654419,-0.9555022716522217,0.15182676911354065,0.25291115045547485,0.2946133315563202,0.5341284275054932,0.7924075722694397
300,1648716788.7865558,41.43900680541992,-55.6009521484375,1610.2347412109375,0.9988587498664856,-0.04472222924232483,0.016767743974924088,0.04774235934019089,0.9450292587280273,-0.32348161935806274,-0.0013791898963972926,0.32391297817230225,0.9460858702659607
4,1648716788.7865806,-254.42544555664062,-116.34603118896484,1711.5360107421875,-0.006067571230232716,-0.9995273351669312,0.030137471854686737,-0.9519904851913452,-0.0034506884403526783,-0.30610817670822144,0.30606749653816223,-0.030547920614480972,-0.9515196084976196
410,1648716788.7865987,-225.62173461914062,-242.43978881835938,1736.7412109375,-0.014550255611538887,0.8344708681106567,-0.5508599877357483,-0.9548665285110474,0.15186671912670135,0.25527703762054443,0.2966785430908203,0.5297120809555054,0.7945985794067383
300,1648716788.8338847,41.44768524169922,-55.60268020629883,1610.2354736328125,0.9988579750061035,-0.044635675847530365,0.017041830345988274,0.047749992460012436,0.9448846578598022,-0.32390260696411133,-0.001644951873458922,0.3243464529514313,0.945936918258667
4,1648716788.8339107,-254.4274139404297,-116.35135650634766,1711.5146484375,-0.009368556551635265,-0.9994900226593018,0.030528241768479347,-0.9519432187080383,-0.00043190308497287333,-0.30627429485321045,0.3061313033103943,-0.03193049877882004,-0.951453685760498
410,1648716788.8339295,-226.06231689453125,-241.21022033691406,1736.0281982421875,-0.014845035970211029,0.837730348110199,-0.5458823442459106,-0.9551562666893005,0.1495881974697113,0.2555384039878845,0.2957298159599304,0.5251964330673218,0.7979427576065063
300,1648716788.867307,41.459388732910156,-55.60476303100586,1610.2537841796875,0.9988653063774109,-0.044617749750614166,0.0166541188955307,0.04760707914829254,0.9449421167373657,-0.32375603914260864,-0.0012919132132083178,0.32418152689933777,0.9459940195083618
4,1648716788.867331,-254.59153747558594,-116.3525390625,1711.6583251953125,-0.009839615784585476,-0.9995642900466919,0.02782817743718624,-0.9515862464904785,0.0008097478421404958,-0.3073808252811432,0.3072243630886078,-0.029505420476198196,-0.951179563999176
410,1648716788.867349,-226.26040649414062,-240.354736328125,1735.623779296875,-0.015825334936380386,0.8404127359390259,-0.5417158007621765,-0.9554427266120911,0.14700141549110413,0.25596827268600464,0.29475197196006775,0.5216292142868042,0.8006398677825928
300,1648716788.9068363,41.44119644165039,-55.605472564697266,1610.255615234375,0.99885493516922,-0.04469031095504761,0.017076071351766586,0.047812413424253464,0.9449527859687805,-0.3236945867538452,-0.0016700711566954851,0.32414036989212036,0.9460075497627258
4,1648716788.9068632,-254.7248992919922,-116.35675811767578,1711.731201171875,-0.011669575236737728,-0.9996139407157898,0.02521580085158348,-0.9513320922851562,0.003332690568640828,-0.3081495463848114,0.3079465329647064,-0.02758457511663437,-0.9510036706924438
410,1648716788.906882,-226.35513305664062,-239.30618286132812,1735.4173583984375,-0.014510477893054485,0.8426273465156555,-0.5383015871047974,-0.9559010863304138,0.1462431252002716,0.2546881437301636,0.2933301031589508,0.5182587504386902,0.8033463358879089
300,1648716788.9559906,41.454410552978516,-55.59934616088867,1610.21630859375,0.9988574981689453,-0.044631533324718475,0.017078641802072525,0.04775670915842056,0.9451330900192261,-0.3231760263442993,-0.0017177495174109936,0.3236224055290222,0.9461847543716431
4,1648716788.9560184,-254.56832885742188,-116.3474349975586,1711.6585693359375,-0.006013322155922651,-0.9995953440666199,0.027803165838122368,-0.9521043300628662,-0.002776932204142213,-0.30576080083847046,0.30571427941322327,-0.028310151770710945,-0.9517022967338562
410,1648716788.956038,-226.5116424560547,-238.1886444091797,1734.8270263671875,-0.01449943520128727,0.8442832231521606,-0.5357010364532471,-0.9552332758903503,0.14663587510585785,0.2569577991962433,0.29549816250801086,0.5154451727867126,0.8043612837791443
300,1648716788.9902663,41.46562194824219,-55.604549407958984,1610.203857421875,0.9988614916801453,-0.044690635055303574,0.016685830429196358,0.047686297446489334,0.9449419975280762,-0.32374465465545654,-0.0012987887021154165,0.324171781539917,0.9459973573684692
4,1648716788.9902914,-254.7846221923828,-116.35199737548828,1711.719970703125,-0.010724378749728203,-0.9996475577354431,0.02428480237722397,-0.9518755078315735,0.0027666243258863688,-0.306472510099411,0.30629730224609375,-0.02640283666551113,-0.951569676399231
410,1648716788.9903092,-226.50262451171875,-237.1455078125,1734.67626953125,-0.01454205997288227,0.8445867300033569,-0.53522127866745,-0.9557112455368042,0.14561918377876282,0.2557559609413147,0.2939465641975403,0.5152361989021301,0.8050633668899536
300,1648716789.025244,41.45072555541992,-55.617374420166016,1610.240478515625,0.9988637566566467,-0.04448985308408737,0.01708270236849785,0.047624751925468445,0.9449942111968994,-0.32360124588012695,-0.0017460831440985203,0.32404711842536926,0.9460393190383911
4,1648716789.0252717,-254.9258575439453,-116.35043334960938,1711.7598876953125,-0.010564878582954407,-0.9996543526649475,0.024073965847492218,-0.9516628980636597,0.0026612156070768833,-0.30713292956352234,0.3069626986980438,-0.026155121624469757,-0.9513620734214783
410,1648716789.0252903,-226.55776977539062,-235.9325408935547,1734.2247314453125,-0.01362234354019165,0.8453489542007446,-0.5340408682823181,-0.9555559754371643,0.14629559218883514,0.2559499740600586,0.2944948673248291,0.5137925744056702,0.8057852983474731
300,1648716789.0761487,41.44656753540039,-55.608673095703125,1610.2095947265625,0.9988576769828796,-0.044694721698760986,0.016904102638363838,0.04776011407375336,0.9451107978820801,-0.3232407569885254,-0.0015290927840396762,0.3236788511276245,0.9461657404899597
4,1648716789.0761738,-254.6979522705078,-116.34940338134766,1711.71533203125,-0.011164224706590176,-0.9996247887611389,0.025013698264956474,-0.951682448387146,0.002944950247183442,-0.3070698082447052,0.306880921125412,-0.027233293280005455,-0.9513581991195679
410,1648716789.0761914,-226.5890350341797,-234.75108337402344,1733.55029296875,-0.014639096334576607,0.8471685647964478,-0.5311225056648254,-0.9555243849754333,0.14462211728096008,0.257016658782959,0.29454851150512695,0.5112630128860474,0.8073731064796448
300,1648716789.1085825,41.46127700805664,-55.61351013183594,1610.2413330078125,0.9988568425178528,-0.044722896069288254,0.016878671944141388,0.04777879640460014,0.9450548887252808,-0.32340142130851746,-0.001487823436036706,0.32383814454078674,0.9461113214492798
4,1648716789.1086082,-254.93905639648438,-116.3521728515625,1711.7784423828125,-0.011723040603101254,-0.9996556043624878,0.023478439077734947,-0.9516922235488892,0.003949546720832586,-0.3070281147956848,0.30682963132858276,-0.02594355121254921,-0.9514107704162598
410,1648716789.1086264,-226.77809143066406,-233.53494262695312,1733.300048828125,-0.01256215013563633,0.8475202322006226,-0.5306143760681152,-0.9561767578125,0.145058274269104,0.2543306052684784,0.29252034425735474,0.5105561017990112,0.8085569739341736
300,1648716789.143049,41.46287155151367,-55.60423278808594,1610.230712890625,0.9988539218902588,-0.04472336545586586,0.017048334702849388,0.04783394932746887,0.9450989365577698,-0.32326453924179077,-0.0016548838466405869,0.32370954751968384,0.9461550712585449
4,1648716789.143076,-254.831787109375,-116.34777069091797,1711.70556640625,-0.010240722447633743,-0.9996251463890076,0.02539062313735485,-0.9518536329269409,0.0019649977330118418,-0.30654653906822205,0.3063817620277405,-0.02730741538107395,-0.9515169858932495
410,1648716789.1430957,-226.8500213623047,-232.46450805664062,1732.9061279296875,-0.012111259624361992,0.8483001589775085,-0.5293771624565125,-0.9565317630767822,0.1444418579339981,0.2533446252346039,0.2913765013217926,0.5094344019889832,0.8096766471862793
300,1648716789.1942408,41.43345642089844,-55.61603927612305,1610.2559814453125,0.9988582134246826,-0.04443414881825447,0.017545266076922417,0.047720637172460556,0.9451822638511658,-0.3230375349521637,-0.00222957506775856,0.3235059678554535,0.9462234973907471
4,1648716789.1942663,-254.9188232421875,-116.33641052246094,1711.77197265625,-0.00950304139405489,-0.9996492266654968,0.024721549823880196,-0.9521297216415405,0.0014915039064362645,-0.3056906759738922,0.3055465817451477,-0.026443112641572952,-0.9518098831176758
410,1648716789.1942842,-226.88572692871094,-230.8545379638672,1731.984619140625,-0.013223758898675442,0.8498160243034363,-0.5269134640693665,-0.9563585519790649,0.14308173954486847,0.2547663152217865,0.2918962240219116,0.5072872042655945,0.8108367919921875
300,1648716789.2419548,41.45933151245117,-55.615299224853516,1610.24755859375,0.9988613724708557,-0.04453110322356224,0.017115488648414612,0.047673556953668594,0.9451457858085632,-0.3231511116027832,-0.0017863560933619738,0.3235991299152374,0.9461925625801086
4,1648716789.2419815,-254.752685546875,-116.34693145751953,1711.642578125,-0.011882622726261616,-0.9995800256729126,0.026429690420627594,-0.9521632194519043,0.003239362733438611,-0.3055727779865265,0.3053588271141052,-0.02879638597369194,-0.9518018364906311
410,1648716789.241999,-226.87933349609375,-229.5614776611328,1731.1802978515625,-0.014210177585482597,0.8518269658088684,-0.5236304402351379,-0.955716609954834,0.14237892627716064,0.25755399465560913,0.2939453721046448,0.5041022300720215,0.8120819330215454
300,1648716789.2749496,41.44815444946289,-55.61628723144531,1610.2559814453125,0.9988576173782349,-0.044440288096666336,0.017563365399837494,0.047732800245285034,0.9451094269752502,-0.32324865460395813,-0.0022340393625199795,0.32371774315834045,0.946151077747345
4,1648716789.2749734,-254.9192657470703,-116.33514404296875,1711.7293701171875,-0.01227052416652441,-0.9995890259742737,0.025907306000590324,-0.9523628950119019,0.003787283319979906,-0.3049435317516327,0.30472007393836975,-0.028414973989129066,-0.9520180225372314
410,1648716789.2749925,-226.8588409423828,-228.20892333984375,1730.9737548828125,-0.01252475380897522,0.8511983156204224,-0.5246947407722473,-0.9564054012298584,0.14291824400424957,0.25468239188194275,0.2917736768722534,0.505010724067688,0.8123006224632263
300,1648716789.3146636,41.43928909301758,-55.6012077331543,1610.2642822265625,0.9988572597503662,-0.04462965950369835,0.01709713414311409,0.04776120185852051,0.9450798034667969,-0.3233310878276825,-0.0017279996536672115,0.3237781822681427,0.9461314082145691
4,1648716789.3146906,-254.9453887939453,-116.32567596435547,1711.7420654296875,-0.013032453134655952,-0.9996181130409241,0.024366674944758415,-0.9524317383766174,0.004989630077034235,-0.30471113324165344,0.3044731914997101,-0.027178728953003883,-0.952133059501648
410,1648716789.3147092,-226.76950073242188,-226.818603515625,1730.69921875,-0.010395808145403862,0.8503824472427368,-0.5260623693466187,-0.9566691517829895,0.14463795721530914,0.25271323323249817,0.29099148511886597,0.5058948397636414,0.8120310306549072
300,1648716789.3640337,41.4602165222168,-55.60559844970703,1610.2279052734375,0.9988550543785095,-0.04459232836961746,0.017323626205325127,0.0477985255420208,0.9451925158500671,-0.32299596071243286,-0.0019710196647793055,0.32345420122146606,0.9462417960166931
4,1648716789.3640625,-254.8658447265625,-116.33856201171875,1711.6593017578125,-0.009952890686690807,-0.9995951056480408,0.02665698155760765,-0.9522944092750549,0.0013435049913823605,-0.3051778972148895,0.30501851439476013,-0.028422696515917778,-0.9519221782684326
410,1648716789.3640823,-226.80950927734375,-225.23130798339844,1729.93212890625,-0.010294321924448013,0.8524028658866882,-0.5227842330932617,-0.9572976231575012,0.14265824854373932,0.2514556050300598,0.28892096877098083,0.5030486583709717,0.8145346641540527
300,1648716789.3985898,41.457794189453125,-55.601497650146484,1610.2252197265625,0.998860239982605,-0.044547103345394135,0.017139052972197533,0.047696277499198914,0.9451528191566467,-0.32312723994255066,-0.001804641098715365,0.323576420545578,0.9462003111839294
4,1648716789.3986156,-254.93418884277344,-116.31425476074219,1711.7225341796875,-0.013226444832980633,-0.9996047019958496,0.024809595197439194,-0.9526283144950867,0.0050574117340147495,-0.30409497022628784,0.3038492798805237,-0.027656417340040207,-0.9523186087608337
410,1648716789.3986328,-226.75054931640625,-224.0704345703125,1729.4503173828125,-0.010148979723453522,0.8523041605949402,-0.5229480266571045,-0.9565349817276001,0.14414925873279572,0.2534991204738617,0.2914409339427948,0.5027908086776733,0.813795804977417
300,1648716789.4332778,41.437129974365234,-55.60115432739258,1610.2469482421875,0.9988572001457214,-0.04461120814085007,0.017151452600955963,0.047761090099811554,0.945124089717865,-0.32320165634155273,-0.0017918343655765057,0.3236514627933502,0.946174681186676
4,1648716789.4333053,-254.84400939941406,-116.32093048095703,1711.6123046875,-0.008945608511567116,-0.99964439868927,0.025121621787548065,-0.9527392387390137,0.0008915036451071501,-0.3037879467010498,0.30365753173828125,-0.02665192261338234,-0.9524084329605103
410,1648716789.4333255,-226.5675506591797,-223.11643981933594,1729.1668701171875,-0.009478511288762093,0.8511505126953125,-0.5248361825942993,-0.9558106660842896,0.1465146839618683,0.2548713684082031,0.29383009672164917,0.5040597915649414,0.8121500015258789
300,1648716789.4844368,41.46005630493164,-55.60174560546875,1610.239501953125,0.9988576769828796,-0.0447053425014019,0.016873735934495926,0.04776084050536156,0.945001482963562,-0.32356002926826477,-0.0014808436390012503,0.32399633526802063,0.9460572004318237
4,1648716789.484462,-255.02442932128906,-116.32341766357422,1711.6551513671875,-0.012960444204509258,-0.999680757522583,0.021688273176550865,-0.9527617692947388,0.00576411047950387,-0.30366387963294983,0.30344194173812866,-0.024599377065896988,-0.9525323510169983
410,1648716789.4844794,-226.47039794921875,-221.41061401367188,1728.8358154296875,-0.008489827625453472,0.8505145311355591,-0.5258830189704895,-0.9565561413764954,0.14635874330997467,0.25214967131614685,0.29142454266548157,0.5051773190498352,0.8123223185539246
300,1648716789.5170832,41.460269927978516,-55.59865188598633,1610.2303466796875,0.9988565444946289,-0.04465591162443161,0.017071379348635674,0.047778576612472534,0.9449108839035034,-0.3238218426704407,-0.0016703731380403042,0.3242672085762024,0.9459640383720398
4,1648716789.5171082,-254.83592224121094,-116.3152847290039,1711.6282958984375,-0.009805580601096153,-0.9996112585067749,0.026099856942892075,-0.9529135823249817,0.0014299422036856413,-0.3032386302947998,0.3030834197998047,-0.02784433774650097,-0.9525571465492249
410,1648716789.5171266,-226.46412658691406,-220.40911865234375,1728.2911376953125,-0.007866435684263706,0.8511387705802917,-0.5248818397521973,-0.956903338432312,0.14597536623477936,0.2510521411895752,0.29030004143714905,0.5042360424995422,0.8133092522621155
300,1648716789.551774,41.436004638671875,-55.60378646850586,1610.23876953125,0.9988558292388916,-0.04469757527112961,0.017003046348690987,0.047795481979846954,0.9449806213378906,-0.32361578941345215,-0.0016027081292122602,0.3240582048892975,0.9460358023643494
4,1648716789.5518005,-254.6632080078125,-116.32755279541016,1711.5675048828125,-0.008027153089642525,-0.9995399117469788,0.029248567298054695,-0.9526870250701904,-0.0012433209922164679,-0.30395039916038513,0.30384692549705505,-0.03030458651483059,-0.9522387981414795
410,1648716789.5518205,-226.43310546875,-219.5085906982422,1727.7630615234375,-0.00955981109291315,0.8516002297401428,-0.5241045951843262,-0.9574897289276123,0.14332205057144165,0.2503441572189331,0.28830888867378235,0.5042179822921753,0.8140283823013306
300,1648716789.6014102,41.44918441772461,-55.603641510009766,1610.2418212890625,0.9988585114479065,-0.044539112597703934,0.017260663211345673,0.04772840812802315,0.9450933933258057,-0.3232962191104889,-0.001913613174110651,0.3237510025501251,0.9461404085159302
4,1648716789.6014366,-254.77273559570312,-116.31645202636719,1711.6197509765625,-0.013081218115985394,-0.9994766712188721,0.029585491865873337,-0.9526664614677429,0.003469935618340969,-0.30399760603904724,0.3037358522415161,-0.03216176480054855,-0.9522132873535156
410,1648716789.6014547,-226.53077697753906,-218.03445434570312,1727.193115234375,-0.010411176830530167,0.852069079875946,-0.5233258008956909,-0.9569340944290161,0.14335308969020844,0.25244224071502686,0.29011860489845276,0.5034165382385254,0.8138814568519592
300,1648716789.6333616,41.4630012512207,-55.60498809814453,1610.24267578125,0.9988547563552856,-0.04465371370315552,0.017181795090436935,0.04781190678477287,0.9449813961982727,-0.32361117005348206,-0.001786037697456777,0.3240620493888855,0.9460341334342957
4,1648716789.6333914,-254.57684326171875,-116.33074951171875,1711.614990234375,-0.008134394884109497,-0.9994577169418335,0.03190786764025688,-0.9522404670715332,-0.001998014049604535,-0.30534258484840393,0.3052407503128052,-0.03286774083971977,-0.9517078399658203
410,1648716789.6334097,-226.4322509765625,-217.87123107910156,1727.1832275390625,-0.011246771551668644,0.8522534966468811,-0.5230081081390381,-0.9569134712219238,0.14259953796863556,0.2529466450214386,0.2901553809642792,0.5033183097839355,0.8139290809631348
300,1648716789.6705685,41.444026947021484,-55.609779357910156,1610.2392578125,0.9988614916801453,-0.04470517113804817,0.016647284850478172,0.04768751934170723,0.9449503421783447,-0.32372018694877625,-0.0012588918907567859,0.32414549589157104,0.9460064172744751
4,1648716789.670595,-254.65664672851562,-116.32345581054688,1711.661865234375,-0.013525855727493763,-0.9994674921035767,0.029695091769099236,-0.952263355255127,0.0038176667876541615,-0.30525392293930054,0.30497798323631287,-0.03240636736154556,-0.9518078565597534
410,1648716789.6706145,-226.2660369873047,-217.92135620117188,1727.2880859375,-0.011504094116389751,0.8503177762031555,-0.5261438488960266,-0.956229031085968,0.14450593292713165,0.25444847345352173,0.2923929691314697,0.5060412287712097,0.811436116695404
300,1648716789.7198062,41.45420455932617,-55.59858703613281,1610.2362060546875,0.9988508224487305,-0.0447702594101429,0.01710604503750801,0.04789770022034645,0.9449611306190491,-0.3236575722694397,-0.0016743142623454332,0.3241049647331238,0.9460196495056152
4,1648716789.7198331,-254.62217712402344,-116.3219985961914,1711.6531982421875,-0.008558914065361023,-0.9994413256645203,0.03230709955096245,-0.9522693753242493,-0.001712440513074398,-0.30525416135787964,0.3051389455795288,-0.03337770327925682,-0.9517227411270142
410,1648716789.7198505,-226.59371948242188,-217.6546173095703,1726.9656982421875,-0.012646873481571674,0.8533505797386169,-0.5211840867996216,-0.9582563638687134,0.13854658603668213,0.250099241733551,0.28563061356544495,0.5025909543037415,0.8159763813018799
300,1648716789.7515702,41.46240234375,-55.60749816894531,1610.241943359375,0.9988519549369812,-0.044757992029190063,0.017072537913918495,0.04787536710500717,0.9449363946914673,-0.3237331807613373,-0.0016428151866421103,0.32417887449264526,0.9459943771362305
4,1648716789.751596,-254.64208984375,-116.33033752441406,1711.6290283203125,-0.0073438785038888454,-0.9994654059410095,0.03185811638832092,-0.9522413611412048,-0.0027356853242963552,-0.30533406138420105,0.30525797605514526,-0.032578952610492706,-0.9517122507095337
410,1648716789.7516139,-226.68495178222656,-217.81680297851562,1726.8245849609375,-0.011472688987851143,0.8532016277313232,-0.5214549899101257,-0.9571400284767151,0.14155778288841248,0.2526743412017822,0.289398193359375,0.5020043253898621,0.8150094151496887
300,1648716789.7889626,41.440486907958984,-55.60892868041992,1610.24560546875,0.998866081237793,-0.04463696852326393,0.016555506736040115,0.0475928969681263,0.9450501203536987,-0.32344263792037964,-0.0012082835892215371,0.32386380434036255,0.9461029171943665
4,1648716789.7889898,-254.7989044189453,-116.33306884765625,1711.69384765625,-0.01383106131106615,-0.9994803667068481,0.029115978628396988,-0.9520851373672485,0.004266800358891487,-0.3058033585548401,0.305520236492157,-0.03195047378540039,-0.9516493678092957
410,1648716789.7890081,-226.68478393554688,-217.76783752441406,1726.9871826171875,-0.012307215481996536,0.852264940738678,-0.5229655504226685,-0.9572322368621826,0.14114880561828613,0.2525539696216583,0.2890588641166687,0.5037077069282532,0.8140783309936523
300,1648716789.8378327,41.44099807739258,-55.61542510986328,1610.258544921875,0.9988608956336975,-0.04447579011321068,0.01728610321879387,0.0476769395172596,0.9450616240501404,-0.3233966529369354,-0.0019531125435605645,0.32385241985321045,0.9461055994033813
4,1648716789.8378599,-254.70265197753906,-116.32518005371094,1711.6724853515625,-0.008185172453522682,-0.9995212554931641,0.02983798459172249,-0.9520257115364075,-0.0013390217209234834,-0.30601516366004944,0.3059086203575134,-0.030911315232515335,-0.9515589475631714
410,1648716789.8378823,-226.8480987548828,-217.82644653320312,1726.9715576171875,-0.012506683357059956,0.8544182777404785,-0.5194352865219116,-0.9562151432037354,0.1416856348514557,0.2560817003250122,0.2923973798751831,0.4998946189880371,0.8152356147766113
300,1648716789.888981,41.466896057128906,-55.602569580078125,1610.231689453125,0.9988548755645752,-0.04468249902129173,0.017101338133215904,0.04781279340386391,0.9450327157974243,-0.3234611749649048,-0.001708269934169948,0.3239084482192993,0.9460868835449219
4,1648716789.8890057,-254.72109985351562,-116.31730651855469,1711.7215576171875,-0.01440642774105072,-0.9994821548461914,0.028772812336683273,-0.9521419405937195,0.0049260701052844524,-0.30561649799346924,0.3053164780139923,-0.03179864212870598,-0.9517198801040649
410,1648716789.8890228,-226.98248291015625,-217.62791442871094,1727.0672607421875,-0.01147624384611845,0.8564409017562866,-0.516117513179779,-0.957760214805603,0.13890542089939117,0.2517949342727661,0.2873390018939972,0.497206449508667,0.8186708688735962
300,1648716789.9221544,41.45057678222656,-55.60344314575195,1610.222900390625,0.9988580346107483,-0.04460445046424866,0.017118267714977264,0.04774460941553116,0.9450039863586426,-0.32355520129203796,-0.0017448286525905132,0.3240030109882355,0.9460544586181641
4,1648716789.9221802,-254.70448303222656,-116.31389617919922,1711.6826171875,-0.009525240398943424,-0.9994816184043884,0.03075275383889675,-0.9521700739860535,-0.00032758823363110423,-0.30556830763816833,0.3054199814796448,-0.03219246491789818,-0.9516733884811401
410,1648716789.922199,-226.91453552246094,-217.8243408203125,1727.0880126953125,-0.011352015659213066,0.8547409772872925,-0.5189306139945984,-0.9560086131095886,0.14285053312778473,0.2562054395675659,0.29311880469322205,0.4990105628967285,0.8155181407928467
300,1648716789.956353,41.44137954711914,-55.601654052734375,1610.217041015625,0.9988577365875244,-0.04471348598599434,0.016849307343363762,0.04776044562458992,0.9450419545173645,-0.32344186305999756,-0.0014610897051170468,0.32387715578079224,0.9460980296134949
4,1648716789.9563794,-254.7607879638672,-116.3218994140625,1711.6734619140625,-0.01314528938382864,-0.9994862675666809,0.029230598360300064,-0.9522812962532043,0.0035986648872494698,-0.30520063638687134,0.3049386441707611,-0.03184770047664642,-0.9518393278121948
410,1648716789.9564002,-226.89950561523438,-217.81817626953125,1727.1048583984375,-0.014749559573829174,0.8547865152359009,-0.5187700986862183,-0.9564756155014038,0.13916127383708954,0.2564927637577057,0.2914392650127411,0.4999741017818451,0.8155299425125122
300,1648716790.0052562,41.46206283569336,-55.60226821899414,1610.215087890625,0.998857855796814,-0.04471534490585327,0.01683642715215683,0.0477580726146698,0.9450333714485168,-0.3234672248363495,-0.0014470366295427084,0.32390186190605164,0.9460895657539368
4,1648716790.005283,-254.78150939941406,-116.31790161132812,1711.6395263671875,-0.010352026671171188,-0.9995598196983337,0.02780306525528431,-0.952215850353241,0.0013662731507793069,-0.3054228723049164,0.30525046586990356,-0.029636263847351074,-0.9518108367919922
410,1648716790.0053012,-227.03659057617188,-217.90054321289062,1726.8570556640625,-0.015921711921691895,0.8553100824356079,-0.5178717374801636,-0.9561476707458496,0.13846687972545624,0.25808635354042053,0.292451947927475,0.499271035194397,0.8155981302261353
300,1648716790.0375042,41.455116271972656,-55.60662841796875,1610.2264404296875,0.9988582134246826,-0.044474102556705475,0.017444688826799393,0.04772643372416496,0.9451011419296265,-0.32327398657798767,-0.0021096740383654833,0.3237374424934387,0.9461445808410645
4,1648716790.0375304,-254.8179931640625,-116.30230712890625,1711.602294921875,-0.010985270142555237,-0.999569833278656,0.027193725109100342,-0.9527827501296997,0.002210295060649514,-0.30364474654197693,0.3034540116786957,-0.02924533188343048,-0.9523971676826477
410,1648716790.0375488,-227.10691833496094,-217.78065490722656,1726.8162841796875,-0.015422207303345203,0.8568785786628723,-0.5152875185012817,-0.9571197628974915,0.136447474360466,0.2555462718009949,0.28928181529045105,0.49713295698165894,0.8180310726165771
300,1648716790.0762,41.44139862060547,-55.59297561645508,1610.2015380859375,0.9988587498664856,-0.04464798793196678,0.0169634111225605,0.04773515835404396,0.9450989961624146,-0.32327887415885925,-0.0015983511693775654,0.32371968030929565,0.9461516737937927
4,1648716790.0762243,-254.8672332763672,-116.29280853271484,1711.552490234375,-0.00965738296508789,-0.999582052230835,0.02724752016365528,-0.9527454376220703,0.0009244739776477218,-0.3037685453891754,0.30361640453338623,-0.02889355830848217,-0.9523561596870422
410,1648716790.076255,-227.19351196289062,-217.62860107421875,1726.658203125,-0.011943895369768143,0.8579246401786804,-0.5136367678642273,-0.9577367901802063,0.13782386481761932,0.2524772584438324,0.2873978614807129,0.49494439363479614,0.8200198411941528
300,1648716790.123466,41.45750427246094,-55.59968948364258,1610.203857421875,0.9988600611686707,-0.0445701889693737,0.017090322449803352,0.047702740877866745,0.9450801610946655,-0.3233388066291809,-0.0017404531827196479,0.3237854540348053,0.9461289048194885
4,1648716790.1234922,-254.9424591064453,-116.31132507324219,1711.527587890625,-0.01232280395925045,-0.9996616840362549,0.022905981168150902,-0.9531430602073669,0.0048183901235461235,-0.3024815022945404,0.30226877331733704,-0.02556009776890278,-0.9528799653053284
410,1648716790.1235113,-226.98704528808594,-217.6572723388672,1726.6934814453125,-0.010856550186872482,0.8573987483978271,-0.5145381093025208,-0.9585212469100952,0.13764172792434692,0.24958321452140808,0.2848142683506012,0.495905339717865,0.820340633392334
300,1648716790.1726253,41.45289611816406,-55.599308013916016,1610.1951904296875,0.9988550543785095,-0.04474330693483353,0.016931436955928802,0.04781578853726387,0.9449272155761719,-0.3237687647342682,-0.0015124904457479715,0.3242076635360718,0.9459847211837769
4,1648716790.172653,-254.9144744873047,-116.32060241699219,1711.54638671875,-0.01119137741625309,-0.9996756315231323,0.022876465693116188,-0.9528973698616028,0.0037276954390108585,-0.3032700717449188,0.30308642983436584,-0.02519293501973152,-0.9526299834251404
410,1648716790.172673,-226.82427978515625,-217.7631378173828,1726.548095703125,-0.010100506246089935,0.8578223586082458,-0.5138471126556396,-0.9571173787117004,0.14049261808395386,0.25335371494293213,0.2895241975784302,0.4943709969520569,0.8196176290512085
300,1648716790.2074127,41.443450927734375,-55.60227966308594,1610.1951904296875,0.9988589882850647,-0.044502075761556625,0.01732751354575157,0.047714877873659134,0.9451152086257935,-0.3232344090938568,-0.001991895493119955,0.3236923813819885,0.9461602568626404
4,1648716790.2074368,-254.923583984375,-116.30519104003906,1711.45166015625,-0.01002402976155281,-0.9996435642242432,0.024743398651480675,-0.9534437656402588,0.0020963901188224554,-0.3015635013580322,0.3014041483402252,-0.026614321395754814,-0.953125
410,1648716790.2074542,-226.8955535888672,-217.68524169921875,1726.3875732421875,-0.011615079827606678,0.8583564758300781,-0.5129222273826599,-0.9575874209403992,0.13814634084701538,0.25286731123924255,0.2879086434841156,0.49410495162010193,0.8203468322753906
300,1648716790.2417884,41.44660186767578,-55.59601593017578,1610.2115478515625,0.9988539218902588,-0.04462908208370209,0.01729557476937771,0.047824304550886154,0.9451789855957031,-0.32303181290626526,-0.0019307999173179269,0.3234887421131134,0.9462300539016724
4,1648716790.241815,-254.77745056152344,-116.3243408203125,1711.436279296875,-0.013263492844998837,-0.9995280504226685,0.027709083631634712,-0.9530311822891235,0.004251045640558004,-0.30284231901168823,0.3025815784931183,-0.030424369499087334,-0.952637791633606
410,1648716790.2418344,-227.010986328125,-217.63623046875,1726.290771484375,-0.00707564502954483,0.8596373796463013,-0.5108556151390076,-0.9580187201499939,0.14060045778751373,0.2498631775379181,0.28661826252937317,0.49117720127105713,0.8225538730621338
300,1648716790.292598,41.452396392822266,-55.60480880737305,1610.2357177734375,0.9988636374473572,-0.04444701224565506,0.017202995717525482,0.04762379452586174,0.9448918700218201,-0.32390010356903076,-0.0018585792277008295,0.32435131072998047,0.9459348917007446
4,1648716790.2926228,-254.83493041992188,-116.30062866210938,1711.5584716796875,-0.010032223537564278,-0.9995679259300232,0.027627883478999138,-0.9530322551727295,0.0011939872056245804,-0.30286651849746704,0.3027026951313019,-0.02936868742108345,-0.9526324272155762
410,1648716790.2926404,-226.83770751953125,-217.63259887695312,1726.3070068359375,-0.010839296504855156,0.8585646152496338,-0.5125908255577087,-0.9575945138931274,0.13868746161460876,0.252544105052948,0.28791534900665283,0.4935915768146515,0.82065349817276
300,1648716790.3265202,41.442081451416016,-55.591278076171875,1610.257568359375,0.9988489151000977,-0.04465730860829353,0.017508741468191147,0.047921329736709595,0.9449658393859863,-0.32364046573638916,-0.0020922496914863586,0.32410699129104614,0.9460180997848511
4,1648716790.3265471,-254.77572631835938,-116.31847381591797,1711.4913330078125,-0.011570937931537628,-0.9995414614677429,0.0279812291264534,-0.9528523683547974,0.0025363913737237453,-0.303423672914505,0.30321356654167175,-0.03017287701368332,-0.9524447917938232
410,1648716790.3265657,-226.88104248046875,-217.51141357421875,1726.302978515625,-0.007210628595203161,0.8591142892837524,-0.5117329359054565,-0.9583747386932373,0.14013038575649261,0.24875962734222412,0.28542229533195496,0.49222564697265625,0.8223429918289185
300,1648716790.3595164,41.44294357299805,-55.601478576660156,1610.2581787109375,0.9988605380058289,-0.04459386691451073,0.01699950359761715,0.047695308923721313,0.94516521692276,-0.32309117913246155,-0.0016594539629295468,0.323533833026886,0.9462151527404785
4,1648716790.359553,-254.72097778320312,-116.29975891113281,1711.514892578125,-0.00635369261726737,-0.9995564818382263,0.029094120487570763,-0.9526256322860718,-0.0027970203664153814,-0.3041326105594635,0.3040790855884552,-0.02964816801249981,-0.952185332775116
410,1648716790.3595712,-226.82728576660156,-217.54556274414062,1726.207763671875,-0.011215941049158573,0.8586804270744324,-0.5123887062072754,-0.9576584696769714,0.13820244371891022,0.2525675594806671,0.2876881957054138,0.4935261607170105,0.8207724690437317
300,1648716790.4137385,41.45661163330078,-55.5940055847168,1610.25830078125,0.9988542795181274,-0.0446879118680954,0.017122216522693634,0.04782384634017944,0.9451865553855896,-0.3230096995830536,-0.0017490600002929568,0.3234584629535675,0.9462407827377319
4,1648716790.413766,-254.79391479492188,-116.31028747558594,1711.5081787109375,-0.008949426002800465,-0.9995757341384888,0.027716537937521935,-0.9527683854103088,0.00010932251461781561,-0.3036978840827942,0.30356600880622864,-0.029125362634658813,-0.9523651599884033
410,1648716790.4137843,-226.80386352539062,-217.57167053222656,1726.0855712890625,-0.010340318083763123,0.8594464659690857,-0.5111210942268372,-0.9576932191848755,0.1385049968957901,0.2522699236869812,0.28760531544685364,0.49210578203201294,0.8216539025306702
300,1648716790.462885,41.44179916381836,-55.602272033691406,1610.250244140625,0.9988645315170288,-0.044582318514585495,0.016796303912997246,0.047618668526411057,0.9451616406440735,-0.323112815618515,-0.0014701051404699683,0.3235457241535187,0.9462113976478577
4,1648716790.4629118,-254.84046936035156,-116.29443359375,1711.5250244140625,-0.014420270919799805,-0.9995055198669434,0.027942843735218048,-0.9532413482666016,0.005305316764861345,-0.3021634519100189,0.3018657863140106,-0.03099355287849903,-0.9528465270996094
410,1648716790.4629314,-226.69992065429688,-217.57701110839844,1726.16455078125,-0.010584508068859577,0.8588970899581909,-0.5120388269424438,-0.959148645401001,0.13605129718780518,0.24804013967514038,0.28270450234413147,0.49374672770500183,0.8223699331283569
300,1648716790.512472,41.444984436035156,-55.60178756713867,1610.2440185546875,0.9988573789596558,-0.04468188434839249,0.016953982412815094,0.04776498302817345,0.9449312686920166,-0.3237643539905548,-0.0015539478044956923,0.3242042064666748,0.9459858536720276
4,1648716790.5124984,-254.84222412109375,-116.31562805175781,1711.4798583984375,-0.010419508442282677,-0.9995763301849365,0.027176249772310257,-0.9529657959938049,0.0016937623731791973,-0.30307310819625854,0.30289867520332336,-0.02905591018497944,-0.9525797367095947
410,1648716790.5125165,-226.66224670410156,-217.65599060058594,1726.1365966796875,-0.010667654685676098,0.8584568500518799,-0.5127748250961304,-0.9577792286872864,0.13856835663318634,0.25190824270248413,0.2873067259788513,0.4938123822212219,0.820733904838562
300,1648716790.5619843,41.451438903808594,-55.607784271240234,1610.2239990234375,0.9988663792610168,-0.04452522099018097,0.016836682334542274,0.04757801815867424,0.9450976252555847,-0.3233060836791992,-0.0015170344850048423,0.3237406313419342,0.9461446404457092
4,1648716790.5620098,-254.83538818359375,-116.29998779296875,1711.5164794921875,-0.01239961851388216,-0.9995927214622498,0.025703392922878265,-0.9529911279678345,0.004030976444482803,-0.30297139286994934,0.30274438858032227,-0.028251834213733673,-0.9526529908180237
410,1648716790.5620296,-226.81211853027344,-217.4636688232422,1726.211669921875,-0.005654682405292988,0.8591713905334473,-0.511656641960144,-0.9590203762054443,0.14028772711753845,0.2461692839860916,0.28328076004981995,0.4920811653137207,0.8231695890426636
300,1648716790.6112983,41.45335388183594,-55.597713470458984,1610.2127685546875,0.9988570809364319,-0.04477797448635101,0.016718881204724312,0.047780077904462814,0.9448269605636597,-0.32406654953956604,-0.001285405596718192,0.32449498772621155,0.9458865523338318
4,1648716790.6113253,-254.82102966308594,-116.32073211669922,1711.475341796875,-0.012632482685148716,-0.9995394349098206,0.027591893449425697,-0.9529919028282166,0.0036807407159358263,-0.30297333002090454,0.3027322590351105,-0.03012215718626976,-0.9525995254516602
410,1648716790.6113424,-226.7667694091797,-217.44985961914062,1726.3572998046875,-0.007952069863677025,0.858795702457428,-0.5122565031051636,-0.9584113955497742,0.13959984481334686,0.24891652166843414,0.28527936339378357,0.49293187260627747,0.8219695091247559
300,1648716790.660674,41.4431266784668,-55.60090255737305,1610.226318359375,0.9988604784011841,-0.04455139860510826,0.017113739624619484,0.04769366979598999,0.9448725581169128,-0.3239462673664093,-0.0017380431527271867,0.3243933618068695,0.9459207057952881
4,1648716790.6607015,-254.8175048828125,-116.29557800292969,1711.4510498046875,-0.011362835764884949,-0.9995532631874084,0.027644243091344833,-0.9531240463256836,0.0024669794365763664,-0.3025698661804199,0.3023664951324463,-0.02978644333779812,-0.9527262449264526
410,1648716790.66072,-226.77549743652344,-217.56268310546875,1726.385986328125,-0.009256575256586075,0.8567767143249512,-0.5156044960021973,-0.9571565389633179,0.14164893329143524,0.2525607943534851,0.28942304849624634,0.4958520829677582,0.8187582492828369
300,1648716790.7100203,41.453834533691406,-55.59164047241211,1610.2596435546875,0.9988522529602051,-0.04468480125069618,0.017245594412088394,0.04786179959774017,0.9450126886367798,-0.32351237535476685,-0.0018412204226478934,0.32396647334098816,0.9460667967796326
4,1648716790.710047,-254.87315368652344,-116.31228637695312,1711.4697265625,-0.013601168990135193,-0.999540388584137,0.02709236741065979,-0.9530724883079529,0.0047641028650105,-0.30270469188690186,0.302436500787735,-0.02993812784552574,-0.9526992440223694
410,1648716790.7100785,-226.81271362304688,-217.4988250732422,1726.1990966796875,-0.009307164698839188,0.8584627509117126,-0.5127914547920227,-0.9573821425437927,0.14039252698421478,0.2524071931838989,0.2886742651462555,0.4932865798473358,0.8205702304840088
300,1648716790.7593684,41.44062042236328,-55.603389739990234,1610.24169921875,0.9988677501678467,-0.04447774589061737,0.016879865899682045,0.04754742234945297,0.9450284242630005,-0.3235127329826355,-0.0015628382097929716,0.32394900918006897,0.9460732340812683
4,1648716790.759395,-254.90521240234375,-116.30557250976562,1711.4737548828125,-0.011583058163523674,-0.9995837807655334,0.02642148919403553,-0.9532067179679871,0.0030550025403499603,-0.30230385065078735,0.3020973205566406,-0.02868674509227276,-0.9528453350067139
410,1648716790.7594135,-226.7372283935547,-217.5447235107422,1726.131103515625,-0.011203665286302567,0.8589662313461304,-0.5119096636772156,-0.957554042339325,0.13825063407421112,0.2529366910457611,0.28803589940071106,0.49301499128341675,0.8209577202796936
