300,1648717149.5083916,41.566505432128906,-55.559059143066406,1610.146484375,0.9988527894020081,-0.04473158344626427,0.017094548791646957,0.04785923287272453,0.9445988535881042,-0.324719101190567,-0.0016222931444644928,0.32516470551490784,0.9456560015678406
4,1648717149.5084186,-221.3071746826172,-115.86077117919922,1656.9329833984375,0.005820014048367739,-0.99720698595047,-0.07446064054965973,-0.9976480603218079,-0.01087588258087635,0.06767575442790985,-0.06829655915498734,0.07389163970947266,-0.9949249029159546
410,1648717149.5084374,-181.71591186523438,-218.4517059326172,1639.67431640625,0.02041146531701088,0.8006049990653992,-0.5988447070121765,-0.9982275366783142,-0.01717178151011467,-0.05698155611753464,-0.05590295046567917,0.5989463329315186,0.7988355159759521
300,1648717149.5576658,41.575775146484375,-55.56144714355469,1610.2164306640625,0.9988518357276917,-0.044723741710186005,0.01717001385986805,0.04787556082010269,0.9447493553161621,-0.32427850365638733,-0.0017184129683300853,0.32472819089889526,0.9458058476448059
4,1648717149.557693,-221.34490966796875,-115.85626983642578,1656.8936767578125,0.005458403844386339,-0.9971891045570374,-0.07472642511129379,-0.9976483583450317,-0.010536044836044312,0.06772519648075104,-0.06832215189933777,0.07418102771043777,-0.9949016571044922
410,1648717149.5577123,-181.70657348632812,-218.42202758789062,1639.6083984375,0.02101569063961506,0.8014911413192749,-0.5976372361183167,-0.9982113242149353,-0.016642708331346512,-0.057421259582042694,-0.055968932807445526,0.5977749824523926,0.7997077703475952
300,1648717149.607401,41.56806945800781,-55.55685806274414,1610.2474365234375,0.9988529682159424,-0.0447593592107296,0.017009299248456955,0.04785692319273949,0.944779098033905,-0.32419463992118835,-0.0015592873096466064,0.3246367871761322,0.9458374977111816
4,1648717149.6074283,-221.36648559570312,-115.83468627929688,1656.8524169921875,0.005357205402106047,-0.997269868850708,-0.07364845275878906,-0.9976107478141785,-0.010402829386293888,0.06829774379730225,-0.0688774362206459,0.07310660183429718,-0.9949429035186768
410,1648717149.6074464,-181.72711181640625,-218.38096618652344,1639.49755859375,0.021270742639899254,0.8018273115158081,-0.5971771478652954,-0.9982041716575623,-0.016424478963017464,-0.05760793015360832,-0.055999934673309326,0.5973300933837891,0.8000379800796509
300,1648717149.656835,41.575462341308594,-55.549415588378906,1610.2322998046875,0.9988601207733154,-0.044869132339954376,0.016286630183458328,0.047726478427648544,0.944659411907196,-0.3245623707771301,-0.0008224875782616436,0.32496970891952515,0.9457240700721741
4,1648717149.6568627,-221.46253967285156,-115.84562683105469,1656.8759765625,0.004468933679163456,-0.9973471760749817,-0.0726538598537445,-0.9976052641868591,-0.009461184032261372,0.06851465255022049,-0.06902029365301132,0.07217367738485336,-0.9950010776519775
410,1648717149.6568809,-181.86366271972656,-218.36524963378906,1639.5013427734375,0.021520379930734634,0.8018146753311157,-0.5971851348876953,-0.9981750845909119,-0.016477929428219795,-0.058094803243875504,-0.05642164126038551,0.5973455309867859,0.7999967932701111
300,1648717149.706252,41.56781768798828,-55.550811767578125,1610.246826171875,0.9988530278205872,-0.044772807508707047,0.01697242632508278,0.04785788059234619,0.9447348117828369,-0.3243235945701599,-0.0015135639114305377,0.32476386427879333,0.9457939267158508
4,1648717149.7062805,-221.601318359375,-115.8695297241211,1656.9599609375,0.0033778417855501175,-0.9972800612449646,-0.07362771034240723,-0.9976807832717896,-0.008366315625607967,0.06754999607801437,-0.0679822564125061,0.07322878390550613,-0.9949954748153687
410,1648717149.7062988,-182.05816650390625,-218.41246032714844,1639.6968994140625,0.021410059183835983,0.8018688559532166,-0.5971163511276245,-0.9981647729873657,-0.016694797202944756,-0.058209434151649475,-0.056645069271326065,0.5972667932510376,0.8000398278236389
300,1648717149.7593632,41.57036590576172,-55.55474090576172,1610.2174072265625,0.9988563060760498,-0.04485832899808884,0.016547750681638718,0.04780064523220062,0.9447978138923645,-0.32414841651916504,-0.0010935222962871194,0.3245686888694763,0.9458615183830261
4,1648717149.75939,-221.77484130859375,-115.91497039794922,1657.052978515625,0.0018421611748635769,-0.9972388744354248,-0.07423799484968185,-0.9978102445602417,-0.006741369143128395,0.0657968670129776,-0.06611566245555878,0.07395422458648682,-0.9950675964355469
410,1648717149.75941,-182.31068420410156,-218.486083984375,1639.8765869140625,0.020488958805799484,0.8017275929450989,-0.5973382592201233,-0.9982675313949585,-0.01655508764088154,-0.05646069347858429,-0.055155083537101746,0.5974602699279785,0.799999475479126
300,1648717149.8088648,41.5714111328125,-55.55571365356445,1610.206787109375,0.9988555312156677,-0.04490331560373306,0.016471588984131813,0.04781858250498772,0.9447630047798157,-0.32424718141555786,-0.0010019737528637052,0.32466375827789307,0.9458289742469788
4,1648717149.8088932,-221.9733123779297,-115.93905639648438,1657.1180419921875,0.00012002344010397792,-0.9971890449523926,-0.0749266967177391,-0.997891366481781,-0.0049826293252408504,0.06471462547779083,-0.064906045794487,0.07476093620061874,-0.9950869083404541
410,1648717149.8089108,-182.59913635253906,-218.54116821289062,1639.978271484375,0.019901936873793602,0.8020312786102295,-0.596950352191925,-0.9983162879943848,-0.01659562811255455,-0.05558023974299431,-0.05448385700583458,0.5970513820648193,0.8003506064414978
300,1648717149.8583326,41.56598663330078,-55.557212829589844,1610.203857421875,0.9988558888435364,-0.04492373764514923,0.016394726932048798,0.04781284183263779,0.9448005557060242,-0.3241385817527771,-0.0009282295941375196,0.32455161213874817,0.9458675384521484
4,1648717149.858361,-222.1389923095703,-115.95333099365234,1657.1798095703125,-0.0010885202791541815,-0.9971868991851807,-0.07494759559631348,-0.9978382587432861,-0.003841614117845893,0.06560549885034561,-0.06570886075496674,0.07485698908567429,-0.9950270056724548
410,1648717149.8583798,-182.84666442871094,-218.58096313476562,1640.041015625,0.019597027450799942,0.801930844783783,-0.5970953702926636,-0.9983338713645935,-0.01672280952334404,-0.055225539952516556,-0.05427217483520508,0.5971827507019043,0.8002669811248779
300,1648717149.9078686,41.572086334228516,-55.553401947021484,1610.2086181640625,0.998856782913208,-0.04483309015631676,0.016587242484092712,0.04778965562582016,0.9447798132896423,-0.3242025673389435,-0.0011362896766513586,0.324624627828598,0.9458422660827637
4,1648717149.907898,-222.32528686523438,-115.97052001953125,1657.2786865234375,-0.002096466487273574,-0.9971272945404053,-0.07571497559547424,-0.9978236556053162,-0.0029041431844234467,0.06587474048137665,-0.0659053847193718,0.07568830251693726,-0.9949511289596558
410,1648717149.9079173,-183.1100616455078,-218.5965118408203,1640.0562744140625,0.018795594573020935,0.8026914596557617,-0.5960982441902161,-0.9983444213867188,-0.017348507419228554,-0.05483991652727127,-0.054360948503017426,0.5961421132087708,0.8010364770889282
300,1648717149.9573634,41.56719970703125,-55.54974365234375,1610.2152099609375,0.9988569617271423,-0.04482458531856537,0.016600701957941055,0.04778675362467766,0.9445587396621704,-0.32484644651412964,-0.001119231223128736,0.325268417596817,0.9456210732460022
4,1648717149.957391,-222.46240234375,-115.99517059326172,1657.340087890625,-0.002662648679688573,-0.9969276785850525,-0.07828225940465927,-0.9979123473167419,-0.0024025007151067257,0.0645383670926094,-0.06452815979719162,0.0782906785607338,-0.9948400259017944
410,1648717149.9574099,-183.34788513183594,-218.71600341796875,1640.074462890625,0.017896544188261032,0.803575336933136,-0.5949339270591736,-0.9983212351799011,-0.018421106040477753,-0.054912395775318146,-0.05508558824658394,0.594917893409729,0.8018966913223267
300,1648717150.0067813,41.56773376464844,-55.55149841308594,1610.2120361328125,0.9988563060760498,-0.044878412038087845,0.0164932943880558,0.04780132323503494,0.9449970722198486,-0.3235670030117035,-0.0010649418691173196,0.32398533821105957,0.9460614919662476
4,1648717150.0068097,-222.72889709472656,-116.04653930664062,1657.5040283203125,-0.004194506909698248,-0.9966919422149658,-0.08116420358419418,-0.9980123043060303,-0.0009313019108958542,0.06301288306713104,-0.0628800168633461,0.08126718550920486,-0.9947068691253662
410,1648717150.0068274,-183.57078552246094,-219.18487548828125,1640.2528076171875,0.017714794725179672,0.803212583065033,-0.5954290628433228,-0.9982748031616211,-0.019132990390062332,-0.05550970882177353,-0.055978432297706604,0.5953851342201233,0.801487922668457
300,1648717150.0562778,41.56827926635742,-55.55621337890625,1610.2142333984375,0.9988542795181274,-0.044878799468278885,0.01661551743745804,0.0478423647582531,0.9446937441825867,-0.3244454562664032,-0.0011358520714566112,0.32486864924430847,0.9457584619522095
4,1648717150.0563056,-222.71141052246094,-116.07081604003906,1657.569091796875,-0.004012065939605236,-0.9967167973518372,-0.08086741715669632,-0.9980449080467224,-0.0010527819395065308,0.0624917633831501,-0.06237172335386276,0.08096003532409668,-0.9947639107704163
410,1648717150.056324,-183.56674194335938,-220.03387451171875,1640.1153564453125,0.016836892813444138,0.8043808341026306,-0.5938754081726074,-0.9981672167778015,-0.021007869392633438,-0.0567532517015934,-0.05812728404998779,0.5937424898147583,0.8025528192520142
300,1648717150.1057727,41.56753158569336,-55.55898666381836,1610.2064208984375,0.9988559484481812,-0.04484446719288826,0.016607148572802544,0.04780696704983711,0.9447542428970337,-0.3242745101451874,-0.0011477572843432426,0.32469743490219116,0.945817232131958
4,1648717150.105803,-222.48123168945312,-116.07072448730469,1657.544189453125,-0.002327980473637581,-0.9967828989028931,-0.08011478930711746,-0.9980344176292419,-0.0027012729551643133,0.06261000782251358,-0.06262499839067459,0.0801030769944191,-0.9948173761367798
410,1648717150.1058223,-183.32823181152344,-220.9390411376953,1639.904052734375,0.01577763818204403,0.804223895072937,-0.5941169857978821,-0.9981371164321899,-0.02235487848520279,-0.05676756426692009,-0.058935243636369705,0.5939058661460876,0.8023729920387268
300,1648717150.1552453,41.56965637207031,-55.563785552978516,1610.2388916015625,0.9988489747047424,-0.04475200176239014,0.017261935397982597,0.047931406646966934,0.9448786377906799,-0.3238934278488159,-0.0018155552679672837,0.32434800267219543,0.9459360837936401
4,1648717150.1552725,-222.36221313476562,-116.05175018310547,1657.4844970703125,-0.0017541074194014072,-0.9968321919441223,-0.07951382547616959,-0.9979990720748901,-0.003280543489381671,0.06314309686422348,-0.06320392340421677,0.07946548610925674,-0.994831919670105
410,1648717150.1552918,-183.13702392578125,-221.79879760742188,1639.7816162109375,0.01687435805797577,0.8037471175193787,-0.5947317481040955,-0.9980993270874023,-0.021719420328736305,-0.05767172574996948,-0.0592707097530365,0.594574511051178,0.8018529415130615
300,1648717150.2047334,41.57154083251953,-55.55754089355469,1610.219482421875,0.9988540410995483,-0.04480006545782089,0.016839047893881798,0.04784035682678223,0.9447332620620728,-0.324330598115921,-0.0013783778995275497,0.3247644901275635,0.9457939267158508
4,1648717150.2047613,-222.24217224121094,-116.01250457763672,1657.3631591796875,-0.0007052441360428929,-0.996955156326294,-0.0779736265540123,-0.9979465007781982,-0.004292520694434643,0.0639093816280365,-0.06404948979616165,0.0778585821390152,-0.9949048757553101
410,1648717150.2047796,-182.95274353027344,-222.4765167236328,1639.6187744140625,0.01784532703459263,0.8025783896446228,-0.5962796807289124,-0.9981176257133484,-0.020698122680187225,-0.05773063004016876,-0.05867522954940796,0.5961874723434448,0.8006982803344727
300,1648717150.3035464,41.57217025756836,-55.54875183105469,1610.21630859375,0.9988551139831543,-0.044803060591220856,0.016767848283052444,0.047819316387176514,0.9449170231819153,-0.32379791140556335,-0.0013370898086577654,0.32422903180122375,0.9459776878356934
4,1648717150.3035727,-222.34120178222656,-115.96431732177734,1657.242919921875,-0.0011632601963356137,-0.996801495552063,-0.07990919798612595,-0.9978388547897339,-0.004092892166227102,0.06558126956224442,-0.06569857150316238,0.07981279492378235,-0.994642436504364
410,1648717150.3035932,-183.02342224121094,-223.41629028320312,1639.5445556640625,0.017212560400366783,0.8028542995452881,-0.5959267020225525,-0.9981538653373718,-0.020922845229506493,-0.05701838433742523,-0.0582459382712841,0.5958080291748047,0.8010119795799255
300,1648717150.338238,41.56800079345703,-55.55360794067383,1610.205322265625,0.9988561272621155,-0.044881753623485565,0.01649428904056549,0.04780535027384758,0.9448302984237671,-0.32405295968055725,-0.0010402394691482186,0.32447078824043274,0.9458951354026794
4,1648717150.3382645,-222.53399658203125,-115.95405578613281,1657.203125,-0.0026420243084430695,-0.9966757893562317,-0.08142701536417007,-0.9978641867637634,-0.0026870917063206434,0.06526753306388855,-0.06526937335729599,0.08142554014921188,-0.9945399761199951
410,1648717150.3382835,-183.16558837890625,-223.6084442138672,1639.558349609375,0.017321614548563957,0.8024460673332214,-0.596473217010498,-0.9981386065483093,-0.021011175587773323,-0.057252708822488785,-0.058474812656641006,0.5963546633720398,0.8005884289741516
300,1648717150.3718817,41.56586837768555,-55.554325103759766,1610.2147216796875,0.9988577365875244,-0.044874370098114014,0.016417482867836952,0.04777338728308678,0.9448496699333191,-0.32400116324424744,-0.0009727046126499772,0.324415385723114,0.9459142088890076
4,1648717150.3719063,-222.673828125,-115.95198059082031,1657.18017578125,-0.0038363998755812645,-0.9966323375701904,-0.08191033452749252,-0.9978854656219482,-0.0014992685755714774,0.0649796798825264,-0.06488365679979324,0.08198641985654831,-0.9945191740989685
410,1648717150.3719242,-183.31246948242188,-223.70460510253906,1639.4603271484375,0.017308179289102554,0.8020492792129517,-0.5970070362091064,-0.9980985522270203,-0.021468713879585266,-0.057778604328632355,-0.059158261865377426,0.5968719124794006,0.800152599811554
300,1648717150.4175184,41.57057571411133,-55.55649948120117,1610.21435546875,0.998854398727417,-0.044878967106342316,0.01660560630261898,0.04783935099840164,0.9446808099746704,-0.3244835138320923,-0.0011245128698647022,0.32490620017051697,0.945745587348938
4,1648717150.4175448,-222.76759338378906,-115.95069885253906,1657.189453125,-0.00454799085855484,-0.996653139591217,-0.08162010461091995,-0.9978669881820679,-0.0007921641226857901,0.06527561694383621,-0.06512179970741272,0.08174288272857666,-0.9945236444473267
410,1648717150.4175632,-183.46437072753906,-223.863525390625,1639.337890625,0.01667996682226658,0.80234295129776,-0.5966301560401917,-0.9980900287628174,-0.02213715761899948,-0.05767342075705528,-0.05948156118392944,0.5964525938034058,0.8004412651062012
300,1648717150.4667134,41.568511962890625,-55.55281448364258,1610.2205810546875,0.998853862285614,-0.04479697346687317,0.016856743022799492,0.04784227907657623,0.9449389576911926,-0.3237305283546448,-0.001426447182893753,0.324165940284729,0.9459991455078125
4,1648717150.4667404,-222.81924438476562,-115.95140075683594,1657.2236328125,-0.004797716159373522,-0.9965561032295227,-0.0827820897102356,-0.9978450536727905,-0.0006463033496402204,0.06561147421598434,-0.06543902307748795,0.08291848003864288,-0.9944055080413818
410,1648717150.466762,-183.48785400390625,-223.97923278808594,1639.39892578125,0.017110832035541534,0.8019068837165833,-0.5972039103507996,-0.9980619549751282,-0.022041862830519676,-0.05819317325949669,-0.059828996658325195,0.5970422625541687,0.7999756336212158
300,1648717150.5015247,41.569732666015625,-55.55841064453125,1610.20703125,0.998856246471405,-0.04490393400192261,0.016426533460617065,0.04780419170856476,0.9448807835578918,-0.32390591502189636,-0.0009764666319824755,0.3243207037448883,0.9459466934204102
4,1648717150.501551,-222.82037353515625,-115.96624755859375,1657.258056640625,-0.004784929566085339,-0.9966278672218323,-0.08191432058811188,-0.9978600740432739,-0.0005830537993460894,0.06538268178701401,-0.06520996242761612,0.08205188065767288,-0.9944924116134644
410,1648717150.501569,-183.4000244140625,-224.0762481689453,1639.53466796875,0.01746896281838417,0.801669180393219,-0.5975126028060913,-0.9980816841125488,-0.021518243476748466,-0.058050598949193954,-0.059394799172878265,0.597380518913269,0.7997554540634155
300,1648717150.5362308,41.568214416503906,-55.55887985229492,1610.2197265625,0.9988560676574707,-0.044781994074583054,0.016767457127571106,0.047799911350011826,0.9447598457336426,-0.3242591619491577,-0.0013202473055571318,0.32468971610069275,0.9458196759223938
4,1648717150.53626,-222.80703735351562,-115.98468017578125,1657.3031005859375,-0.004633376840502024,-0.9966135025024414,-0.08209773898124695,-0.9978978037834167,-0.0006989232497289777,0.06480316072702408,-0.0646410807967186,0.08222541213035583,-0.9945152401924133
410,1648717150.5362785,-183.32762145996094,-224.1676788330078,1639.649169921875,0.01786372810602188,0.8013342618942261,-0.5979501008987427,-0.9980753064155579,-0.021228568628430367,-0.05826660990715027,-0.059384655207395554,0.5978400707244873,0.799412727355957
300,1648717150.5873258,41.57047653198242,-55.5560188293457,1610.224609375,0.9988551139831543,-0.04485081136226654,0.016637977212667465,0.047823503613471985,0.9446069598197937,-0.3247007727622986,-0.0011532553471624851,0.32512474060058594,0.9456704258918762
4,1648717150.5873508,-222.7353515625,-115.99392700195312,1657.3333740234375,-0.00423746183514595,-0.9966440200805664,-0.08174783736467361,-0.9979379773139954,-0.0010211009066551924,0.06417781859636307,-0.06404591351747513,0.08185122162103653,-0.9945845603942871
410,1648717150.5873692,-183.2527313232422,-224.2826690673828,1639.7235107421875,0.018014147877693176,0.8015556931495667,-0.5976486802101135,-0.9980685114860535,-0.02112756110727787,-0.05841939151287079,-0.05945325642824173,0.5975466966629028,0.7996269464492798
300,1648717150.620196,41.56924057006836,-55.5593147277832,1610.2191162109375,0.9988566040992737,-0.04494134709239006,0.01630381867289543,0.04779983311891556,0.9448614716529846,-0.32396289706230164,-0.0008455225033685565,0.3243717849254608,0.9459292888641357
4,1648717150.6202219,-222.74278259277344,-116.00418853759766,1657.34228515625,-0.0043844906613230705,-0.9966786503791809,-0.08131696283817291,-0.9979487657546997,-0.0008325384696945548,0.06401211023330688,-0.06386720389127731,0.0814308300614357,-0.9946305751800537
410,1648717150.6202402,-183.2216796875,-224.34288024902344,1639.762451171875,0.018217964097857475,0.8007375001907349,-0.5987383723258972,-0.9981051683425903,-0.02063586935400963,-0.05796748772263527,-0.05877222865819931,0.598659873008728,0.7988442778587341
300,1648717150.6566832,41.56691360473633,-55.55965805053711,1610.222900390625,0.9988531470298767,-0.04482594504952431,0.016824709251523018,0.04785888269543648,0.9450362324714661,-0.323444128036499,-0.0014012701576575637,0.32387837767601013,0.9460976719856262
4,1648717150.656714,-222.7329864501953,-116.0072021484375,1657.37353515625,-0.004497713875025511,-0.9967963695526123,-0.07985441386699677,-0.9979310631752014,-0.0006474960828199983,0.0642898753285408,-0.06413561850786209,0.07997836172580719,-0.9947311878204346
410,1648717150.6567316,-183.17442321777344,-224.42864990234375,1639.8519287109375,0.01797613315284252,0.799752950668335,-0.6000600457191467,-0.9981527924537659,-0.02047986537218094,-0.0571972131729126,-0.05803278833627701,0.599979817867279,0.7979075312614441
300,1648717150.704116,41.57052993774414,-55.5576286315918,1610.213134765625,0.9988564252853394,-0.04484875872731209,0.01656625047326088,0.04779806360602379,0.9446606636047363,-0.32454821467399597,-0.0010939016938209534,0.3249689042568207,0.9457240700721741
4,1648717150.7041435,-222.75634765625,-115.99282836914062,1657.3167724609375,-0.004941337741911411,-0.9967916011810303,-0.0798882320523262,-0.9979362487792969,-0.00019929891277570277,0.06421220302581787,-0.06402210891246796,0.08004065603017807,-0.994733452796936
410,1648717150.704162,-183.2946319580078,-224.47987365722656,1639.7772216796875,0.017832880839705467,0.8011158108711243,-0.5982436537742615,-0.9981058239936829,-0.020971642807126045,-0.0578356608748436,-0.05887921527028084,0.5981418490409851,0.7992243766784668
300,1648717150.753601,41.56885528564453,-55.560604095458984,1610.217529296875,0.9988556504249573,-0.044860705733299255,0.01657876744866371,0.047812964767217636,0.9447970390319824,-0.3241488039493561,-0.001122026820667088,0.32457053661346436,0.9458608031272888
4,1648717150.753628,-222.86764526367188,-115.97440338134766,1657.273681640625,-0.005827663000673056,-0.9967520833015442,-0.0803203284740448,-0.9978643655776978,0.0005707441596314311,0.0653175413608551,-0.06505955755710602,0.08052944391965866,-0.9946267008781433
410,1648717150.7536483,-183.55813598632812,-224.50099182128906,1639.5374755859375,0.016995765268802643,0.8017711639404297,-0.5973894596099854,-0.998055636882782,-0.022229958325624466,-0.058230116963386536,-0.05996716767549515,0.5972176194190979,0.7998344302177429
300,1648717150.7884028,41.56825256347656,-55.563533782958984,1610.21923828125,0.9988531470298767,-0.0448715016245842,0.01670122519135475,0.04786321148276329,0.9447190165519714,-0.32436874508857727,-0.0012230521533638239,0.3247961103916168,0.945783257484436
4,1648717150.788429,-222.99952697753906,-115.96698760986328,1657.259765625,-0.00682201748713851,-0.9967443346977234,-0.08033818006515503,-0.9978631734848022,0.0015648839762434363,0.06531951576471329,-0.0649811327457428,0.08061212301254272,-0.9946251511573792
410,1648717150.788447,-183.73912048339844,-224.57032775878906,1639.52490234375,0.016571693122386932,0.801314115524292,-0.5980142951011658,-0.9980124235153198,-0.023112338036298752,-0.05862569063901901,-0.06079909950494766,0.5977972149848938,0.7993384599685669
300,1648717150.8264844,41.56959915161133,-55.55533218383789,1610.2039794921875,0.9988572597503662,-0.044929105788469315,0.016294242814183235,0.047785401344299316,0.9447640180587769,-0.3242492079734802,-0.0008259869064204395,0.3246573209762573,0.9458313584327698
4,1648717150.8265116,-223.156005859375,-115.95769500732422,1657.242919921875,-0.008229859173297882,-0.9968432188034058,-0.07896742969751358,-0.9979031085968018,0.0031171857845038176,0.06465014815330505,-0.06419990956783295,0.07933390885591507,-0.9947786331176758
410,1648717150.8265302,-183.9622802734375,-224.64413452148438,1639.5130615234375,0.01579579897224903,0.8017879724502563,-0.5973998308181763,-0.9980422854423523,-0.02351735159754753,-0.05795248970389366,-0.060514871031045914,0.597145676612854,0.7998468279838562
300,1648717150.8757467,41.56935501098633,-55.55838394165039,1610.211669921875,0.9988545179367065,-0.04485009238123894,0.01667737402021885,0.047835152596235275,0.9447363615036011,-0.3243224322795868,-0.0012098300503566861,0.324748694896698,0.9457995891571045
4,1648717150.8757737,-223.3466339111328,-115.9747314453125,1657.2847900390625,-0.00977256614714861,-0.9968200325965881,-0.07908406853675842,-0.9979005455970764,0.0046582710929214954,0.06459697335958481,-0.06402315944433212,0.07954931259155273,-0.9947727918624878
410,1648717150.8757975,-184.2510528564453,-224.7500762939453,1639.541259765625,0.014811079949140549,0.8014536499977112,-0.5978735089302063,-0.9980753064155579,-0.024160757660865784,-0.0571129210293293,-0.060218434780836105,0.597568690776825,0.7995532751083374
300,1648717150.9102943,41.565406799316406,-55.55942153930664,1610.21630859375,0.998854398727417,-0.0448891744017601,0.01657717302441597,0.04783952236175537,0.9447521567344666,-0.3242756724357605,-0.0011048527667298913,0.32469725608825684,0.9458173513412476
4,1648717150.9103222,-223.469482421875,-115.98688507080078,1657.33349609375,-0.010670076124370098,-0.9967321753501892,-0.08006957173347473,-0.9979145526885986,0.005516337230801582,0.06431298702955246,-0.063661128282547,0.08058881759643555,-0.9947123527526855
410,1648717150.9103405,-184.41604614257812,-224.84890747070312,1639.6190185546875,0.01452124398201704,0.8011000156402588,-0.5983542799949646,-0.9980198740959167,-0.025014780461788177,-0.057711344212293625,-0.06120026111602783,0.5980075001716614,0.7991505265235901
300,1648717150.9451988,41.56696319580078,-55.55318069458008,1610.2169189453125,0.998857319355011,-0.044755976647138596,0.016760054975748062,0.04777272045612335,0.9448046684265137,-0.32413262128829956,-0.0013281065039336681,0.3245629370212555,0.9458631873130798
4,1648717150.9452262,-223.4859619140625,-115.99263000488281,1657.36572265625,-0.010669187642633915,-0.9966491460800171,-0.08109626919031143,-0.9979367852210999,0.005477769300341606,0.0639704018831253,-0.06331182271242142,0.08161146193742752,-0.9946512579917908
410,1648717150.9452453,-184.45440673828125,-224.9132080078125,1639.6346435546875,0.013839303515851498,0.8017539381980896,-0.5974939465522766,-0.998022735118866,-0.02556450292468071,-0.05742046236991882,-0.06131172180175781,0.5971072316169739,0.7998148798942566
300,1648717150.996036,41.569908142089844,-55.555213928222656,1610.2154541015625,0.9988566040992737,-0.0447903536260128,0.016713472083210945,0.04778992384672165,0.9448533058166504,-0.323988139629364,-0.0012802369892597198,0.3244164288043976,0.9459134936332703
4,1648717150.996061,-223.36387634277344,-115.9973373413086,1657.397705078125,-0.009460387751460075,-0.9967362880706787,-0.0801706314086914,-0.9978907704353333,0.0042612748220562935,0.06477517634630203,-0.06422213464975357,0.08061433583498001,-0.9946742653846741
410,1648717150.9960783,-184.32601928710938,-225.01309204101562,1639.601806640625,0.013173045590519905,0.8013107776641846,-0.5981032848358154,-0.9980617761611938,-0.025846213102340698,-0.056609559804201126,-0.060820553451776505,0.5976897478103638,0.7994171977043152
300,1648717151.0291166,41.57046890258789,-55.556060791015625,1610.19921875,0.9988541007041931,-0.04490991681814194,0.01654007099568844,0.047846827656030655,0.9448325634002686,-0.32404035329818726,-0.001074971747584641,0.3244604170322418,0.9458986520767212
4,1648717151.0291429,-223.2647705078125,-115.99543762207031,1657.3721923828125,-0.00866613443940878,-0.9967291355133057,-0.080348439514637,-0.997921884059906,0.0034898738376796246,0.06434059143066406,-0.06384973973035812,0.08073905110359192,-0.994688093662262
410,1648717151.0291612,-184.15650939941406,-225.05787658691406,1639.599853515625,0.013402053155004978,0.8016610741615295,-0.5976285338401794,-0.9981176853179932,-0.025046171620488167,-0.05598020553588867,-0.0598454587161541,0.5972538590431213,0.7998164296150208
300,1648717151.0656726,41.57118225097656,-55.54845428466797,1610.208251953125,0.9988560080528259,-0.04484885558485985,0.016589036211371422,0.04780501499772072,0.9448180794715881,-0.3240887224674225,-0.001138611463829875,0.32451102137565613,0.9458812475204468
4,1648717151.0656974,-223.15281677246094,-115.97876739501953,1657.328857421875,-0.0077669513411819935,-0.9966915845870972,-0.08090438693761826,-0.9979473352432251,0.0025826331693679094,0.06398811936378479,-0.06356748193502426,0.08123530447483063,-0.994665801525116
410,1648717151.0657156,-183.9610137939453,-225.10321044921875,1639.64501953125,0.01416662335395813,0.8012255430221558,-0.5981947183609009,-0.9980966448783875,-0.02457941323518753,-0.05655902996659279,-0.06001981347799301,0.5978574156761169,0.7993523478507996
300,1648717151.1132915,41.56985092163086,-55.54704284667969,1610.20556640625,0.9988558292388916,-0.044868431985378265,0.016547251492738724,0.04780974239110947,0.9448869228363037,-0.3238871693611145,-0.001102970913052559,0.32430773973464966,0.945950984954834
4,1648717151.113319,-222.98684692382812,-115.97767639160156,1657.320556640625,-0.006369882728904486,-0.9966024160385132,-0.08211643248796463,-0.9979004263877869,0.0010423411149531603,0.06475816667079926,-0.06445254385471344,0.0823565274477005,-0.9945166110992432
410,1648717151.1133518,-183.74246215820312,-225.18045043945312,1639.61865234375,0.014551086351275444,0.8011854887008667,-0.5982391834259033,-0.9980971813201904,-0.024215184152126312,-0.05670683830976486,-0.059919167309999466,0.5979259610176086,0.7993085980415344
300,1648717151.1624813,41.569183349609375,-55.552734375,1610.21435546875,0.9988554120063782,-0.04481758922338486,0.016709307208657265,0.04781484231352806,0.9447214603424072,-0.3243687152862549,-0.0012482177698984742,0.3247964084148407,0.9457831382751465
4,1648717151.162509,-222.9178924560547,-115.99649047851562,1657.3604736328125,-0.00592906353995204,-0.9967090487480164,-0.08084511756896973,-0.9979195594787598,0.0007071886211633682,0.06446731090545654,-0.06419797986745834,0.08105915039777756,-0.9946396350860596
410,1648717151.1625285,-183.61648559570312,-225.26718139648438,1639.622314453125,0.014734123833477497,0.8012351989746094,-0.5981680750846863,-0.9981367588043213,-0.023639854043722153,-0.05625133961439133,-0.059211160987615585,0.5978823304176331,0.7993940114974976
300,1648717151.197093,41.57090759277344,-55.547489166259766,1610.2156982421875,0.9988558888435364,-0.0448414646089077,0.016618920490145683,0.047808218747377396,0.9446793794631958,-0.32449233531951904,-0.001148839364759624,0.3249155879020691,0.9457423090934753
4,1648717151.1971185,-222.8941192626953,-116.00595092773438,1657.367919921875,-0.005877016112208366,-0.9967343211174011,-0.08053658157587051,-0.9979667067527771,0.0007345856865867972,0.06373351067304611,-0.06346622109413147,0.08074738830327988,-0.9947119951248169
410,1648717151.1971362,-183.54466247558594,-225.3730010986328,1639.705078125,0.014909058809280396,0.8004631400108337,-0.5991964936256409,-0.9981586337089539,-0.02332374081015587,-0.05599398538470268,-0.05879662558436394,0.5989279747009277,0.7986415028572083
300,1648717151.231964,41.566978454589844,-55.555946350097656,1610.228759765625,0.9988510012626648,-0.04479103162884712,0.017041102051734924,0.04789771884679794,0.9446708559989929,-0.32450398802757263,-0.0015633642906323075,0.3249473571777344,0.9457308053970337
4,1648717151.2319918,-222.85289001464844,-116.01304626464844,1657.384521484375,-0.005441691260784864,-0.9967554807662964,-0.08030477166175842,-0.9979440569877625,0.0002846952702384442,0.06408999115228653,-0.06385919451713562,0.0804884284734726,-0.9947078227996826
410,1648717151.23201,-183.47903442382812,-225.51185607910156,1639.7301025390625,0.014970001764595509,0.8001013398170471,-0.5996780395507812,-0.9981522560119629,-0.023364543914794922,-0.056090667843818665,-0.058889422565698624,0.5994096994400024,0.7982731461524963
300,1648717151.283287,41.56913757324219,-55.54989242553711,1610.2149658203125,0.9988523125648499,-0.044823210686445236,0.016881071031093597,0.047875452786684036,0.9448318481445312,-0.3240381181240082,-0.0014253446133807302,0.32447442412376404,0.945893406867981
4,1648717151.2833128,-222.73727416992188,-116.02415466308594,1657.429931640625,-0.004691564943641424,-0.9967904090881348,-0.07991752028465271,-0.9980009198188782,-0.00036968832137063146,0.0631987527012825,-0.06302545964717865,0.08005426079034805,-0.9947960376739502
410,1648717151.2833307,-183.36619567871094,-225.86854553222656,1639.7021484375,0.015173026360571384,0.8007084131240845,-0.5988621115684509,-0.9981275200843811,-0.023365117609500885,-0.05652930587530136,-0.059255972504615784,0.5985984802246094,0.7988545298576355
300,1648717151.3303914,41.5728759765625,-55.55121994018555,1610.197021484375,0.9988561272621155,-0.04493223503232002,0.01635502092540264,0.04780789464712143,0.9448352456092834,-0.3240382671356201,-0.0008930374751798809,0.3244495093822479,0.9459025859832764
4,1648717151.3304193,-222.603759765625,-116.02375793457031,1657.39453125,-0.0037518066819757223,-0.9968860149383545,-0.078766368329525,-0.9980358481407166,-0.0011927334126085043,0.06263405084609985,-0.06253296136856079,0.07884665578603745,-0.9949235320091248
410,1648717151.3304381,-183.1415557861328,-226.2975616455078,1639.774169921875,0.01544660422950983,0.8000696897506714,-0.5997081995010376,-0.9982054829597473,-0.02236521616578102,-0.0555480420589447,-0.05785490572452545,0.5994900465011597,0.7982884645462036
300,1648717151.3640192,41.57313537597656,-55.5483512878418,1610.1939697265625,0.9988582730293274,-0.04490523412823677,0.016300439834594727,0.04776512086391449,0.9446538090705872,-0.32457301020622253,-0.0008232452091760933,0.32498103380203247,0.9457201957702637
4,1648717151.364045,-222.51290893554688,-116.00374603271484,1657.3653564453125,-0.003066812874749303,-0.9969269037246704,-0.07827737182378769,-0.9979389309883118,-0.001966312760487199,0.06414066255092621,-0.06409746408462524,0.07831273972988129,-0.994866132736206
410,1648717151.3640635,-183.04794311523438,-226.55853271484375,1639.7587890625,0.016354305669665337,0.7993094325065613,-0.6006970405578613,-0.998191237449646,-0.021708568558096886,-0.05606251582503319,-0.05785157158970833,0.6005274057388306,0.7975086569786072
300,1648717151.3997598,41.57235336303711,-55.5528564453125,1610.2064208984375,0.9988555312156677,-0.044882528483867645,0.016526684165000916,0.04781656339764595,0.9448385834693909,-0.32402727007865906,-0.0010718852281570435,0.3244466781616211,0.9459033608436584
4,1648717151.3998032,-222.4795684814453,-115.99011993408203,1657.3135986328125,-0.0025626900605857372,-0.9969131350517273,-0.07847050577402115,-0.9978733062744141,-0.002561654429882765,0.06513258814811707,-0.06513254344463348,0.07847054302692413,-0.9947865009307861
410,1648717151.3998225,-182.9647674560547,-226.81842041015625,1639.67333984375,0.01665387488901615,0.7997063994407654,-0.6001602411270142,-0.9982104897499084,-0.021180136129260063,-0.05592166632413864,-0.0574323907494545,0.6000175476074219,0.7979226112365723
300,1648717151.4491396,41.575958251953125,-55.55386734008789,1610.2081298828125,0.9988530874252319,-0.044804465025663376,0.016883686184883118,0.0478585809469223,0.944830596446991,-0.32404425740242004,-0.0014335939195007086,0.3244806230068207,0.945891261100769
4,1648717151.4491677,-222.5120849609375,-115.97184753417969,1657.26708984375,-0.0027332266326993704,-0.9968419075012207,-0.07936478406190872,-0.9978627562522888,-0.00246279570274055,0.06529852002859116,-0.0652877613902092,0.07937363535165787,-0.9947046637535095
410,1648717151.449187,-182.9508056640625,-227.0972137451172,1639.6168212890625,0.016662996262311935,0.7994286417961121,-0.6005299091339111,-0.9982010722160339,-0.021295616403222084,-0.056046079844236374,-0.05759349837899208,0.600383460521698,0.7976356744766235
300,1648717151.4981372,41.5723991394043,-55.55043029785156,1610.2113037109375,0.9988564252853394,-0.04488534852862358,0.016466056928038597,0.047799933701753616,0.9447184205055237,-0.3243797719478607,-0.0009958896553143859,0.3247959017753601,0.9457836151123047
4,1648717151.4981644,-222.79006958007812,-115.98339080810547,1657.3128662109375,-0.004770911298692226,-0.9967550039291382,-0.08035343140363693,-0.9979134798049927,-0.00042834048508666456,0.06456360965967178,-0.06438852101564407,0.08049380034208298,-0.9946732521057129
410,1648717151.498183,-183.19740295410156,-227.0590362548828,1639.6441650390625,0.01700306311249733,0.8001580834388733,-0.5995481014251709,-0.9981005191802979,-0.021928245201706886,-0.0575714074075222,-0.059213265776634216,0.5993881821632385,0.7982653379440308
300,1648717151.529671,41.571311950683594,-55.55532455444336,1610.2120361328125,0.9988561868667603,-0.044864337891340256,0.016537491232156754,0.04780386760830879,0.9445334672927856,-0.32491740584373474,-0.0010430103866383433,0.3253363072872162,0.9455978274345398
4,1648717151.5296965,-222.9011688232422,-116.00115203857422,1657.345703125,-0.005822843872010708,-0.9966468214988708,-0.08161601424217224,-0.9979659914970398,0.0006103877094574273,0.06374556571245193,-0.06348199397325516,0.08182118833065033,-0.9946231842041016
410,1648717151.5297153,-183.34751892089844,-227.00413513183594,1639.531005859375,0.016191547736525536,0.7997738718986511,-0.6000829935073853,-0.9980278015136719,-0.02347664348781109,-0.058217983692884445,-0.06064915657043457,0.5998421311378479,0.7978164553642273
300,1648717151.5696225,41.56889343261719,-55.555442810058594,1610.212890625,0.9988545775413513,-0.04491541162133217,0.01649813912808895,0.04783876985311508,0.9447230100631714,-0.32436078786849976,-0.0010173735208809376,0.3247784972190857,0.9457895755767822
4,1648717151.5696464,-222.77574157714844,-116.00018310546875,1657.345947265625,-0.005591201595962048,-0.9967466592788696,-0.08040443807840347,-0.9979533553123474,0.0004397548909764737,0.06394465267658234,-0.06370125710964203,0.0805974081158638,-0.9947091341018677
410,1648717151.569664,-183.4944610595703,-226.99221801757812,1639.170654296875,0.01409209705889225,0.8012866973876953,-0.598114550113678,-0.9979258179664612,-0.026306314393877983,-0.058754242956638336,-0.0628131851553917,0.597701907157898,0.7992540001869202
300,1648717151.617046,41.574764251708984,-55.55268859863281,1610.204833984375,0.9988574981689453,-0.04497041925787926,0.016166137531399727,0.04778283089399338,0.9447904229164124,-0.3241724967956543,-0.0006954396958462894,0.3245745897293091,0.9458598494529724
4,1648717151.6170743,-222.86302185058594,-115.97779083251953,1657.291748046875,-0.006138359196484089,-0.9966496229171753,-0.08155906200408936,-0.9979418516159058,0.0008992284419946373,0.06411929428577423,-0.06383112818002701,0.08178479224443436,-0.9946038722991943
410,1648717151.6170928,-183.72500610351562,-226.77122497558594,1638.979248046875,0.013339133933186531,0.8021751046180725,-0.5969398021697998,-0.9980195760726929,-0.026021329686045647,-0.0572693906724453,-0.06147324666380882,0.5965215563774109,0.8002393841743469
300,1648717151.6481662,41.57307815551758,-55.55978012084961,1610.2120361328125,0.9988537430763245,-0.04481981694698334,0.01680486463010311,0.047847699373960495,0.9447894096374512,-0.324165940284729,-0.0013479997869580984,0.32459843158721924,0.9458509683609009
4,1648717151.6481922,-223.04022216796875,-115.96610260009766,1657.300048828125,-0.005933585576713085,-0.9966042637825012,-0.082126185297966,-0.9978169202804565,0.000498794368468225,0.06603900343179703,-0.06577378511428833,0.08233874291181564,-0.9944315552711487
410,1648717151.6482115,-183.8610076904297,-226.59686279296875,1639.3389892578125,0.013606256805360317,0.8014634847640991,-0.5978889465332031,-0.9980183243751526,-0.025852948427200317,-0.057367656379938126,-0.0614352747797966,0.5974846482276917,0.7995234727859497
300,1648717151.6864572,41.5693473815918,-55.55649185180664,1610.208251953125,0.9988547563552856,-0.044867511838674545,0.016616007313132286,0.047831904143095016,0.9446779489517212,-0.32449305057525635,-0.0011375808389857411,0.32491618394851685,0.945742130279541
4,1648717151.6864848,-222.9503631591797,-115.95223999023438,1657.24560546875,-0.005713404156267643,-0.9966970682144165,-0.08100824803113937,-0.997860312461853,0.0004061356303282082,0.06538081169128418,-0.06513196229934692,0.08120846748352051,-0.9945667386054993
410,1648717151.6865175,-183.86878967285156,-226.67059326171875,1639.3187255859375,0.011684583500027657,0.8015772104263306,-0.5977771282196045,-0.9981666207313538,-0.026154998689889908,-0.054582905024290085,-0.059387270361185074,0.5973189473152161,0.7998020052909851
300,1648717151.7359304,41.5731086730957,-55.55879592895508,1610.215087890625,0.9988538026809692,-0.04484414681792259,0.016736241057515144,0.04784860461950302,0.9447460770606995,-0.3242920935153961,-0.0012688954593613744,0.32472118735313416,0.9458089470863342
4,1648717151.7359579,-223.3290557861328,-115.9649658203125,1657.3001708984375,-0.008029637858271599,-0.996450662612915,-0.0837947279214859,-0.9979037642478943,0.0026036608032882214,0.06466261297464371,-0.06421493738889694,0.08413828909397125,-0.9943827986717224
410,1648717151.735977,-184.35543823242188,-226.1728973388672,1639.2384033203125,0.012450628913939,0.803072452545166,-0.5957513451576233,-0.997927188873291,-0.027640366926789284,-0.0581149160861969,-0.06313727051019669,0.5952399969100952,0.8010636568069458
