300,1648717498.9368663,41.670860290527344,-55.49264907836914,1610.1904296875,0.9988409876823425,-0.045516565442085266,0.01564960740506649,0.04813177138566971,0.944699764251709,-0.3243851661682129,-1.9282902940176427e-05,0.3247624337673187,0.9457955956459045
4,1648717498.9368904,-172.43453979492188,-98.80547332763672,1768.321533203125,0.07031356543302536,-0.9974902868270874,0.008316172286868095,-0.6807776689529419,-0.054078515619039536,-0.7304911017417908,0.7291074991226196,0.04570196941494942,-0.6828715801239014
410,1648717498.9369082,-161.13697814941406,-218.7515869140625,1860.22265625,0.051589444279670715,0.9977716207504272,-0.04231284558773041,-0.6920555830001831,0.06626474112272263,0.7187962532043457,0.719998300075531,-0.007799456361681223,0.6939319968223572
300,1648717498.9783416,41.665130615234375,-55.496238708496094,1610.1834716796875,0.9988388419151306,-0.045560505241155624,0.015660632401704788,0.04817691445350647,0.9445518851280212,-0.32480868697166443,6.168915206217207e-06,0.32518601417541504,0.945650041103363
4,1648717498.978366,-172.46917724609375,-98.82447052001953,1768.304931640625,0.07019294798374176,-0.9975090622901917,0.006969742011278868,-0.6803892850875854,-0.052984923124313354,-0.7309330105781555,0.72948157787323,0.04656420275568962,-0.682413637638092
410,1648717498.9783845,-160.968505859375,-217.1228485107422,1858.118896484375,0.05240263417363167,0.9976061582565308,-0.04512139782309532,-0.6928269267082214,0.06885932385921478,0.7178086042404175,0.7191973328590393,-0.00635374104604125,0.6947768330574036
300,1648717499.0259464,41.665096282958984,-55.493934631347656,1610.1895751953125,0.9988390803337097,-0.04552688077092171,0.01574200764298439,0.048171576112508774,0.9445610642433167,-0.3247828483581543,-8.293811697512865e-05,0.3251641094684601,0.9456576108932495
4,1648717499.025973,-172.46517944335938,-98.8332290649414,1768.2655029296875,0.07043005526065826,-0.9974966645240784,0.006326413247734308,-0.680708110332489,-0.05269666761159897,-0.7306569218635559,0.7291612029075623,0.047153767198324203,-0.6827155351638794
410,1648717499.0259917,-160.87515258789062,-215.44888305664062,1855.9642333984375,0.05313461646437645,0.9974488019943237,-0.047671958804130554,-0.6936469078063965,0.07120896130800247,0.7167867422103882,0.7183527946472168,-0.005018685944378376,0.6956609487533569
300,1648717499.0767274,41.67060470581055,-55.49203109741211,1610.1966552734375,0.9988393783569336,-0.04544560983777046,0.0159568153321743,0.04816441610455513,0.9447175860404968,-0.3243282735347748,-0.0003353876818437129,0.3247203826904297,0.9458100199699402
4,1648717499.0767658,-172.43212890625,-98.81999206542969,1768.28271484375,0.07063932716846466,-0.9974768161773682,0.007081281393766403,-0.6809507608413696,-0.053408682346343994,-0.730379045009613,0.7289143204689026,0.04677147790789604,-0.6830053329467773
410,1648717499.0767956,-160.7808380126953,-213.9290771484375,1854.054443359375,0.05448170378804207,0.9973459839820862,-0.048298366367816925,-0.6951428055763245,0.07260803878307343,0.7151954770088196,0.7168041467666626,-0.005390805192291737,0.6972537040710449
300,1648717499.1100938,41.65916442871094,-55.49614715576172,1610.1881103515625,0.9988359212875366,-0.045583326369524,0.01577942632138729,0.04823711887001991,0.9445651173591614,-0.32476139068603516,-0.00010099051723955199,0.325144499540329,0.9456643462181091
4,1648717499.1101196,-172.40472412109375,-98.82826232910156,1768.2640380859375,0.07039645314216614,-0.9974851608276367,0.008227108046412468,-0.680676281452179,-0.05406377092003822,-0.7305866479873657,0.729194164276123,0.04583071172237396,-0.6827704310417175
410,1648717499.1101377,-160.59828186035156,-213.26393127441406,1853.185302734375,0.05433611199259758,0.9973076581954956,-0.049244385212659836,-0.694837212562561,0.07318288832902908,0.7154337763786316,0.7171114683151245,-0.004657058510929346,0.6969429850578308
300,1648717499.1474867,41.65972900390625,-55.49795913696289,1610.203369140625,0.9988425970077515,-0.04551969841122627,0.015538201667368412,0.04809851944446564,0.9445776343345642,-0.32474541664123535,0.00010527569247642532,0.32511693239212036,0.9456738233566284
4,1648717499.1475139,-172.41404724121094,-98.82637023925781,1768.295166015625,0.07079838216304779,-0.9974611401557922,0.0076753743924200535,-0.6802857518196106,-0.05391040816903114,-0.7309616804122925,0.7295196652412415,0.046529460698366165,-0.6823753118515015
410,1648717499.1475348,-160.41334533691406,-212.4126434326172,1852.474853515625,0.055927574634552,0.9970872402191162,-0.051857031881809235,-0.6948291659355164,0.07616649568080902,0.715130090713501,0.7169969081878662,-0.003963713068515062,0.6970651149749756
300,1648717499.1965423,41.66724395751953,-55.49617004394531,1610.2098388671875,0.9988435506820679,-0.045499421656131744,0.015535011887550354,0.04807835817337036,0.944757878780365,-0.3242236375808716,7.516333425883204e-05,0.3245956003665924,0.9458528757095337
4,1648717499.1965728,-172.39964294433594,-98.81544494628906,1768.295654296875,0.07089637219905853,-0.99745112657547,0.008060215972363949,-0.6805211901664734,-0.0542745515704155,-0.7307155132293701,0.7292904853820801,0.04631993547081947,-0.6826345324516296
410,1648717499.196604,-160.44363403320312,-211.63018798828125,1851.8001708984375,0.056409262120723724,0.997054934501648,-0.05195605754852295,-0.6943389773368835,0.07657048106193542,0.7155629396438599,0.7174338698387146,-0.0042892643250525,0.6966133713722229
300,1648717499.2280948,41.658077239990234,-55.498172760009766,1610.2147216796875,0.9988402128219604,-0.04557327181100845,0.015532274730503559,0.04814723879098892,0.9445355534553528,-0.32486066222190857,0.00013417817535810173,0.32523173093795776,0.9456343054771423
4,1648717499.228121,-172.4207763671875,-98.81646728515625,1768.3023681640625,0.07089682668447495,-0.9974563121795654,0.007386609446257353,-0.6803451180458069,-0.05377008020877838,-0.7309167385101318,0.7294546961784363,0.046794235706329346,-0.6824266910552979
410,1648717499.22814,-160.6019287109375,-211.3135223388672,1851.4842529296875,0.05561946704983711,0.9971078038215637,-0.051792483776807785,-0.6944701075553894,0.07590345293283463,0.7155067920684814,0.7173686027526855,-0.003827773267403245,0.6966832876205444
300,1648717499.2679179,41.65810775756836,-55.496299743652344,1610.2080078125,0.9988417029380798,-0.045466259121894836,0.015751313418149948,0.04811717942357063,0.9448071122169495,-0.324074387550354,-0.00014750381524208933,0.3244569003582001,0.9459004402160645
4,1648717499.267942,-172.4697265625,-98.814453125,1768.33203125,0.07096520811319351,-0.9974597096443176,0.006168816704303026,-0.6805437803268433,-0.05293752998113632,-0.7307925820350647,0.7292627096176147,0.04766269400715828,-0.6825717687606812
410,1648717499.2679603,-160.71942138671875,-210.989501953125,1851.0567626953125,0.05554153770208359,0.9971661567687988,-0.05074213817715645,-0.6946812868118286,0.0750967338681221,0.7153868675231934,0.7171701788902283,-0.004484076052904129,0.6968836784362793
300,1648717499.3350403,41.65480422973633,-55.48389434814453,1610.248291015625,0.9988358616828918,-0.045412566512823105,0.016266213729977608,0.04823385179042816,0.9446027278900146,-0.3246523439884186,-0.0006218121852725744,0.3250589966773987,0.9456935524940491
4,1648717499.335067,-172.3995819091797,-98.81419372558594,1768.271728515625,0.07085040211677551,-0.997455894947052,0.007874170318245888,-0.680730402469635,-0.05412004515528679,-0.7305321097373962,0.729099690914154,0.04639830440282822,-0.6828329563140869
410,1648717499.335086,-160.51126098632812,-210.5554962158203,1850.3902587890625,0.05641476437449455,0.997073769569397,-0.05158780515193939,-0.6950501203536987,0.07631450146436691,0.7148995995521545,0.7167445421218872,-0.004474781919270754,0.6973214745521545
300,1648717499.3782227,41.650489807128906,-55.48725891113281,1610.2218017578125,0.9988431930541992,-0.04556265473365784,0.015372187830507755,0.048085350543260574,0.9448058009147644,-0.3240829408168793,0.0002423466939944774,0.3244472146034241,0.9459037780761719
4,1648717499.3782487,-172.3613739013672,-98.81744384765625,1768.245361328125,0.07108611613512039,-0.9974290132522583,0.009065423160791397,-0.6808277368545532,-0.055160269141197205,-0.7303636074066162,0.7289858460426331,0.04574671760201454,-0.6829984188079834
410,1648717499.378266,-160.33978271484375,-210.24696350097656,1849.741455078125,0.0572366788983345,0.997041642665863,-0.05130225419998169,-0.6954737305641174,0.07668624818325043,0.7144476771354675,0.7162683010101318,-0.005213242489844561,0.6978055238723755
300,1648717499.4256525,41.66461944580078,-55.488624572753906,1610.186767578125,0.9988417029380798,-0.045473214238882065,0.015730051323771477,0.04811687394976616,0.9447608590126038,-0.3242093622684479,-0.00011829558206954971,0.3245907127857208,0.9458545446395874
4,1648717499.4256804,-172.34561157226562,-98.819091796875,1768.2410888671875,0.07144392281770706,-0.9974092245101929,0.008404647000133991,-0.6809245347976685,-0.05492806434631348,-0.7302908301353455,0.7288604378700256,0.04645191505551338,-0.6830846667289734
410,1648717499.4256988,-159.87176513671875,-209.8297882080078,1849.1661376953125,0.058955300599336624,0.9968249201774597,-0.05351966246962547,-0.6952602863311768,0.07947342842817307,0.7143508791923523,0.7163361310958862,-0.004904674366116524,0.6977381110191345
300,1648717499.4745224,41.6702995300293,-55.492427825927734,1610.1856689453125,0.9988398551940918,-0.04543521627783775,0.01595619134604931,0.048154376447200775,0.9447222948074341,-0.3243161737918854,-0.0003387932665646076,0.3247082829475403,0.9458141326904297
4,1648717499.4745502,-172.25399780273438,-98.83842468261719,1768.1981201171875,0.07189489156007767,-0.9973740577697754,0.008721972815692425,-0.6813768148422241,-0.055498767644166946,-0.7298257350921631,0.7283933162689209,0.046527791768312454,-0.6835775971412659
410,1648717499.4745808,-159.1864471435547,-209.46571350097656,1848.8380126953125,0.06191150099039078,0.9964959025382996,-0.056239716708660126,-0.6941512823104858,0.08347830176353455,0.7149723172187805,0.7171617746353149,-0.005226136185228825,0.6968871355056763
300,1648717499.5094287,41.668556213378906,-55.48695755004883,1610.16064453125,0.9988448023796082,-0.0455806702375412,0.015215110965073109,0.048051103949546814,0.94455486536026,-0.32481878995895386,0.00043395155807957053,0.3251746594905853,0.9456538558006287
4,1648717499.5094552,-172.20864868164062,-98.83760070800781,1768.165771484375,0.07255157083272934,-0.9973292946815491,0.008399426005780697,-0.6816778779029846,-0.05573325231671333,-0.7295266389846802,0.7280463576316833,0.04720259830355644,-0.6839008331298828
410,1648717499.5094733,-158.63824462890625,-209.17556762695312,1848.8719482421875,0.06398327648639679,0.996109664440155,-0.06059423089027405,-0.6932377815246582,0.08804186433553696,0.7153111100196838,0.717863142490387,-0.0037617364432662725,0.6961740851402283
300,1648717499.5508492,41.67074966430664,-55.490779876708984,1610.189208984375,0.9988391995429993,-0.04542108252644539,0.016036463901400566,0.0481669045984745,0.9448502659797668,-0.3239412009716034,-0.00043829731293953955,0.32433760166168213,0.9459412693977356
4,1648717499.5508766,-172.12501525878906,-98.85216522216797,1768.13720703125,0.0733119323849678,-0.9972708225250244,0.008732525631785393,-0.6815608739852905,-0.05649177357554436,-0.7295776009559631,0.7280797362327576,0.047534991055727005,-0.6838423013687134
410,1648717499.5508955,-157.9861297607422,-208.8489990234375,1849.0797119140625,0.06696018576622009,0.9956833124160767,-0.0642738938331604,-0.6909553408622742,0.092746302485466,0.716923177242279,0.7197895646095276,-0.003594914684072137,0.6941829919815063
300,1648717499.6000612,41.672176361083984,-55.491485595703125,1610.181396484375,0.9988405704498291,-0.04538482427597046,0.016053974628448486,0.0481388121843338,0.9444642066955566,-0.3250691890716553,-0.0004091972077731043,0.3254651129245758,0.9455539584159851
4,1648717499.6000884,-172.04490661621094,-98.85481262207031,1768.11376953125,0.07367569953203201,-0.9972357749938965,0.009627790190279484,-0.6815773844718933,-0.057397741824388504,-0.7294914126396179,0.7280275821685791,0.04718370735645294,-0.6839221715927124
410,1648717499.6001077,-157.3182373046875,-208.51295471191406,1849.355712890625,0.06912612915039062,0.9951109290122986,-0.07053957879543304,-0.6881680488586426,0.09875699132680893,0.7187988758087158,0.7222508788108826,-0.0011447008000686765,0.6916302442550659
300,1648717499.6319299,41.66838836669922,-55.487464904785156,1610.1685791015625,0.9988424181938171,-0.04550408571958542,0.015594897791743279,0.04810220003128052,0.9446552395820618,-0.3245190680027008,3.514197305776179e-05,0.3248935639858246,0.9457505941390991
4,1648717499.6319563,-172.03976440429688,-98.83939361572266,1768.161376953125,0.07401219755411148,-0.9972131848335266,0.009384140372276306,-0.681782066822052,-0.05746413767337799,-0.7292948961257935,0.7278017401695251,0.047578778117895126,-0.6841351389884949
410,1648717499.631975,-157.005126953125,-208.2830047607422,1849.6649169921875,0.07007444649934769,0.994756281375885,-0.0744953453540802,-0.6866754293441772,0.10227153450250626,0.719734251499176,0.723578929901123,0.0007191394688561559,0.690241277217865
300,1648717499.6712658,41.67106628417969,-55.489845275878906,1610.172607421875,0.9988449215888977,-0.04546909034252167,0.015538214705884457,0.04805068299174309,0.9446496963500977,-0.3245428800582886,7.849887333577499e-05,0.3249146044254303,0.9457433819770813
4,1648717499.6712902,-172.02259826660156,-98.82523345947266,1768.1650390625,0.07403593510389328,-0.9972133040428162,0.009180926717817783,-0.6817721724510193,-0.05733118951320648,-0.7293146252632141,0.7278085947036743,0.047736190259456635,-0.6841168403625488
410,1648717499.6713078,-156.73989868164062,-208.0819854736328,1849.9786376953125,0.07124050706624985,0.9945042133331299,-0.07672169059515,-0.684769868850708,0.10469043254852295,0.7212004661560059,0.7252689599990845,0.001158015220426023,0.6884647011756897
300,1648717499.7187643,41.67161560058594,-55.49250793457031,1610.1888427734375,0.9988372921943665,-0.04553886502981186,0.015819568186998367,0.04820811003446579,0.9445990920066833,-0.32466673851013184,-0.0001581938995514065,0.3250519037246704,0.9456961750984192
4,1648717499.718791,-172.0638427734375,-98.82366180419922,1768.199951171875,0.07366377860307693,-0.9972443580627441,0.00879727117717266,-0.6813731789588928,-0.05676860362291336,-0.7297314405441284,0.7282199263572693,0.04776054993271828,-0.6836773157119751
410,1648717499.7188094,-156.62120056152344,-207.93722534179688,1850.29345703125,0.07223355770111084,0.9942174553871155,-0.07946047186851501,-0.6835654973983765,0.10736365616321564,0.7219496369361877,0.7263060808181763,0.0021674479357898235,0.6873679757118225
300,1648717499.7507114,41.66752243041992,-55.499576568603516,1610.184814453125,0.9988354444503784,-0.045476034283638,0.016112903133034706,0.048243921250104904,0.9446853399276733,-0.3244103789329529,-0.00046872696839272976,0.3248099386692047,0.9457792043685913
4,1648717499.7507374,-172.0901641845703,-98.83867645263672,1768.18505859375,0.07369176298379898,-0.9972487092018127,0.00803379900753498,-0.6813286542892456,-0.05622619017958641,-0.7298150062561035,0.7282587885856628,0.04830769822001457,-0.6835975050926208
410,1648717499.7507586,-156.700439453125,-207.96844482421875,1850.36328125,0.0720776692032814,0.994170606136322,-0.08018506318330765,-0.6837199926376343,0.10778208822011948,0.7217409014701843,0.7261761426925659,0.0028027298394590616,0.6875029802322388
300,1648717499.7876503,41.66872024536133,-55.49763870239258,1610.175537109375,0.9988387823104858,-0.045573942363262177,0.015621903352439404,0.04817701876163483,0.9444851875305176,-0.3250025808811188,5.699249595636502e-05,0.32537779211997986,0.9455841183662415
4,1648717499.7876775,-172.13717651367188,-98.84235382080078,1768.2242431640625,0.0732136219739914,-0.9972858428955078,0.007791674695909023,-0.681296706199646,-0.05571844056248665,-0.7298837304115295,0.7283368706703186,0.04812898859381676,-0.683526873588562
410,1648717499.7876956,-156.86355590820312,-208.18157958984375,1850.4921875,0.07167715579271317,0.9942289590835571,-0.079819455742836,-0.6849512457847595,0.10723643004894257,0.7206540107727051,0.7250546216964722,0.003018008079379797,0.6886847615242004
300,1648717499.8368201,41.67420196533203,-55.49343490600586,1610.177490234375,0.9988400340080261,-0.04543954133987427,0.01593206822872162,0.048150792717933655,0.9445557594299316,-0.3248012959957123,-0.00028990418650209904,0.3251916766166687,0.9456480741500854
4,1648717499.8368473,-172.14584350585938,-98.85385131835938,1768.1939697265625,0.07332149147987366,-0.9972798824310303,0.007534107193350792,-0.681360125541687,-0.05560824275016785,-0.7298329472541809,0.7282666563987732,0.04837900027632713,-0.6835840344429016
410,1648717499.8368654,-156.64219665527344,-208.70281982421875,1851.02099609375,0.07157837599515915,0.9938276410102844,-0.08475351333618164,-0.6853344440460205,0.1107407733798027,0.7197591066360474,0.7247021794319153,0.006565312389284372,0.6890309453010559
300,1648717499.8877158,41.6672248840332,-55.492149353027344,1610.186767578125,0.998839795589447,-0.04540529102087021,0.016044272109866142,0.04815461486577988,0.9447665810585022,-0.3241869807243347,-0.0004382888728287071,0.3245834708213806,0.9458569288253784
4,1648717499.8877406,-172.16098022460938,-98.85416412353516,1768.1845703125,0.07272563874721527,-0.9973182082176208,0.008205271326005459,-0.681239664554596,-0.05568226799368858,-0.7299396991729736,0.7284390926361084,0.04749557375907898,-0.6834622621536255
410,1648717499.8877583,-156.46092224121094,-209.2425994873047,1851.63671875,0.07065370678901672,0.9934322834014893,-0.09000169485807419,-0.6854605078697205,0.11390270292758942,0.7191453576087952,0.7246736288070679,0.01088232733309269,0.6890062689781189
300,1648717499.92042,41.66363525390625,-55.49199676513672,1610.1834716796875,0.9988406300544739,-0.0454164519906044,0.015960583463311195,0.048138100653886795,0.9446830153465271,-0.32443293929100037,-0.00034309885813854635,0.32482513785362244,0.9457740187644958
4,1648717499.9204457,-172.1846466064453,-98.86156463623047,1768.1558837890625,0.07246006280183792,-0.9973374009132385,0.008225134573876858,-0.6813072562217712,-0.055518828332424164,-0.7298890948295593,0.728402316570282,0.04728396609425545,-0.6835161447525024
410,1648717499.920464,-156.36871337890625,-209.56369018554688,1852.0272216796875,0.0703597143292427,0.9932743906974792,-0.09195391088724136,-0.6850786805152893,0.1151200607419014,0.7193153500556946,0.7250632643699646,0.012384839355945587,0.6885709166526794
300,1648717499.9567127,41.672210693359375,-55.49947738647461,1610.16015625,0.9988440275192261,-0.04561451077461243,0.015163187868893147,0.048066478222608566,0.9447265863418579,-0.3243166208267212,0.0004684766463469714,0.32467055320739746,0.945827066898346
4,1648717499.9567418,-172.20211791992188,-98.87725067138672,1768.171630859375,0.07272770255804062,-0.9973230361938477,0.007575687021017075,-0.6813069581985474,-0.055227313190698624,-0.7299114465713501,0.7283759117126465,0.04792341589927673,-0.6834996938705444
410,1648717499.9567597,-156.13328552246094,-209.85137939453125,1852.46240234375,0.07057461887598038,0.9930030703544617,-0.0946788564324379,-0.684248149394989,0.11725708842277527,0.719760537147522,0.7258262038230896,0.013987011276185513,0.687735915184021
300,1648717500.0040061,41.67466735839844,-55.496238708496094,1610.1507568359375,0.9988412857055664,-0.04544511064887047,0.0158372949808836,0.048125095665454865,0.9447718262672424,-0.3241761326789856,-0.0002304106019437313,0.324562668800354,0.9458641409873962
4,1648717500.0040343,-172.2928924560547,-98.89550018310547,1768.1995849609375,0.07327473163604736,-0.9973056316375732,0.003503941697999835,-0.6812303066253662,-0.05261722952127457,-0.730175793170929,0.7283927798271179,0.05111644044518471,-0.683250367641449
410,1648717500.0040529,-155.91668701171875,-210.15530395507812,1852.9986572265625,0.07131582498550415,0.9928653836250305,-0.09556325525045395,-0.6842917799949646,0.11840632557868958,0.7195309400558472,0.7257126569747925,0.014079204760491848,0.6878538727760315
300,1648717500.035231,41.67650604248047,-55.497276306152344,1610.15771484375,0.9988358616828918,-0.045326631516218185,0.016505399718880653,0.04823042452335358,0.944568932056427,-0.32475122809410095,-0.0008706077933311462,0.32516923546791077,0.9456554651260376
4,1648717500.035258,-172.32406616210938,-98.90733337402344,1768.187744140625,0.07373946160078049,-0.9972770810127258,0.0009394636726938188,-0.6816831231117249,-0.051091741770505905,-0.7298614382743835,0.7279220819473267,0.053179170936346054,-0.6835944652557373
410,1648717500.0352778,-155.7269744873047,-210.4788360595703,1853.328125,0.07140791416168213,0.9928280115127563,-0.09588272124528885,-0.6839649677276611,0.11870749294757843,0.7197919487953186,0.7260115742683411,0.014181582257151604,0.6875362396240234
300,1648717500.0746374,41.68503189086914,-55.49174880981445,1610.1273193359375,0.9988425374031067,-0.04543374106287956,0.015790274366736412,0.04809911176562309,0.9447206854820251,-0.3243290185928345,-0.00018191762501373887,0.3247131407260895,0.9458125233650208
4,1648717500.074664,-172.34857177734375,-98.92435455322266,1768.1331787109375,0.07424000650644302,-0.9972379803657532,-0.0021939019206911325,-0.6816484332084656,-0.04913970082998276,-0.7300278544425964,0.7279037237167358,0.05569274351000786,-0.6834138631820679
410,1648717500.0746834,-155.4611358642578,-210.9484405517578,1853.7020263671875,0.07222242653369904,0.9928953647613525,-0.09456601738929749,-0.6840848326683044,0.11831009387969971,0.7197434902191162,0.7258180975914001,0.012709555216133595,0.6877692937850952
300,1648717500.1254487,41.68354034423828,-55.49392318725586,1610.1373291015625,0.9988401532173157,-0.04536019265651703,0.016147779300808907,0.048145733773708344,0.9446604251861572,-0.3244975805282593,-0.0005348951672203839,0.3248986601829529,0.9457486867904663
4,1648717500.1254752,-172.30606079101562,-98.91361999511719,1768.128173828125,0.0748072937130928,-0.9971923232078552,-0.0033728505950421095,-0.6812645196914673,-0.04863651469349861,-0.7304198145866394,0.7282049655914307,0.0569385327398777,-0.6829901337623596
410,1648717500.125493,-155.22003173828125,-211.62730407714844,1854.3896484375,0.0730869323015213,0.9930055141448975,-0.09272699058055878,-0.6839919090270996,0.11757226288318634,0.7199526429176331,0.7258191108703613,0.01080537773668766,0.6878007650375366
300,1648717500.176246,41.67436218261719,-55.49502944946289,1610.1661376953125,0.9988337755203247,-0.045346491038799286,0.01657715067267418,0.048272132873535156,0.9447055459022522,-0.3243473172187805,-0.0009525137138552964,0.3247692883014679,0.9457927942276001
4,1648717500.1762729,-172.24266052246094,-98.89358520507812,1768.137939453125,0.07489515095949173,-0.9971905946731567,-0.001269936328753829,-0.6809006929397583,-0.05020933598279953,-0.7306526303291321,0.7285361289978027,0.055587038397789,-0.6827482581138611
410,1648717500.1762967,-155.13417053222656,-212.31591796875,1855.4273681640625,0.07448267191648483,0.9931448101997375,-0.09008743613958359,-0.6831997036933899,0.1166262999176979,0.7208581566810608,0.7264230847358704,0.00785626471042633,0.6872028708457947
300,1648717500.2253013,41.67030715942383,-55.49197006225586,1610.1839599609375,0.9988385438919067,-0.045378055423498154,0.016198324039578438,0.04817945510149002,0.9444228410720825,-0.3251834511756897,-0.0005418754881247878,0.3255861699581146,0.9455122351646423
4,1648717500.225329,-172.19924926757812,-98.84172821044922,1768.247314453125,0.07511062920093536,-0.9971749782562256,0.0007095918408595026,-0.6808550953865051,-0.05180421844124794,-0.7305837869644165,0.7285566329956055,0.05439147725701332,-0.6828227043151855
410,1648717500.2253475,-155.0650634765625,-212.79550170898438,1856.51123046875,0.07454363256692886,0.9930675625801086,-0.09088506549596786,-0.68138587474823,0.11726758629083633,0.7224690914154053,0.7281184792518616,0.008072331547737122,0.6854037642478943
300,1648717500.274597,41.664310455322266,-55.49162673950195,1610.18603515625,0.9988418817520142,-0.04548985883593559,0.015672463923692703,0.04811394214630127,0.9446538686752319,-0.32452136278152466,-4.2621915781637654e-05,0.3248995840549469,0.945748507976532
4,1648717500.2746236,-172.2358856201172,-98.80449676513672,1768.3681640625,0.07438965886831284,-0.9972275495529175,0.0018506183987483382,-0.6802442669868469,-0.05210063233971596,-0.7311314940452576,0.7292008399963379,0.05312975123524666,-0.6822340488433838
410,1648717500.2746427,-155.44371032714844,-213.0960693359375,1857.2025146484375,0.07317613065242767,0.9934460520744324,-0.08780789375305176,-0.6804262399673462,0.11410108208656311,0.7238792181015015,0.7291538715362549,0.006776116322726011,0.6843162178993225
300,1648717500.3096821,41.66183853149414,-55.49509811401367,1610.19677734375,0.9988401532173157,-0.04547560587525368,0.015820477157831192,0.0481485016644001,0.9447417855262756,-0.3242601752281189,-0.00020033751206938177,0.32464584708213806,0.9458356499671936
4,1648717500.309707,-172.2452392578125,-98.79641723632812,1768.368408203125,0.07416681945323944,-0.9972420930862427,0.0027334745973348618,-0.6802171468734741,-0.05259308964014053,-0.7311214804649353,0.7292488813400269,0.05236560106277466,-0.6822417974472046
410,1648717500.3097255,-155.78475952148438,-213.28756713867188,1857.510498046875,0.07293161749839783,0.9938734769821167,-0.08304508775472641,-0.6796309351921082,0.11046673357486725,0.7251888513565063,0.7299196720123291,0.0035508207511156797,0.6835237145423889
300,1648717500.347316,41.66299057006836,-55.49996566772461,1610.212890625,0.998837411403656,-0.045433543622493744,0.01611355133354664,0.04820438474416733,0.9443753957748413,-0.3253173828125,-0.0004369197122287005,0.32571592926979065,0.9454675912857056
4,1648717500.3473432,-172.23753356933594,-98.8027114868164,1768.348388671875,0.07365185022354126,-0.9972795844078064,0.0029745434876531363,-0.6797893047332764,-0.05238623172044754,-0.7315341234207153,0.7296998500823975,0.05185677483677864,-0.6817983388900757
410,1648717500.3473618,-155.82742309570312,-213.3695068359375,1857.7340087890625,0.0725802332162857,0.9939489364624023,-0.082447849214077,-0.6796501278877258,0.10979075729846954,0.7252734899520874,0.7299368381500244,0.0033951709046959877,0.683506190776825
300,1648717500.3966095,41.65531921386719,-55.49211120605469,1610.244873046875,0.9988393783569336,-0.045348890125751495,0.016227062791585922,0.04816090315580368,0.9446063041687012,-0.3246528208255768,-0.0006055422709323466,0.3250575363636017,0.9456940293312073
4,1648717500.396636,-172.27061462402344,-98.79569244384766,1768.3626708984375,0.07402573525905609,-0.9972554445266724,0.0013095518806949258,-0.6798218488693237,-0.05142347514629364,-0.7315722107887268,0.7296317219734192,0.053264908492565155,-0.6817626953125
410,1648717500.3966541,-155.67666625976562,-213.63296508789062,1857.857421875,0.07262273877859116,0.9939189553260803,-0.08277074247598648,-0.6797102093696594,0.1100551187992096,0.7251771688461304,0.729876697063446,0.003595771035179496,0.6835693717002869
300,1648717500.4459164,41.65837478637695,-55.486778259277344,1610.23046875,0.9988402128219604,-0.04548044502735138,0.015802547335624695,0.04814720153808594,0.9448356032371521,-0.3239869475364685,-0.00019573864119593054,0.3243720531463623,0.9459295868873596
4,1648717500.445944,-172.2777557373047,-98.79771423339844,1768.3336181640625,0.07418156415224075,-0.9972444772720337,0.0007426745723932981,-0.6800628304481506,-0.051132187247276306,-0.7313686609268188,0.72939133644104,0.05374900624155998,-0.6819819211959839
410,1648717500.4459755,-155.77291870117188,-214.04827880859375,1858.0159912109375,0.07230111211538315,0.9941492080688477,-0.08024880290031433,-0.6802441477775574,0.10799354314804077,0.7249864339828491,0.7294110059738159,0.002171454718336463,0.6840722560882568
300,1648717500.4952831,41.658226013183594,-55.490455627441406,1610.2269287109375,0.9988409280776978,-0.04544490948319435,0.015859851613640785,0.048132359981536865,0.9445904493331909,-0.324703186750412,-0.0002249555109301582,0.325090229511261,0.9456830024719238
4,1648717500.4953115,-172.26763916015625,-98.8060531616211,1768.289306640625,0.07355610281229019,-0.9972906708717346,0.0009056517155840993,-0.6802040934562683,-0.05083315446972847,-0.7312580943107605,0.7293229103088379,0.05317246913909912,-0.6821002960205078
410,1648717500.4953294,-155.7649383544922,-214.45774841308594,1858.3201904296875,0.07182362675666809,0.9942097067832947,-0.07992727309465408,-0.6798908710479736,0.10743361711502075,0.7254008650779724,0.7297875285148621,0.0022408978547900915,0.6836703419685364
300,1648717500.5445933,41.655574798583984,-55.48667907714844,1610.2423095703125,0.9988405108451843,-0.04551144689321518,0.01569421961903572,0.04814141243696213,0.9447309374809265,-0.324292927980423,-6.77743082633242e-05,0.3246724605560303,0.945826530456543
4,1648717500.5446215,-172.22113037109375,-98.8114242553711,1768.179443359375,0.0738021656870842,-0.9972727298736572,0.0005973477964289486,-0.6799877882003784,-0.050759948790073395,-0.7314643263816833,0.7294996976852417,0.05357746034860611,-0.681879460811615
410,1648717500.5446405,-155.5749969482422,-214.7584991455078,1858.699951171875,0.07224113494157791,0.994108259677887,-0.08080825954675674,-0.6785014271736145,0.10836640000343323,0.7265621423721313,0.7310383319854736,0.0023408483248203993,0.6823323965072632
300,1648717500.5956,41.6572265625,-55.49070739746094,1610.2410888671875,0.9988403916358948,-0.045465610921382904,0.015834512189030647,0.0481436587870121,0.9446531534194946,-0.3245190382003784,-0.00020366540411487222,0.32490503787994385,0.9457466006278992
4,1648717500.5956256,-172.19931030273438,-98.81002044677734,1768.11279296875,0.07537367194890976,-0.9971541166305542,-0.0015559137100353837,-0.6804335117340088,-0.050292398780584335,-0.731082022190094,0.7289232015609741,0.056163035333156586,-0.6822878122329712
410,1648717500.5956433,-155.6372833251953,-215.11790466308594,1859.0692138671875,0.07221264392137527,0.994247317314148,-0.07910524308681488,-0.6778188943862915,0.10710327327251434,0.7273859977722168,0.7316740155220032,0.001092561287805438,0.6816538572311401
300,1648717500.6435287,41.66284942626953,-55.48647689819336,1610.1976318359375,0.9988489747047424,-0.045714713633060455,0.014522545970976353,0.04795292392373085,0.9446315169334412,-0.3246102035045624,0.001121008419431746,0.3249329626560211,0.9457364082336426
4,1648717500.6435552,-172.20989990234375,-98.82250213623047,1768.114990234375,0.075638547539711,-0.9971325993537903,-0.0023102983832359314,-0.680709719657898,-0.04994262009859085,-0.7308488488197327,0.7286378145217896,0.05685298517346382,-0.6825354695320129
410,1648717500.6435733,-155.7059326171875,-215.40016174316406,1859.4036865234375,0.07313281297683716,0.9942620396614075,-0.07806757837533951,-0.6770082712173462,0.10697100311517715,0.7281599640846252,0.7323328256607056,-0.00039999335422180593,0.6809467673301697
300,1648717500.6952326,41.67693328857422,-55.475337982177734,1610.1270751953125,0.9988527894020081,-0.04581998661160469,0.013915976509451866,0.04785439744591713,0.9444496035575867,-0.32515373826026917,0.0017556020757183433,0.3254466652870178,0.9455587863922119
4,1648717500.6952615,-172.18634033203125,-98.82699584960938,1768.140869140625,0.07559290528297424,-0.9971380233764648,-0.0012041388545185328,-0.6806396842002869,-0.050716619938611984,-0.7308607697486877,0.7287079691886902,0.05606747046113014,-0.6825255751609802
410,1648717500.6952813,-155.67318725585938,-215.4340362548828,1859.729736328125,0.0744306743144989,0.9941401481628418,-0.07839294523000717,-0.677639365196228,0.10809412598609924,0.7274067401885986,0.7316180467605591,-0.0010192261543124914,0.6817140579223633
300,1648717500.7419226,41.69074630737305,-55.475711822509766,1610.0784912109375,0.9988496899604797,-0.04567312076687813,0.014604456722736359,0.047939643263816833,0.9444578886032104,-0.32511696219444275,0.0010558119975030422,0.3254431188106537,0.9455610513687134
4,1648717500.7419496,-172.2353515625,-98.83185577392578,1768.1798095703125,0.07546893507242203,-0.9971463680267334,-0.0018973728874698281,-0.6808853149414062,-0.05014242231845856,-0.7306715846061707,0.7284913659095764,0.05643489956855774,-0.6827265024185181
410,1648717500.7419682,-155.722412109375,-215.40782165527344,1859.87451171875,0.07479599863290787,0.9941879510879517,-0.0774330124258995,-0.6780928373336792,0.10764200985431671,0.7270511388778687,0.7311605215072632,-0.0018737473292276263,0.682202935218811
300,1648717500.7748752,41.68922424316406,-55.473533630371094,1610.0919189453125,0.9988462328910828,-0.04562671110033989,0.014981428161263466,0.04801825061440468,0.944362461566925,-0.3253825008869171,0.0006982344784773886,0.3257264494895935,0.9454637765884399
4,1648717500.7749023,-172.2250518798828,-98.81758117675781,1768.218994140625,0.07532698661088943,-0.9971585869789124,-0.000757443078327924,-0.6808233261108398,-0.050875477492809296,-0.7306786775588989,0.7285639643669128,0.05555550754070282,-0.6827211380004883
410,1648717500.7749197,-155.5204315185547,-215.42868041992188,1860.01318359375,0.07429008930921555,0.9942783117294312,-0.07675670832395554,-0.677962601184845,0.10680186748504639,0.7272964119911194,0.7313328385353088,-0.0019927406683564186,0.6820178031921387
300,1648717500.81449,41.687835693359375,-55.47550582885742,1610.0904541015625,0.9988409876823425,-0.04555371776223183,0.015542657114565372,0.048132121562957764,0.94452303647995,-0.3248993158340454,0.00011997450201306492,0.3252708613872528,0.9456208944320679
4,1648717500.8145175,-172.13519287109375,-98.83067321777344,1768.1854248046875,0.07503894716501236,-0.9971794486045837,0.001536248135380447,-0.6808485388755798,-0.05236014723777771,-0.7305502891540527,0.7285701632499695,0.05377377197146416,-0.6828572154045105
410,1648717500.814536,-155.29066467285156,-215.8277130126953,1860.1226806640625,0.07362797111272812,0.9942771792411804,-0.07740712910890579,-0.6761448979377747,0.10682302713394165,0.7289835214614868,0.7330805063247681,-0.0013351403176784515,0.6801405549049377
300,1648717500.86382,41.69335174560547,-55.47452163696289,1610.093505859375,0.9988434314727783,-0.045523080974817276,0.015475739724934101,0.04808131977915764,0.9444078207015991,-0.3252415359020233,0.00019058739417232573,0.3256094455718994,0.9455043077468872
4,1648717500.8638465,-172.09735107421875,-98.82075500488281,1768.1396484375,0.07588719576597214,-0.9971160888671875,0.0007891126442700624,-0.6808665990829468,-0.052396636456251144,-0.730530858039856,0.7284653782844543,0.05490065738558769,-0.6828792691230774
410,1648717500.8638663,-155.7449493408203,-215.81072998046875,1859.8135986328125,0.07678177207708359,0.994325578212738,-0.07362905144691467,-0.6778222918510437,0.10621321201324463,0.7275133728981018,0.7312055230140686,-0.005952352657914162,0.6821312308311462
300,1648717500.8985372,41.68587875366211,-55.48689651489258,1610.102294921875,0.9988461136817932,-0.04559627175331116,0.015081399120390415,0.04802199825644493,0.9443422555923462,-0.3254406452178955,0.0005968777113594115,0.32578936219215393,0.9454421997070312
4,1648717500.8985634,-172.1500244140625,-98.824951171875,1768.1400146484375,0.07496259361505508,-0.9971863627433777,-0.00014816425391472876,-0.6804308295249939,-0.051042161881923676,-0.7310325503349304,0.7289681434631348,0.054900914430618286,-0.682342529296875
410,1648717500.8985806,-155.70790100097656,-215.7935333251953,1859.7261962890625,0.07426496595144272,0.9947180151939392,-0.07085714489221573,-0.6791814565658569,0.10247831046581268,0.7267810702323914,0.7302035689353943,-0.005849514622241259,0.6832045912742615
300,1648717500.9329116,41.68264389038086,-55.491905212402344,1610.0924072265625,0.9988477826118469,-0.04562872275710106,0.01486981101334095,0.04798409715294838,0.9444860816001892,-0.32502850890159607,0.0007863071514293551,0.3253675401210785,0.9455872774124146
4,1648717500.9329388,-172.09634399414062,-98.81814575195312,1768.1065673828125,0.07594291120767593,-0.9971119165420532,0.0007449252880178392,-0.6814164519309998,-0.05244401842355728,-0.7300145626068115,0.7279452681541443,0.05493183061480522,-0.6834311485290527
410,1648717500.9329572,-155.5457763671875,-216.10110473632812,1859.78662109375,0.07691404223442078,0.9943639636039734,-0.0729697048664093,-0.6765931248664856,0.1058100014925003,0.7287153005599976,0.7323291301727295,-0.006677635014057159,0.6809180974960327
300,1648717500.9817636,41.693870544433594,-55.496028900146484,1610.0931396484375,0.9988441467285156,-0.04552038386464119,0.015435218811035156,0.04806559532880783,0.944439709186554,-0.3251512050628662,0.00022337341215461493,0.3255172669887543,0.9455360770225525
4,1648717500.9817913,-172.0685272216797,-98.81605529785156,1768.1546630859375,0.07588344812393188,-0.9971163272857666,0.0008730472181923687,-0.6806349754333496,-0.05243811383843422,-0.7307436466217041,0.7286822199821472,0.05485711991786957,-0.6826514005661011
410,1648717500.9818218,-155.2461700439453,-216.14112854003906,1859.9066162109375,0.07582367211580276,0.9943645000457764,-0.07409453392028809,-0.6756414175033569,0.10588473081588745,0.7295869588851929,0.7333208322525024,-0.005258623510599136,0.679862380027771
300,1648717501.0161588,41.69215393066406,-55.494747161865234,1610.0958251953125,0.9988387227058411,-0.045589886605739594,0.01557967346161604,0.04817838594317436,0.9446009993553162,-0.32466569542884827,8.489765605190769e-05,0.3250392973423004,0.9457005262374878
4,1648717501.0161846,-172.15167236328125,-98.81661987304688,1768.188720703125,0.07578718662261963,-0.9971240162849426,0.00015566284127999097,-0.6803300380706787,-0.051823146641254425,-0.731071412563324,0.7289769053459167,0.05529994145035744,-0.6823009848594666
410,1648717501.0162027,-155.43380737304688,-215.21688842773438,1859.7286376953125,0.07702706754207611,0.9942963123321533,-0.07376805692911148,-0.6801859140396118,0.10650133341550827,0.7252617478370667,0.7289814949035645,-0.005688794422894716,0.684509813785553
300,1648717501.051039,41.68370056152344,-55.49223327636719,1610.119384765625,0.9988442659378052,-0.04547965154051781,0.015545941889286041,0.04806318134069443,0.9446362257003784,-0.3245801627635956,7.653312786715105e-05,0.32495224475860596,0.945730447769165
4,1648717501.0510669,-172.11695861816406,-98.82341766357422,1768.1895751953125,0.07474346458911896,-0.9972019195556641,-0.0013272669166326523,-0.680544912815094,-0.05003606155514717,-0.7309958934783936,0.7288841009140015,0.055540431290864944,-0.6823805570602417
410,1648717501.0510993,-155.56423950195312,-215.8079376220703,1859.7474365234375,0.07514850795269012,0.9948237538337708,-0.06839881837368011,-0.6788957715034485,0.10128294676542282,0.7272154092788696,0.7303788065910339,-0.008213484659790993,0.6829929351806641
300,1648717501.1003942,41.68099594116211,-55.4936637878418,1610.142578125,0.998842716217041,-0.045524343848228455,0.015516657382249832,0.04809595271945,0.9447019696235657,-0.3243839144706726,0.00010874808504013345,0.3247548043727875,0.9457982182502747
4,1648717501.1004212,-172.10675048828125,-98.80315399169922,1768.21142578125,0.07610595971345901,-0.997099757194519,-7.615683716721833e-05,-0.6812496781349182,-0.05194219574332237,-0.7302060127258301,0.7280842661857605,0.055624913424253464,-0.683227002620697
410,1648717501.1004388,-155.38462829589844,-215.16958618164062,1859.6575927734375,0.07410173863172531,0.994762122631073,-0.070407435297966,-0.6799642443656921,0.10204456001520157,0.7261098623275757,0.7294912934303284,-0.0059314630925655365,0.6839643716812134
300,1648717501.1317647,41.679542541503906,-55.49235534667969,1610.1839599609375,0.9988423585891724,-0.04550618678331375,0.015593443997204304,0.048103708773851395,0.9446211457252502,-0.32461804151535034,4.223231371724978e-05,0.3249923586845398,0.9457166194915771
