4,1648717608.7568908,-157.00511169433594,-30.026601791381836,1544.166015625,-0.10234969854354858,-0.9860876798629761,0.13097959756851196,-0.5736644268035889,0.16608057916164398,0.8020762801170349,-0.8126707077026367,0.006953930016607046,-0.5826817154884338
300,1648717608.756918,41.60619354248047,-55.497535705566406,1610.155517578125,0.998767614364624,-0.045312006026506424,0.020251333713531494,0.04942367225885391,0.9453315138816833,-0.322344034910202,-0.004538169130682945,0.3229476809501648,0.9464059472084045
4,1648717608.7894306,-157.03575134277344,-30.139463424682617,1544.2086181640625,-0.1019703820347786,-0.9861396551132202,0.13088420033454895,-0.5742144584655762,0.16578629612922668,0.8017435073852539,-0.8123298287391663,0.006598487496376038,-0.583160936832428
300,1648717608.7894547,41.58609390258789,-55.49574279785156,1610.1383056640625,0.9987720251083374,-0.04539427533745766,0.019843650981783867,0.049371372908353806,0.9452167749404907,-0.32268819212913513,-0.004108354449272156,0.32327166199684143,0.946297287940979
4,1648717608.8215222,-157.06832885742188,-30.239999771118164,1544.2484130859375,-0.10195862501859665,-0.9862844347953796,0.12979774177074432,-0.5752260684967041,0.16490496695041656,0.8011999130249023,-0.8116152882575989,0.007026194594800472,-0.5841500163078308
300,1648717608.821549,41.583309173583984,-55.498775482177734,1610.1544189453125,0.9987671375274658,-0.04539482295513153,0.020086418837308884,0.04944908991456032,0.9453083276748657,-0.3224080502986908,-0.004352201707661152,0.3230038285255432,0.9463876485824585
4,1648717608.8722847,-157.06155395507812,-30.382530212402344,1544.3138427734375,-0.10203887522220612,-0.986454963684082,0.12843181192874908,-0.5764353275299072,0.16385382413864136,0.8005462288856506,-0.8107467889785767,0.007654204498976469,-0.5853469371795654
300,1648717608.8723087,41.62989807128906,-55.498294830322266,1610.15771484375,0.998764157295227,-0.04537682607769966,0.020276328548789024,0.04949367046356201,0.9452871084213257,-0.3224635124206543,-0.004534580744802952,0.3230685293674469,0.94636470079422
4,1648717608.9198308,-157.14682006835938,-30.311199188232422,1544.2901611328125,-0.10192245244979858,-0.9867303967475891,0.12639206647872925,-0.5760565996170044,0.16212601959705353,0.8011703491210938,-0.8110305666923523,0.008848258294165134,-0.5849368572235107
300,1648717608.919859,41.60793685913086,-55.49672317504883,1610.15673828125,0.9987640976905823,-0.04544816166162491,0.020116817206144333,0.049510788172483444,0.9452016949653625,-0.32271113991737366,-0.004347822163254023,0.3233083188533783,0.9462836980819702
4,1648717608.9515996,-157.1742706298828,-30.25319480895996,1544.2713623046875,-0.10222316533327103,-0.9865540266036987,0.1275210976600647,-0.5752579569816589,0.1632104218006134,0.8015239238739014,-0.8115594387054443,0.008576787076890469,-0.5842069387435913
300,1648717608.9516244,41.601341247558594,-55.4968147277832,1610.142333984375,0.9987682700157166,-0.0454377755522728,0.01993219554424286,0.049438174813985825,0.9454432129859924,-0.3220139145851135,-0.0042131636291742325,0.3226027190685272,0.9465250968933105
4,1648717608.99243,-157.18714904785156,-30.182098388671875,1544.2381591796875,-0.10242892801761627,-0.9865658283233643,0.1272641122341156,-0.5749531984329224,0.1631186306476593,0.801761269569397,-0.8117493987083435,0.008952636271715164,-0.5839372873306274
300,1648717608.9924564,41.6129150390625,-55.49470138549805,1610.1353759765625,0.9987669587135315,-0.045370470732450485,0.020152559503912926,0.049450017511844635,0.9451170563697815,-0.32296818494796753,-0.00439330842345953,0.3235664963722229,0.9461952447891235
4,1648717609.0417922,-157.25807189941406,-30.153411865234375,1544.2298583984375,-0.10230295360088348,-0.9868057370185852,0.12549330294132233,-0.5744959115982056,0.16160018742084503,0.802396297454834,-0.8120889663696289,0.009992111474275589,-0.583448052406311
300,1648717609.0418184,41.60051345825195,-55.496768951416016,1610.153564453125,0.9987669587135315,-0.04534032568335533,0.02021823823451996,0.049439605325460434,0.9453437924385071,-0.32230547070503235,-0.0044997502118349075,0.3229076564311981,0.9464197754859924
4,1648717609.0733657,-157.29835510253906,-30.13050079345703,1544.2186279296875,-0.10229013115167618,-0.9868823289871216,0.12490017712116241,-0.5743058323860168,0.16110798716545105,0.8026313185691833,-0.8122251033782959,0.010370365343987942,-0.5832520127296448
300,1648717609.0733895,41.59764862060547,-55.48939514160156,1610.1533203125,0.9987702369689941,-0.04534437879920006,0.020047103986144066,0.049389470368623734,0.9452497959136963,-0.32258883118629456,-0.004321930930018425,0.32318225502967834,0.9463268518447876
4,1648717609.110706,-157.2987518310547,-30.08665657043457,1544.2083740234375,-0.10239088535308838,-0.9869404435157776,0.12435701489448547,-0.5740267038345337,0.16072134673595428,0.8029084205627441,-0.8124096393585205,0.010826255194842815,-0.58298659324646
300,1648717609.110733,41.62333679199219,-55.49733352661133,1610.166015625,0.9987690448760986,-0.0453532412648201,0.02008741721510887,0.04941219836473465,0.9451514482498169,-0.3228732645511627,-0.004342302214354277,0.3234683573246002,0.9462290406227112
410,1648717609.1599998,-497.4150085449219,-30.686952590942383,1710.8271484375,0.08436013013124466,0.8557174801826477,-0.5105202794075012,-0.3598322868347168,0.5039351582527161,0.7852197885513306,0.9291954040527344,0.11746042966842651,0.3504268229007721
4,1648717609.160026,-157.27264404296875,-30.122257232666016,1544.2236328125,-0.10243713110685349,-0.9868891835212708,0.12472513318061829,-0.5741259455680847,0.16104911267757416,0.802771806716919,-0.8123337030410767,0.010625706985592842,-0.5830960869789124
300,1648717609.1600442,41.64018630981445,-55.499671936035156,1610.16796875,0.998769223690033,-0.04548167809844017,0.019786449149250984,0.04943540319800377,0.9452284574508667,-0.32264426350593567,-0.004028312396258116,0.32322531938552856,0.9463134407997131
4,1648717609.192953,-157.25083923339844,-30.169607162475586,1544.23681640625,-0.10285212844610214,-0.9868414402008057,0.12476139515638351,-0.5749150514602661,0.16133150458335876,0.8021501302719116,-0.8117229342460632,0.010775648057460785,-0.583943247795105
300,1648717609.192978,41.64521408081055,-55.5019645690918,1610.2017822265625,0.9987625479698181,-0.04528119042515755,0.020567866042256355,0.049497321248054504,0.9452891945838928,-0.32245680689811707,-0.004841354209929705,0.3230758011341095,0.94636070728302
410,1648717609.1929955,-497.505126953125,-39.66749954223633,1712.6258544921875,0.06017191335558891,0.8760570883750916,-0.47843846678733826,-0.3930193781852722,0.4613838195800781,0.7953997254371643,0.9175593256950378,0.14017486572265625,0.37206974625587463
4,1648717609.2328558,-157.20291137695312,-30.249616622924805,1544.280517578125,-0.10276379436254501,-0.9867562651634216,0.12550552189350128,-0.5753723978996277,0.16189044713974,0.8017094731330872,-0.8114100098609924,0.010174294002354145,-0.584388792514801
300,1648717609.2328823,41.67372131347656,-55.503814697265625,1610.1907958984375,0.9987632036209106,-0.045313481241464615,0.02046467922627926,0.04949438199400902,0.9453002214431763,-0.3224249482154846,-0.004735068418085575,0.32303905487060547,0.9463738203048706
410,1648717609.232901,-495.7653503417969,-50.922515869140625,1717.0626220703125,0.027363449335098267,0.8875552415847778,-0.45988795161247253,-0.4047292172908783,0.43050187826156616,0.8067604303359985,0.9140270948410034,0.16405433416366577,0.3709995448589325
4,1648717609.283547,-157.15524291992188,-30.244426727294922,1544.30078125,-0.10275858640670776,-0.9867190718650818,0.125802144408226,-0.5750616788864136,0.16212455928325653,0.8018850684165955,-0.81163090467453,0.010056580416858196,-0.5840840339660645
300,1648717609.2835715,41.69480514526367,-55.50433349609375,1610.2032470703125,0.9987612962722778,-0.04531584680080414,0.02055223286151886,0.04952483996748924,0.9453029632568359,-0.32241207361221313,-0.0048177107237279415,0.3230305314064026,0.9463762640953064
410,1648717609.2835886,-493.04412841796875,-66.20673370361328,1725.140625,0.005985649302601814,0.8849555850028992,-0.4656369388103485,-0.36490094661712646,0.4354691207408905,0.822930097579956,0.9310271143913269,0.16498558223247528,0.32552769780158997
4,1648717609.3157532,-157.13356018066406,-30.312681198120117,1544.329833984375,-0.10241562128067017,-0.9866020679473877,0.12699347734451294,-0.5754397511482239,0.16289635002613068,0.8014573454856873,-0.8114062547683716,0.009004652500152588,-0.5844132304191589
300,1648717609.3157785,41.696495056152344,-55.50439453125,1610.205078125,0.9987661838531494,-0.045325350016355515,0.02029029093682766,0.04945044592022896,0.9452197551727295,-0.3226674497127533,-0.00455376785248518,0.323272705078125,0.946294903755188
410,1648717609.3157964,-492.2562255859375,-75.1274642944336,1729.2855224609375,-0.009173816069960594,0.8862004280090332,-0.4632112979888916,-0.35251182317733765,0.4306260645389557,0.8308408856391907,0.9357624053955078,0.17090943455696106,0.30844563245773315
4,1648717609.3508997,-157.0783233642578,-30.462852478027344,1544.376953125,-0.10273764282464981,-0.9864611625671387,0.12782524526119232,-0.5769920349121094,0.16377690434455872,0.800160825252533,-0.8102623820304871,0.008452489972114563,-0.5860062837600708
300,1648717609.3509269,41.707828521728516,-55.50845718383789,1610.2108154296875,0.9987621307373047,-0.04547642171382904,0.02015055902302265,0.049549948424100876,0.9450880885124207,-0.32303765416145325,-0.004353457596153021,0.3236362338066101,0.9461715817451477
410,1648717609.3509457,-492.9163818359375,-86.90829467773438,1733.19873046875,-0.014226701110601425,0.8923900723457336,-0.45104050636291504,-0.33501195907592773,0.4207600951194763,0.8430467844009399,0.9421064853668213,0.16309773921966553,0.2929753363132477
4,1648717609.3999848,-157.12869262695312,-30.473726272583008,1544.38916015625,-0.10233064740896225,-0.9868102073669434,0.1254352331161499,-0.5770168304443359,0.16159959137439728,0.8005855083465576,-0.8102962374687195,0.009546199813485146,-0.5859426856040955
300,1648717609.4000106,41.716163635253906,-55.5070915222168,1610.2120361328125,0.9987607598304749,-0.04540543258190155,0.020377470180392265,0.049552761018276215,0.9453305602073669,-0.32232698798179626,-0.004628047812730074,0.32293733954429626,0.9464090466499329
4,1648717609.430044,-157.15391540527344,-30.53156089782715,1544.4075927734375,-0.10250300914049149,-0.9867877960205078,0.1254710853099823,-0.5774539113044739,0.16173499822616577,0.8002429008483887,-0.8099629878997803,0.009573535062372684,-0.5864028334617615
300,1648717609.4300692,41.704803466796875,-55.50896072387695,1610.21728515625,0.9987592697143555,-0.045375920832157135,0.020515985786914825,0.04956699162721634,0.9455030560493469,-0.32181835174560547,-0.004795122891664505,0.32243597507476807,0.946579098701477
4,1648717609.469206,-157.19021606445312,-30.628223419189453,1544.4698486328125,-0.10238491743803024,-0.987013578414917,0.12378024309873581,-0.5783694386482239,0.16030611097812653,0.799869179725647,-0.8093245029449463,0.010303827002644539,-0.5872713923454285
300,1648717609.4692326,41.710453033447266,-55.504302978515625,1610.22412109375,0.9987596273422241,-0.045369721949100494,0.02051415853202343,0.04956517741084099,0.9451891779899597,-0.3227393925189972,-0.004747163970023394,0.32335585355758667,0.9462655186653137
4,1648717609.518144,-157.2024383544922,-30.737234115600586,1544.509521484375,-0.10211789608001709,-0.9871830940246582,0.12264350801706314,-0.5788284540176392,0.1592339426279068,0.7997512817382812,-0.8090299963951111,0.010679365135729313,-0.5876703262329102
300,1648717609.518186,41.72239685058594,-55.51105499267578,1610.2437744140625,0.998755693435669,-0.04541570693254471,0.02060350403189659,0.04963820055127144,0.9451441168785095,-0.32286009192466736,-0.0048103611916303635,0.32348108291625977,0.9462224245071411
4,1648717609.5506737,-157.17498779296875,-30.76702308654785,1544.516357421875,-0.10217726230621338,-0.9869504570960999,0.1244533360004425,-0.5793198943138123,0.16074080765247345,0.7990937829017639,-0.808670699596405,0.009550923481583595,-0.5881840586662292
300,1648717609.5507133,41.701866149902344,-55.50560760498047,1610.242431640625,0.9987566471099854,-0.045426346361637115,0.020531661808490753,0.04962467402219772,0.9451690316200256,-0.3227892816066742,-0.004742752760648727,0.32340681552886963,0.9462481141090393
4,1648717609.5872505,-157.14663696289062,-30.715633392333984,1544.5023193359375,-0.10274171084165573,-0.9866999983787537,0.12596528232097626,-0.5785223841667175,0.16228826344013214,0.7993587255477905,-0.8091699481010437,0.009253744035959244,-0.5875018239021301
300,1648717609.587282,41.69766616821289,-55.511070251464844,1610.2523193359375,0.9987590312957764,-0.04544319957494736,0.020379509776830673,0.049592528492212296,0.945091962814331,-0.3230198323726654,-0.004581456538289785,0.3236296474933624,0.9461727142333984
4,1648717609.6362336,-157.1018829345703,-30.535213470458984,1544.4432373046875,-0.10347138345241547,-0.9863196611404419,0.1283247321844101,-0.5774176716804504,0.16461710631847382,0.7996811866760254,-0.8098657131195068,0.008647145703434944,-0.5865515470504761
300,1648717609.63626,41.71364974975586,-55.50798416137695,1610.24072265625,0.9987615346908569,-0.04540526494383812,0.020340027287602425,0.04953939467668533,0.94540935754776,-0.32209786772727966,-0.004604711662977934,0.32270658016204834,0.9464878439903259
4,1648717609.6704624,-157.12890625,-30.481718063354492,1544.421142578125,-0.10304933041334152,-0.9863709807395935,0.1282697319984436,-0.5766157507896423,0.1643163561820984,0.8003214597702026,-0.8104906678199768,0.008510243147611618,-0.5856897234916687
300,1648717609.6704862,41.70066452026367,-55.50571823120117,1610.2484130859375,0.9987654089927673,-0.045440975576639175,0.020068148151040077,0.0494888536632061,0.945157527923584,-0.3228438198566437,-0.004297223873436451,0.3234383761882782,0.9462394714355469
4,1648717609.7052495,-157.15078735351562,-30.469961166381836,1544.423828125,-0.10287143290042877,-0.9864616990089417,0.12771354615688324,-0.5764813423156738,0.16375930607318878,0.8005324006080627,-0.8106088638305664,0.008727437816560268,-0.5855229496955872
300,1648717609.7052763,41.69910430908203,-55.506385803222656,1610.237548828125,0.9987657070159912,-0.04543343931436539,0.020072253420948982,0.04948326572775841,0.945141613483429,-0.32289114594459534,-0.004301067907363176,0.3234858512878418,0.946223258972168
4,1648717609.7541816,-157.1085968017578,-30.460969924926758,1544.427001953125,-0.10307721793651581,-0.986380398273468,0.12817497551441193,-0.5764137506484985,0.16425368189811707,0.8004798293113708,-0.8106307983398438,0.008629417046904564,-0.5854939818382263
300,1648717609.7542112,41.71703338623047,-55.508750915527344,1610.259521484375,0.9987563490867615,-0.045272622257471085,0.020883304998278618,0.04959464818239212,0.945062518119812,-0.3231055736541748,-0.005108193028718233,0.3237394392490387,0.946132481098175
4,1648717609.803173,-156.9820556640625,-30.27002716064453,1544.329833984375,-0.10404262691736221,-0.9853864908218384,0.1348651647567749,-0.5748452544212341,0.17023654282093048,0.8003576993942261,-0.8116206526756287,0.005744720809161663,-0.5841565728187561
300,1648717609.803204,41.6945915222168,-55.503780364990234,1610.245849609375,0.9987647533416748,-0.04527703672647476,0.020468076691031456,0.04946046322584152,0.9453375339508057,-0.3223206400871277,-0.004755518399178982,0.3229348361492157,0.9464092254638672
4,1648717609.8358133,-156.918212890625,-30.048860549926758,1544.247802734375,-0.10464543104171753,-0.9847550392150879,0.13894899189472198,-0.5732287764549255,0.17389746010303497,0.8007299304008484,-0.8126857280731201,0.004143168218433857,-0.582687497138977
300,1648717609.8358386,41.6825065612793,-55.49992370605469,1610.245361328125,0.9987736940383911,-0.04534270614385605,0.0198790542781353,0.04933595284819603,0.9450672268867493,-0.32313141226768494,-0.0041353898122906685,0.3237158954143524,0.9461452960968018
4,1648717609.8779418,-156.78660583496094,-29.86859130859375,1544.186279296875,-0.10533582419157028,-0.9839649796485901,0.143934965133667,-0.5714542865753174,0.1783490926027298,0.8010191321372986,-0.8138454556465149,0.002123759128153324,-0.581077516078949
300,1648717609.8779728,41.69389343261719,-55.501075744628906,1610.2576904296875,0.9987714290618896,-0.04523605480790138,0.020231235772371292,0.04934841766953468,0.9451125860214233,-0.3229968547821045,-0.004509692080318928,0.3235984146595001,0.9461838006973267
4,1648717609.9252956,-156.8000030517578,-29.991905212402344,1544.197509765625,-0.10538776963949203,-0.9838708639144897,0.14453908801078796,-0.5727393627166748,0.1788737177848816,0.7999836206436157,-0.8129348158836365,0.0015252640005201101,-0.5823526382446289
300,1648717609.9253218,41.69587707519531,-55.49991989135742,1610.2117919921875,0.9987739324569702,-0.04537258669734001,0.019796624779701233,0.049336716532707214,0.945132851600647,-0.32293927669525146,-0.004057850688695908,0.3235200345516205,0.9462125897407532
4,1648717609.9765434,-157.00918579101562,-30.309268951416016,1544.3226318359375,-0.10454447567462921,-0.9852281212806702,0.13563178479671478,-0.5754961371421814,0.1711570918560028,0.7996933460235596,-0.8110947608947754,0.005547952838242054,-0.5848884582519531
300,1648717609.9765685,41.706825256347656,-55.50536346435547,1610.23291015625,0.9987656474113464,-0.04533767327666283,0.020290493965148926,0.04946053400635719,0.945335328578949,-0.3223271071910858,-0.00456776050850749,0.32293280959129333,0.9464108943939209
4,1648717610.0239708,-157.18804931640625,-30.491893768310547,1544.43212890625,-0.10357767343521118,-0.9863813519477844,0.12776337563991547,-0.5769329071044922,0.16421891748905182,0.8001128435134888,-0.8101975917816162,0.009162932634353638,-0.5860852599143982
300,1648717610.0239978,41.7277946472168,-55.505977630615234,1610.239013671875,0.9987653493881226,-0.04547145962715149,0.02000225894153118,0.04949309304356575,0.9454079866409302,-0.3221089541912079,-0.004263530485332012,0.32270124554634094,0.9464913010597229
4,1648717610.0586185,-157.24879455566406,-30.615270614624023,1544.4742431640625,-0.10351476818323135,-0.9865281581878662,0.1266764998435974,-0.5777936577796936,0.16331061720848083,0.7996774911880493,-0.8095920085906982,0.009585557505488396,-0.5869147777557373
300,1648717610.058655,41.71199417114258,-55.50524139404297,1610.246826171875,0.9987630248069763,-0.04542556032538414,0.020221395418047905,0.04952169954776764,0.9453107118606567,-0.3223898410797119,-0.004470761865377426,0.3229924738407135,0.9463909864425659
4,1648717610.1223035,-157.3186798095703,-30.37887191772461,1544.3985595703125,-0.10446581244468689,-0.9863148331642151,0.1275535672903061,-0.5762073993682861,0.1645609587430954,0.800565242767334,-0.8105997443199158,0.010134396143257618,-0.5855128765106201
300,1648717610.1223328,41.706844329833984,-55.50270462036133,1610.232421875,0.9987703561782837,-0.045429036021232605,0.019849123433232307,0.049407709389925,0.9450827240943909,-0.32307517528533936,-0.004082069732248783,0.3236585855484009,0.946165144443512
4,1648717610.1731663,-157.3968505859375,-30.14470672607422,1544.31494140625,-0.10473663359880447,-0.9865045547485352,0.12585316598415375,-0.5745391845703125,0.1633158177137375,0.802017867565155,-0.8117480874061584,0.011693072505295277,-0.5838906764984131
300,1648717610.1731906,41.700843811035156,-55.50442123413086,1610.2508544921875,0.9987685680389404,-0.045389026403427124,0.020028725266456604,0.049426715821027756,0.9451776146888733,-0.3227944076061249,-0.004279380198568106,0.32338687777519226,0.9462571740150452
4,1648717610.2209713,-157.40606689453125,-30.213396072387695,1544.32421875,-0.10498466342687607,-0.9865542650222778,0.1252552717924118,-0.5750067234039307,0.1629817932844162,0.8017507195472717,-0.811384916305542,0.0121489018201828,-0.5843859314918518
300,1648717610.2209992,41.69040298461914,-55.50643539428711,1610.2623291015625,0.998773992061615,-0.045370593667030334,0.019798215478658676,0.04933514818549156,0.945148766040802,-0.32289302349090576,-0.004062410444021225,0.3234739303588867,0.9462283849716187
4,1648717610.27238,-157.40357971191406,-30.161121368408203,1544.313720703125,-0.10526102036237717,-0.9863947033882141,0.12627612054347992,-0.5744593739509583,0.1639651656150818,0.8019425272941589,-0.8117367625236511,0.011872797273099422,-0.5839028358459473
300,1648717610.2724051,41.70270919799805,-55.50868225097656,1610.25341796875,0.9987717270851135,-0.045382194221019745,0.019888341426849365,0.04937630891799927,0.9450665712356567,-0.3231270909309387,-0.004131591413170099,0.32371219992637634,0.9461466073989868
4,1648717610.3198435,-157.43601989746094,-30.056446075439453,1544.2686767578125,-0.10578285157680511,-0.9862557649612427,0.1269233673810959,-0.5738207697868347,0.1647871434688568,0.8022311925888062,-0.8121204972267151,0.012031040154397488,-0.5833657383918762
300,1648717610.3198705,41.682579040527344,-55.50526428222656,1610.2332763671875,0.998772382736206,-0.04540959745645523,0.019792422652244568,0.049372635781764984,0.9449501633644104,-0.3234679400920868,-0.004014304373413324,0.3240480422973633,0.9460321068763733
4,1648717610.3542683,-157.4556121826172,-29.86179542541504,1544.18115234375,-0.10570667684078217,-0.9862754940986633,0.12683366239070892,-0.5725436806678772,0.1646505743265152,0.8031711578369141,-0.8130312561988831,0.012282738462090492,-0.5820904970169067
300,1648717610.354309,41.68519973754883,-55.50211715698242,1610.229736328125,0.998771071434021,-0.04534424468874931,0.02000747062265873,0.049379486590623856,0.9450265169143677,-0.3232437074184418,-0.004250349942594767,0.3238344192504883,0.9461042284965515
4,1648717610.3924754,-157.43362426757812,-29.64185905456543,1544.1121826171875,-0.10645263642072678,-0.985998809337616,0.12835167348384857,-0.5705906748771667,0.16629241406917572,0.804222047328949,-0.8143059015274048,0.012375292368233204,-0.5803040266036987
300,1648717610.3925016,41.697410583496094,-55.49785614013672,1610.2313232421875,0.9987753033638,-0.045285020023584366,0.019927557557821274,0.04929528757929802,0.9452062845230103,-0.3227306604385376,-0.004220788832753897,0.3233177363872528,0.9462810754776001
4,1648717610.4243848,-157.43055725097656,-29.583627700805664,1544.0816650390625,-0.10698986798524857,-0.9858120679855347,0.1293356567621231,-0.5701349377632141,0.16740038990974426,0.8043153882026672,-0.8145546913146973,0.012314822524785995,-0.5799560546875
300,1648717610.42441,41.683311462402344,-55.49598693847656,1610.2247314453125,0.9987767338752747,-0.04530348628759384,0.019815314561128616,0.04927902668714523,0.9450052380561829,-0.32332128286361694,-0.004077994264662266,0.32390227913856506,0.9460817575454712
4,1648717610.4907753,-157.4627227783203,-29.645021438598633,1544.1268310546875,-0.10642332583665848,-0.9860967993736267,0.12762141227722168,-0.5706950426101685,0.1656813621520996,0.8042740821838379,-0.814236581325531,0.012760616838932037,-0.5803929567337036
300,1648717610.4908075,41.69087219238281,-55.50214767456055,1610.238037109375,0.9987688064575195,-0.04525188356637955,0.020325621590018272,0.04939557984471321,0.9449945688247681,-0.32333478331565857,-0.004576093051582575,0.3239406943321228,0.9460663199424744
4,1648717610.5401785,-157.5107879638672,-29.83228302001953,1544.1932373046875,-0.10648620873689651,-0.9862111210823059,0.12668205797672272,-0.5725893378257751,0.16498242318630219,0.8030705451965332,-0.8128973841667175,0.012979145161807537,-0.5822622776031494
300,1648717610.5402052,41.69797134399414,-55.50109100341797,1610.253173828125,0.9987720847129822,-0.04537719488143921,0.01988113857805729,0.049372266978025436,0.9448286890983582,-0.3238227069377899,-0.004090102855116129,0.3244066536426544,0.9459088444709778
4,1648717610.5913677,-157.62062072753906,-29.880836486816406,1544.2303466796875,-0.1062331423163414,-0.986556351184845,0.12418143451213837,-0.57280433177948,0.16280211508274078,0.8033621311187744,-0.8127790093421936,0.01421202439814806,-0.5823987126350403
300,1648717610.5913925,41.67598342895508,-55.50123977661133,1610.26708984375,0.9987691640853882,-0.04534178227186203,0.02010696940124035,0.04941358044743538,0.9447100162506104,-0.32416239380836487,-0.004297154024243355,0.3247569501399994,0.9457877278327942
4,1648717610.638731,-157.70571899414062,-29.935565948486328,1544.271240234375,-0.10615400224924088,-0.986983060836792,0.12081308662891388,-0.5731624364852905,0.16001978516578674,0.8036656379699707,-0.812536895275116,0.01606680266559124,-0.5826883316040039
300,1648717610.6387646,41.710594177246094,-55.50521469116211,1610.2913818359375,0.9987619519233704,-0.04528813436627388,0.020581061020493507,0.049516040831804276,0.9447576999664307,-0.3240078389644623,-0.004770404659211636,0.32462579011917114,0.9458305239677429
4,1648717610.6894674,-157.83128356933594,-29.9388484954834,1544.27099609375,-0.10643438249826431,-0.9872242212295532,0.11857516318559647,-0.5729970335960388,0.15835753083229065,0.8041127324104309,-0.8126168251037598,0.017642030492424965,-0.582531213760376
300,1648717610.6894922,41.686073303222656,-55.50739288330078,1610.287841796875,0.9987694025039673,-0.04532714933156967,0.020127318799495697,0.04940277710556984,0.9449771642684937,-0.3233844041824341,-0.004361763596534729,0.32398080825805664,0.9460536241531372
4,1648717610.7372575,-157.8824462890625,-29.873903274536133,1544.2269287109375,-0.10649318993091583,-0.9872345328330994,0.11843623965978622,-0.5724955797195435,0.15826772153377533,0.8044875264167786,-0.8129624724388123,0.017868218943476677,-0.58204185962677
300,1648717610.7372844,41.68789291381836,-55.50741195678711,1610.2674560546875,0.9987730383872986,-0.04534061253070831,0.019914671778678894,0.049346502870321274,0.9449889659881592,-0.3233586251735687,-0.0041578663513064384,0.323944628238678,0.9460669159889221
4,1648717610.7882166,-157.9019012451172,-29.734281539916992,1544.19091796875,-0.10694222152233124,-0.9872381687164307,0.11800089478492737,-0.5714648962020874,0.15815140306949615,0.8052428364753723,-0.8136284351348877,0.018681082874536514,-0.5810850262641907
300,1648717610.7882414,41.70576477050781,-55.50443649291992,1610.239013671875,0.9987719655036926,-0.0453818179666996,0.019874684512615204,0.049368418753147125,0.945310115814209,-0.32241517305374146,-0.004155952949076891,0.323000431060791,0.9463896751403809
4,1648717610.8197246,-157.9275360107422,-29.68145751953125,1544.1805419921875,-0.1072639673948288,-0.9872040152549744,0.11799433827400208,-0.5708038806915283,0.15831805765628815,0.8056787848472595,-0.8140499591827393,0.019068675115704536,-0.5804817080497742
300,1648717610.8197515,41.67976760864258,-55.500370025634766,1610.2373046875,0.9987783432006836,-0.04538388177752495,0.019547443836927414,0.04926218464970589,0.9455228447914124,-0.32180702686309814,-0.003877701936289668,0.3223768472671509,0.9466034770011902
4,1648717610.8614187,-157.91990661621094,-29.61062240600586,1544.115234375,-0.10779065638780594,-0.9869453310966492,0.1196664571762085,-0.5705406069755554,0.15998315811157227,0.8055363297462463,-0.814164936542511,0.018554717302322388,-0.5803371071815491
300,1648717610.861459,41.67858123779297,-55.501007080078125,1610.2552490234375,0.9987814426422119,-0.045373279601335526,0.019412409514188766,0.049212727695703506,0.9451688528060913,-0.32285287976264954,-0.0036991110537201166,0.32341480255126953,0.9462500810623169
4,1648717610.9086053,-157.96127319335938,-29.515893936157227,1544.0771484375,-0.10816019773483276,-0.9870230555534363,0.11868799477815628,-0.5700830817222595,0.15938858687877655,0.805978000164032,-0.8144363760948181,0.01951272040605545,-0.5799246430397034
300,1648717610.9086452,41.705440521240234,-55.49666976928711,1610.1900634765625,0.9987846612930298,-0.04547502472996712,0.01900462992489338,0.0491756908595562,0.9453116059303284,-0.3224402070045471,-0.0033023208379745483,0.32298290729522705,0.9463990330696106
4,1648717610.9404185,-158.0574493408203,-29.442989349365234,1544.087158203125,-0.10811909288167953,-0.987235426902771,0.11694639921188354,-0.5692580938339233,0.15792161226272583,0.8068494200706482,-0.8150187134742737,0.02066314034163952,-0.5790660977363586
300,1648717610.9404442,41.685489654541016,-55.49523162841797,1610.20166015625,0.9987787008285522,-0.04533497244119644,0.01964404247701168,0.04925258085131645,0.9450690746307373,-0.32313862442970276,-0.003915497567504644,0.32371148467063904,0.9461477398872375
4,1648717610.979669,-158.13755798339844,-29.373950958251953,1544.06396484375,-0.10814934223890305,-0.9874950647354126,0.11470471322536469,-0.5689759850502014,0.15609930455684662,0.8074028491973877,-0.8152116537094116,0.02205585315823555,-0.578743040561676
300,1648717610.9796927,41.67831802368164,-55.50117874145508,1610.2071533203125,0.9987789392471313,-0.04547542706131935,0.019302139058709145,0.04927261173725128,0.9452666640281677,-0.3225572407245636,-0.0035772398114204407,0.32311445474624634,0.9463531374931335
4,1648717611.0268776,-158.20472717285156,-29.402353286743164,1544.073974609375,-0.10794905573129654,-0.987755537033081,0.11263205111026764,-0.5691055059432983,0.15429189801216125,0.8076589107513428,-0.8151478171348572,0.02308649569749832,-0.5787928104400635
300,1648717611.026904,41.70045852661133,-55.501338958740234,1610.2080078125,0.9987859129905701,-0.045457564294338226,0.018981223925948143,0.04915209487080574,0.9452646374702454,-0.32258152961730957,-0.003278509248048067,0.32312285900115967,0.9463513493537903
4,1648717611.0569656,-158.28775024414062,-29.413936614990234,1544.0811767578125,-0.10794061422348022,-0.9880856871604919,0.10970617085695267,-0.5688415169715881,0.15188628435134888,0.8083006143569946,-0.8153331875801086,0.024843042716383934,-0.578458845615387
300,1648717611.0569909,41.687931060791016,-55.49923324584961,1610.2244873046875,0.9987839460372925,-0.04540833458304405,0.01920074224472046,0.04917557165026665,0.9453433752059937,-0.32234713435173035,-0.0035140488762408495,0.32289934158325195,0.9464268088340759
4,1648717611.0961318,-158.40866088867188,-29.401453018188477,1544.081298828125,-0.10799748450517654,-0.9884443283081055,0.10636916756629944,-0.5690756440162659,0.1491968184709549,0.8086366653442383,-0.8151622414588928,0.02679862640798092,-0.5786124467849731
300,1648717611.0961585,41.677459716796875,-55.503787994384766,1610.21826171875,0.9987806677818298,-0.045427482575178146,0.01932690292596817,0.04923728108406067,0.9450852870941162,-0.3230935335159302,-0.00358824641443789,0.32365119457244873,0.9461696743965149
4,1648717611.1453683,-158.49777221679688,-29.47386360168457,1544.132568359375,-0.10747169703245163,-0.9887803792953491,0.10374574363231659,-0.5694217085838318,0.14675691723823547,0.8088394999504089,-0.8149900436401367,0.02785227820277214,-0.5788052082061768
300,1648717611.145395,41.700740814208984,-55.50515365600586,1610.2166748046875,0.9987767934799194,-0.04538409411907196,0.01962606981396675,0.049294259399175644,0.9449822902679443,-0.32338613271713257,-0.003869702573865652,0.32395800948143005,0.9460635185241699
4,1648717611.1769178,-158.5565185546875,-29.462194442749023,1544.1307373046875,-0.10725343227386475,-0.989041805267334,0.1014544740319252,-0.5692923665046692,0.14475104212760925,0.8092918992042542,-0.815109133720398,0.0290420763194561,-0.5785789489746094
300,1648717611.1769428,41.697181701660156,-55.5024528503418,1610.21728515625,0.9987829923629761,-0.04544864967465401,0.019156862050294876,0.04920286685228348,0.9450308680534363,-0.32325804233551025,-0.0034121829085052013,0.3238072097301483,0.9461169242858887
4,1648717611.214511,-158.5926971435547,-29.461366653442383,1544.114990234375,-0.10738343000411987,-0.9890760779380798,0.10098174959421158,-0.5695229172706604,0.14444805681705475,0.8091837763786316,-0.8149309158325195,0.029381509870290756,-0.578812837600708
300,1648717611.2145367,41.683597564697266,-55.50478744506836,1610.22802734375,0.9987776279449463,-0.045352764427661896,0.019656889140605927,0.049274131655693054,0.9450223445892334,-0.32327207922935486,-0.00391491549089551,0.3238455057144165,0.9461019039154053
4,1648717611.263406,-158.61273193359375,-29.504371643066406,1544.1458740234375,-0.10726135969161987,-0.9891999363899231,0.09989241510629654,-0.5698480010032654,0.14349780976772308,0.8091239929199219,-0.8147197365760803,0.029864253476262093,-0.5790853500366211
300,1648717611.2634325,41.69913864135742,-55.504886627197266,1610.214111328125,0.9987804889678955,-0.045422833412885666,0.019346129149198532,0.04923887923359871,0.9451053142547607,-0.32303479313850403,-0.003610974410548806,0.3235934376716614,0.9461893439292908
4,1648717611.2965117,-158.66587829589844,-29.529460906982422,1544.15234375,-0.10748548805713654,-0.9893915057182312,0.09773077815771103,-0.570563018321991,0.14188727736473083,0.8089041113853455,-0.814189612865448,0.0311838798224926,-0.5797610282897949
300,1648717611.296549,41.70370101928711,-55.50505828857422,1610.229248046875,0.9987802505493164,-0.04543112590909004,0.01934012956917286,0.04924473166465759,0.9451096653938293,-0.32302114367485046,-0.0036033301148563623,0.3235795199871063,0.9461941123008728
4,1648717611.332675,-158.755615234375,-29.53493309020996,1544.145751953125,-0.10700486600399017,-0.9897659420967102,0.09441022574901581,-0.5703467726707458,0.13888362050056458,0.8095775842666626,-0.8144043684005737,0.0327821783721447,-0.5793710350990295
300,1648717611.3327022,41.68958282470703,-55.50263977050781,1610.21484375,0.9987832307815552,-0.04541926831007004,0.019213944673538208,0.04919188469648361,0.9451858401298523,-0.32280629873275757,-0.003499123500660062,0.3233586847782135,0.9462699890136719
4,1648717611.383396,-158.84878540039062,-29.547269821166992,1544.146484375,-0.10681121796369553,-0.9902437925338745,0.08949077874422073,-0.570867121219635,0.13476897776126862,0.8099061846733093,-0.814065158367157,0.03541972488164902,-0.5796924233436584
300,1648717611.38342,41.698612213134766,-55.50225830078125,1610.2281494140625,0.9987773299217224,-0.045514605939388275,0.01929462142288685,0.04930819198489189,0.9451804757118225,-0.3228042423725128,-0.003544592298567295,0.32336094975471497,0.9462690353393555
4,1648717611.414194,-158.89305114746094,-29.514286041259766,1544.1253662109375,-0.10680856555700302,-0.9903334975242615,0.0884958878159523,-0.5705575942993164,0.13394001126289368,0.8102617263793945,-0.8142824769020081,0.03605089709162712,-0.5793482661247253
300,1648717611.4142203,41.708351135253906,-55.50525665283203,1610.2247314453125,0.9987741112709045,-0.045358989387750626,0.019820094108581543,0.04933297634124756,0.9450116753578186,-0.32329434156417847,-0.004065914079546928,0.3238758146762848,0.9460908770561218
4,1648717611.450686,-158.97645568847656,-29.43195343017578,1544.1177978515625,-0.10710198432207108,-0.9905710816383362,0.08542867749929428,-0.5699331164360046,0.13157179951667786,0.8110888600349426,-0.8146811723709106,0.03818058967590332,-0.5786508917808533
300,1648717611.450713,41.696781158447266,-55.495872497558594,1610.1871337890625,0.9987818598747253,-0.04546251893043518,0.019181223586201668,0.04922402650117874,0.9450159072875977,-0.32329845428466797,-0.0034285990986973047,0.32384881377220154,0.9461026191711426
4,1648717611.4997146,-158.9518585205078,-29.40894317626953,1544.1112060546875,-0.1071373000741005,-0.9904565811157227,0.08670300245285034,-0.5698516368865967,0.13263195753097534,0.8109734058380127,-0.8147335052490234,0.037477653473615646,-0.5786231160163879
300,1648717611.4997401,41.70016098022461,-55.5006217956543,1610.19482421875,0.9987761378288269,-0.0452888198196888,0.01987754926085472,0.04928375408053398,0.9451262354850769,-0.32296672463417053,-0.004160011187195778,0.32355108857154846,0.9462015628814697
4,1648717611.5294838,-158.8897247314453,-29.377113342285156,1544.0927734375,-0.10731741040945053,-0.9902636408805847,0.08866169303655624,-0.5696663856506348,0.13433203101158142,0.8108237385749817,-0.8148393630981445,0.03650791570544243,-0.5785360932350159
300,1648717611.5295095,41.709083557128906,-55.49867630004883,1610.2012939453125,0.9987761378288269,-0.04533292353153229,0.019777841866016388,0.04929281771183014,0.9451584815979004,-0.32287102937698364,-0.00405650632455945,0.3234507739543915,0.9462363123893738
4,1648717611.5688045,-158.86398315429688,-29.416624069213867,1544.099853515625,-0.10759765654802322,-0.9900175333023071,0.0910387858748436,-0.5697331428527832,0.13644403219223022,0.8104240894317627,-0.8147557377815247,0.03533191233873367,-0.5787268280982971
300,1648717611.5688307,41.69573974609375,-55.50490951538086,1610.2120361328125,0.998772919178009,-0.04530645161867142,0.019998498260974884,0.0493386872112751,0.9451907277107239,-0.3227696120738983,-0.004278848413378,0.32336026430130005,0.946266233921051
4,1648717611.6178505,-158.9774932861328,-29.448015213012695,1544.1318359375,-0.1083739846944809,-0.9900043606758118,0.09025794267654419,-0.5698963403701782,0.13626357913017273,0.8103396892547607,-0.8145386576652527,0.03638207167387009,-0.578967273235321
300,1648717611.6178772,41.68393325805664,-55.50431823730469,1610.2056884765625,0.9987761974334717,-0.04526173695921898,0.01993807591497898,0.0492778979241848,0.9451123476028442,-0.3230082094669342,-0.004223809111863375,0.32359540462493896,0.9461861252784729
4,1648717611.6478946,-159.12472534179688,-29.399404525756836,1544.1400146484375,-0.10778367519378662,-0.9905784726142883,0.08448032289743423,-0.5695631504058838,0.13117390871047974,0.8114131093025208,-0.8148499727249146,0.03934020549058914,-0.5783354043960571
300,1648717611.6479201,41.69746017456055,-55.50301742553711,1610.1961669921875,0.9987778663635254,-0.045380230993032455,0.019580679014325142,0.04927568510174751,0.9450011849403381,-0.3233337104320526,-0.0038308072835206985,0.3239034116268158,0.9460824131965637
4,1648717611.6869123,-159.25128173828125,-29.388633728027344,1544.1591796875,-0.10689718276262283,-0.9910975098609924,0.07936428487300873,-0.5693193078041077,0.12645460665225983,0.8123329281806946,-0.8151370882987976,0.041652482002973557,-0.5777686238288879
300,1648717611.6869388,41.70602798461914,-55.50455093383789,1610.21337890625,0.9987744688987732,-0.045277345925569534,0.019986912608146667,0.049307484179735184,0.9451856017112732,-0.3227892518043518,-0.004276301246136427,0.32337918877601624,0.9462597966194153
4,1648717611.735847,-159.31455993652344,-29.351613998413086,1544.1444091796875,-0.1072467640042305,-0.9911602139472961,0.07809998095035553,-0.5693501830101013,0.12562301754951477,0.8124402761459351,-0.8150696158409119,0.042665354907512665,-0.5777899026870728
300,1648717611.7358754,41.68453598022461,-55.50212860107422,1610.208740234375,0.9987789392471313,-0.04533287137746811,0.019636081531643867,0.049249302595853806,0.9449625015258789,-0.3234507143497467,-0.0038924121763557196,0.3240228295326233,0.9460412859916687
4,1648717611.7674649,-159.28126525878906,-29.288665771484375,1544.1207275390625,-0.1071447879076004,-0.9909577965736389,0.08076265454292297,-0.5684820413589478,0.12770234048366547,0.8127239942550659,-0.8156887292861938,0.04116702079772949,-0.5770244002342224
300,1648717611.7674882,41.68585968017578,-55.50484085083008,1610.20556640625,0.998777449131012,-0.0454118438065052,0.019530002027750015,0.04928863048553467,0.9450476169586182,-0.3231959044933319,-0.003779859747737646,0.3237634003162384,0.9461305141448975
4,1648717611.8050919,-159.16790771484375,-29.275779724121094,1544.097900390625,-0.10814111679792404,-0.9905368685722351,0.08451168239116669,-0.5683959126472473,0.1313505619764328,0.8122026324272156,-0.8156173229217529,0.03979640454053879,-0.5772214531898499
300,1648717611.805119,41.69151306152344,-55.500694274902344,1610.208740234375,0.9987804293632507,-0.04533535614609718,0.019553909078240395,0.049225181341171265,0.9449506998062134,-0.3234888017177582,-0.003812001319602132,0.32405683398246765,0.9460299611091614
4,1648717611.854079,-159.1276092529297,-29.3806095123291,1544.134033203125,-0.10803865641355515,-0.9904433488845825,0.08572963625192642,-0.5691572427749634,0.13232609629631042,0.8115108609199524,-0.815099835395813,0.03888090327382088,-0.5780143141746521
