300,1648718557.527738,41.67156219482422,-55.46786117553711,1610.1107177734375,0.9987989068031311,-0.045510221272706985,0.018152905628085136,0.0489385761320591,0.944705069065094,-0.3242489695549011,-0.0023924987763166428,0.3247479200363159,0.9457975625991821
4,1648718557.5277653,-355.4741516113281,-64.16529846191406,1592.4930419921875,-0.060819558799266815,-0.9206100702285767,0.38571757078170776,-0.8235011100769043,0.26464980840682983,0.5018032193183899,-0.5640451908111572,-0.28711938858032227,-0.774219274520874
300,1648718557.5775917,41.654666900634766,-55.47005081176758,1610.1009521484375,0.9987980127334595,-0.04556204751133919,0.018071934580802917,0.04895897954702377,0.9450274705886841,-0.32330501079559326,-0.0023480351082980633,0.3238012194633484,0.9461222290992737
4,1648718557.577618,-355.4783935546875,-64.50567626953125,1592.7625732421875,-0.059958700090646744,-0.9207571148872375,0.38550132513046265,-0.8255520462989807,0.2628385126590729,0.49937936663627625,-0.5611317157745361,-0.288309246301651,-0.7758923768997192
300,1648718557.6278853,41.65899658203125,-55.47367477416992,1610.12060546875,0.9987968802452087,-0.045568060129880905,0.018120834603905678,0.04898173362016678,0.9448589086532593,-0.32379376888275146,-0.0023669793736189604,0.32429179549217224,0.9459541440010071
4,1648718557.6279113,-355.4134826660156,-64.74280548095703,1592.96337890625,-0.05981854349374771,-0.9205923080444336,0.38591644167900085,-0.8267164826393127,0.2623579502105713,0.4977028965950012,-0.5594297051429749,-0.28927162289619446,-0.7767627239227295
300,1648718557.677932,41.66558074951172,-55.469085693359375,1610.1168212890625,0.9987938404083252,-0.0455927774310112,0.018226051703095436,0.04903906211256981,0.9448789358139038,-0.32372674345970154,-0.002461811760440469,0.3242300748825073,0.9459750652313232
4,1648718557.6779585,-355.4053955078125,-64.76361083984375,1592.9266357421875,-0.05933108180761337,-0.921475350856781,0.3838789165019989,-0.8271311521530151,0.26067641377449036,0.4978974163532257,-0.5588683485984802,-0.2879774272441864,-0.7776471972465515
300,1648718557.7280483,41.66342544555664,-55.47119903564453,1610.115478515625,0.998796820640564,-0.04566250368952751,0.017884645611047745,0.04899376258254051,0.9449675679206848,-0.3234747350215912,-0.002129743807017803,0.3239617943763733,0.946067750453949
4,1648718557.728075,-355.3948974609375,-64.89114379882812,1593.018310546875,-0.05778881907463074,-0.9239070415496826,0.37822771072387695,-0.828226625919342,0.25590112805366516,0.4985531270503998,-0.5574056506156921,-0.28444749116897583,-0.7799926400184631
300,1648718557.7781196,41.68360137939453,-55.470340728759766,1610.1058349609375,0.9987964034080505,-0.04571433737874031,0.017773224040865898,0.049006637185811996,0.9449785947799683,-0.3234406113624573,-0.002009441377595067,0.323922336101532,0.9460815191268921
4,1648718557.7781458,-355.254150390625,-65.05171966552734,1593.1571044921875,-0.05710139125585556,-0.9236611723899841,0.37893208861351013,-0.8293491005897522,0.2551863193511963,0.4970513582229614,-0.5558053255081177,-0.28588464856147766,-0.7806090116500854
300,1648718557.8282638,41.65986633300781,-55.46839141845703,1610.1041259765625,0.9987961649894714,-0.04559878259897232,0.01808282546699047,0.048997942358255386,0.9449314475059509,-0.32357969880104065,-0.002332190750166774,0.32407617568969727,0.9460281133651733
4,1648718557.8282902,-355.15924072265625,-65.25302124023438,1593.3111572265625,-0.05801117420196533,-0.9212914705276489,0.3845214247703552,-0.8312580585479736,0.25787782669067383,0.49245208501815796,-0.5528514385223389,-0.29106882214546204,-0.7807907462120056
300,1648718557.9317527,41.68752670288086,-55.46464157104492,1610.09228515625,0.9987980127334595,-0.0456339493393898,0.01789212040603161,0.048971645534038544,0.9445898532867432,-0.3245794177055359,-0.0020888736471533775,0.3250654935836792,0.9456892013549805
4,1648718557.9317796,-354.97210693359375,-65.20919036865234,1593.3489990234375,-0.05648846924304962,-0.9212079644203186,0.3849479854106903,-0.8310055136680603,0.2570897340774536,0.49328967928886414,-0.5533885359764099,-0.2920287251472473,-0.7800515294075012
300,1648718557.9688098,41.66379928588867,-55.47030258178711,1610.109130859375,0.9987916350364685,-0.045529868453741074,0.0185028575360775,0.049069467931985855,0.9448580741882324,-0.32378289103507996,-0.0027407805901020765,0.32429957389831543,0.945950448513031
4,1648718557.968835,-354.94024658203125,-65.25301361083984,1593.404052734375,-0.05643517151474953,-0.9203948378562927,0.38689589500427246,-0.8308090567588806,0.25819671154022217,0.49304234981536865,-0.5536888837814331,-0.29361170530319214,-0.7792437672615051
300,1648718558.000687,41.66936492919922,-55.473304748535156,1610.112548828125,0.9987931847572327,-0.04557262361049652,0.0183128509670496,0.049048200249671936,0.9448713660240173,-0.3237473666667938,-0.002549270633608103,0.3242548704147339,0.9459663033485413
4,1648718558.000712,-354.8795166015625,-65.24400329589844,1593.4073486328125,-0.056535668671131134,-0.9197733998298645,0.3883563280105591,-0.8308601379394531,0.25902748107910156,0.4925202429294586,-0.5536019802093506,-0.29482483863830566,-0.778847336769104
300,1648718558.046985,41.6865119934082,-55.46745681762695,1610.125244140625,0.9987912178039551,-0.045525938272476196,0.018533702939748764,0.04907603934407234,0.9448241591453552,-0.3238808810710907,-0.002766110235825181,0.324398934841156,0.9459162950515747
4,1648718558.0470114,-354.7303466796875,-65.18370056152344,1593.376708984375,-0.055609069764614105,-0.9197268486022949,0.38860028982162476,-0.8303470015525818,0.2587336003780365,0.4935390055179596,-0.5544650554656982,-0.29522785544395447,-0.7780803442001343
300,1648718558.0970352,41.66513442993164,-55.472633361816406,1610.12939453125,0.9987923502922058,-0.04557013511657715,0.018362857401371002,0.049062587320804596,0.9448047876358032,-0.3239395022392273,-0.0025873484555631876,0.32444924116134644,0.9458995461463928
4,1648718558.097062,-354.6837158203125,-65.20806884765625,1593.39501953125,-0.0552779883146286,-0.9191898107528687,0.38991600275039673,-0.829967200756073,0.2593933641910553,0.4938315153121948,-0.5550665259361267,-0.29631948471069336,-0.7772361040115356
300,1648718558.14709,41.676353454589844,-55.47012710571289,1610.120849609375,0.9987934827804565,-0.045523762702941895,0.018415292724967003,0.049035489559173584,0.9448358416557312,-0.32385292649269104,-0.0026564253494143486,0.32436519861221313,0.9459282159805298
4,1648718558.147116,-354.63427734375,-65.23831939697266,1593.4273681640625,-0.054811786860227585,-0.9192540049552917,0.3898303508758545,-0.8299381136894226,0.2590121328830719,0.49408045411109924,-0.5551562309265137,-0.2964536249637604,-0.77712082862854
300,1648718558.1972003,41.676517486572266,-55.47069549560547,1610.1025390625,0.9987935423851013,-0.04561067372560501,0.01819845661520958,0.04904770106077194,0.9447908401489258,-0.323982298374176,-0.002416683826595545,0.3244840204715729,0.945888102054596
4,1648718558.1972365,-354.5932312011719,-65.30735778808594,1593.4857177734375,-0.05464007705450058,-0.9184335470199585,0.3917834162712097,-0.8305299878120422,0.25961437821388245,0.4927680194377899,-0.554287314414978,-0.29846298694610596,-0.7769719958305359
300,1648718558.2475476,41.6596565246582,-55.470802307128906,1610.1116943359375,0.9987931847572327,-0.04560316354036331,0.018234768882393837,0.049050550907850266,0.9450304508209229,-0.3232823610305786,-0.002489714650437236,0.3237866461277008,0.9461268186569214
4,1648718558.247573,-354.5950622558594,-65.30914306640625,1593.49365234375,-0.055396668612957,-0.9173645973205566,0.3941743075847626,-0.8303601741790771,0.2615571618080139,0.4920262098312378,-0.5544665455818176,-0.3000500500202179,-0.7762324810028076
300,1648718558.2973576,41.67194747924805,-55.46977996826172,1610.104736328125,0.9987964630126953,-0.04566367715597153,0.017900114879012108,0.04900126904249191,0.944756805896759,-0.3240886926651001,-0.002112175105139613,0.3245757520198822,0.9458573460578918
4,1648718558.2973838,-354.56890869140625,-65.28758239746094,1593.462646484375,-0.056089721620082855,-0.9163408875465393,0.3964509069919586,-0.8303083181381226,0.2633259892463684,0.4911695122718811,-0.5544745326042175,-0.30162692070007324,-0.775615394115448
300,1648718558.3475633,41.66088104248047,-55.46711349487305,1610.1097412109375,0.998799204826355,-0.04553089290857315,0.01808563433587551,0.04893526807427406,0.9448462128639221,-0.32383784651756287,-0.002343517728149891,0.3243339955806732,0.9459397196769714
4,1648718558.3475902,-354.5885925292969,-65.2663803100586,1593.4498291015625,-0.0560794435441494,-0.915854811668396,0.3975740075111389,-0.8298833966255188,0.264151930809021,0.4914441406726837,-0.5551114082336426,-0.30238014459609985,-0.7748661637306213
300,1648718558.3826246,41.66028594970703,-55.4696044921875,1610.1202392578125,0.9987984895706177,-0.045633964240550995,0.017863070592284203,0.04896053671836853,0.9448524117469788,-0.3238159120082855,-0.0021009615156799555,0.32430145144462585,0.9459514617919922
4,1648718558.3826497,-354.56671142578125,-65.26663970947266,1593.42822265625,-0.05639331042766571,-0.9156467914581299,0.3980084955692291,-0.8302978873252869,0.26439395546913147,0.49061319231987,-0.5544594526290894,-0.3027983009815216,-0.7751696109771729
300,1648718558.4181128,41.67162322998047,-55.47245407104492,1610.1484375,0.9987919926643372,-0.04549139365553856,0.01857658103108406,0.04905553162097931,0.9450245499610901,-0.32329893112182617,-0.0028480058535933495,0.32381966710090637,0.9461145401000977
4,1648718558.4181397,-354.5355224609375,-65.31549835205078,1593.470947265625,-0.055960945785045624,-0.9154254198074341,0.3985782861709595,-0.8304393887519836,0.2642979621887207,0.49042537808418274,-0.554291307926178,-0.3035504221916199,-0.7749956846237183
300,1648718558.469991,41.66545486450195,-55.47341537475586,1610.1470947265625,0.9987949728965759,-0.0455634631216526,0.018237126991152763,0.04901494085788727,0.9448782205581665,-0.3237323462963104,-0.002481497125700116,0.324236124753952,0.9459729194641113
4,1648718558.4700155,-354.5465393066406,-65.35637664794922,1593.48583984375,-0.055857136845588684,-0.9161564707756042,0.3969096839427948,-0.8312605023384094,0.2628776729106903,0.4897972643375397,-0.5530695915222168,-0.3025766611099243,-0.7762482762336731
300,1648718558.5033019,41.664825439453125,-55.47705841064453,1610.1474609375,0.9987899661064148,-0.04547617956995964,0.01872098632156849,0.04908926412463188,0.9448744654655457,-0.3237321674823761,-0.002966878702864051,0.3242594599723816,0.9459635019302368
4,1648718558.5033267,-354.56085205078125,-65.36117553710938,1593.49951171875,-0.055018749088048935,-0.9164595007896423,0.39632681012153625,-0.8312128186225891,0.26196277141571045,0.4903680086135864,-0.5532252788543701,-0.3024524748325348,-0.7761857509613037
300,1648718558.5388176,41.67467498779297,-55.4756965637207,1610.1339111328125,0.9987913370132446,-0.04554353654384613,0.018484201282262802,0.049075257033109665,0.9449872970581055,-0.3234047293663025,-0.0027383402921259403,0.32392096519470215,0.946080207824707
4,1648718558.5388453,-354.5551452636719,-65.34321594238281,1593.50341796875,-0.055255595594644547,-0.9165371060371399,0.3961142897605896,-0.8309386372566223,0.2621765434741974,0.4907183051109314,-0.5536134243011475,-0.3020317256450653,-0.7760728001594543
300,1648718558.5885143,41.667720794677734,-55.46898651123047,1610.1248779296875,0.9987920522689819,-0.04556315764784813,0.01839619316160679,0.04906682297587395,0.9448020458221436,-0.32394683361053467,-0.0026207207702100277,0.32445815205574036,0.9458963871002197
4,1648718558.5885406,-354.593994140625,-65.34117126464844,1593.4940185546875,-0.056186743080616,-0.916725218296051,0.39554765820503235,-0.8311641812324524,0.26244938373565674,0.49019014835357666,-0.5531809329986572,-0.30122286081314087,-0.7766953706741333
300,1648718558.6236377,41.65850830078125,-55.46571350097656,1610.1231689453125,0.9987971186637878,-0.045601677149534225,0.018021123483777046,0.04898253455758095,0.9446658492088318,-0.32435643672943115,-0.0022327417973428965,0.324849009513855,0.9457632303237915
4,1648718558.6236646,-354.62518310546875,-65.32546997070312,1593.49365234375,-0.056017402559518814,-0.916545569896698,0.39598777890205383,-0.8309174180030823,0.2626921236515045,0.49047842621803284,-0.5535686612129211,-0.3015578091144562,-0.7762889862060547
300,1648718558.6610744,41.66910171508789,-55.47157287597656,1610.140380859375,0.9987890124320984,-0.04544130340218544,0.018857117742300034,0.04909984767436981,0.9449331164360046,-0.32355934381484985,-0.0031157569028437138,0.32409340143203735,0.9460199475288391
4,1648718558.6610992,-354.6162109375,-65.29871368408203,1593.4755859375,-0.05577416718006134,-0.9172694087028503,0.3943425416946411,-0.8309420943260193,0.261615514755249,0.49101173877716064,-0.5535562038421631,-0.300290048122406,-0.7767891883850098
300,1648718558.709007,41.6671257019043,-55.46924591064453,1610.1361083984375,0.9987964034080505,-0.045532651245594025,0.018235918134450912,0.04898587241768837,0.9448179602622986,-0.32391268014907837,-0.002481017727404833,0.3244161307811737,0.9459112286567688
4,1648718558.709034,-354.692626953125,-65.31710052490234,1593.5020751953125,-0.05570622533559799,-0.9184141755104065,0.39167869091033936,-0.8310524821281433,0.2600788176059723,0.4916408956050873,-0.5533972978591919,-0.29811808466911316,-0.7777383923530579
300,1648718558.7588909,41.6616325378418,-55.468414306640625,1610.13134765625,0.9987980723381042,-0.04560896381735802,0.017949707806110382,0.04896433651447296,0.9449476003646851,-0.3235374987125397,-0.0022053245920687914,0.32402750849723816,0.9460451006889343
4,1648718558.7589161,-354.7325134277344,-65.30024719238281,1593.4644775390625,-0.05507679283618927,-0.9189097285270691,0.39060401916503906,-0.8308280110359192,0.25915026664733887,0.4925099015235901,-0.5537972450256348,-0.2973988652229309,-0.7777290344238281
410,1648718558.7589343,-351.73614501953125,-229.66001892089844,1468.723876953125,-0.08418399095535278,0.8092415928840637,-0.5814129710197449,-0.8354456424713135,-0.375332772731781,-0.401442289352417,-0.5430871844291687,0.45194393396377563,0.7076743841171265
300,1648718558.809195,41.67768096923828,-55.466392517089844,1610.1015625,0.9988024830818176,-0.045735109597444534,0.017376665025949478,0.04889873415231705,0.9448038935661316,-0.3239668607711792,-0.0016008818056434393,0.32442858815193176,0.9459088444709778
4,1648718558.8092313,-354.8708801269531,-65.2371826171875,1593.43701171875,-0.05607888847589493,-0.9201026558876038,0.38764193654060364,-0.8311647176742554,0.2581385672092438,0.4924730360507965,-0.553191065788269,-0.2945769429206848,-0.7792329788208008
410,1648718558.8092499,-351.7060546875,-222.91978454589844,1470.5440673828125,-0.08725257217884064,0.8094019293785095,-0.5807369947433472,-0.8276058435440063,-0.3833771347999573,-0.4099884331226349,-0.5544867515563965,0.44484880566596985,0.7033164501190186
300,1648718558.859272,41.67070007324219,-55.47167205810547,1610.1112060546875,0.9987952709197998,-0.04548860341310501,0.018407385796308517,0.048999108374118805,0.9449059367179871,-0.3236539363861084,-0.002670680871233344,0.3241659700870514,0.9459964632987976
4,1648718558.859313,-355.09100341796875,-65.13709259033203,1593.3702392578125,-0.057265590876340866,-0.9211578965187073,0.38495299220085144,-0.8309561610221863,0.2577049434185028,0.4930517375469208,-0.5533827543258667,-0.2916441559791565,-0.7801994681358337
410,1648718558.8593423,-351.2525634765625,-217.71353149414062,1472.9757080078125,-0.0896938368678093,0.8012798428535461,-0.5915282368659973,-0.8239865303039551,-0.39332348108291626,-0.4078514575958252,-0.5594651103019714,0.45082953572273254,0.6955224871635437
300,1648718558.909401,41.677181243896484,-55.467342376708984,1610.10107421875,0.9987968802452087,-0.04553808271884918,0.018193859606981277,0.04897591844201088,0.9450094103813171,-0.32335519790649414,-0.0024683931842446327,0.32385721802711487,0.9461027383804321
4,1648718558.9094427,-355.24810791015625,-65.02922821044922,1593.2880859375,-0.058823928236961365,-0.9215919375419617,0.38367706537246704,-0.8298008441925049,0.25880226492881775,0.4944207966327667,-0.5549507141113281,-0.2892917990684509,-0.7799615263938904
410,1648718558.9094715,-351.1622009277344,-213.1794891357422,1474.5186767578125,-0.09471524506807327,0.7979027032852173,-0.5952985286712646,-0.8178092241287231,-0.40333932638168335,-0.4104941487312317,-0.5676416754722595,0.4479605555534363,0.6907345652580261
300,1648718558.9595041,41.675235748291016,-55.46670150756836,1610.095947265625,0.998797595500946,-0.0456371046602726,0.017905836924910545,0.04897692799568176,0.9449194073677063,-0.32361799478530884,-0.0021505849435925484,0.3241058588027954,0.946018397808075
4,1648718558.9595313,-355.2575988769531,-64.87456512451172,1593.16259765625,-0.05872476473450661,-0.9214926362037659,0.38393059372901917,-0.8285911679267883,0.25949302315711975,0.49608466029167175,-0.5567656755447388,-0.2889890670776367,-0.7787793874740601
410,1648718558.9595497,-351.20709228515625,-209.80203247070312,1475.0054931640625,-0.09878364950418472,0.7947449088096619,-0.5988508462905884,-0.8122398257255554,-0.41206663846969604,-0.4128771722316742,-0.5748984813690186,0.4456250071525574,0.68622887134552
300,1648718559.0095916,41.67354202270508,-55.46829605102539,1610.1279296875,0.9987921714782715,-0.04550880938768387,0.0185251347720623,0.049056604504585266,0.9448781609535217,-0.3237262964248657,-0.002771597122773528,0.32424408197402954,0.9459694027900696
4,1648718559.0096183,-355.2438049316406,-64.67516326904297,1593.0333251953125,-0.058729518204927444,-0.9222118854522705,0.3821989893913269,-0.8280206322669983,0.2588585913181305,0.49736714363098145,-0.5576133728027344,-0.2872585356235504,-0.7788131237030029
410,1648718559.009636,-351.3905334472656,-208.38958740234375,1474.117431640625,-0.10343538224697113,0.7934053540229797,-0.5998408794403076,-0.8074095249176025,-0.41916540265083313,-0.41519901156425476,-0.5808536410331726,0.44137099385261536,0.6839595437049866
300,1648718559.0596807,41.66986083984375,-55.46710968017578,1610.1260986328125,0.9987954497337341,-0.04556303098797798,0.018210027366876602,0.049006007611751556,0.9448438286781311,-0.323834091424942,-0.002450769767165184,0.324336439371109,0.9459386467933655
4,1648718559.059708,-355.4704895019531,-64.56112670898438,1592.9097900390625,-0.06057513505220413,-0.9214420318603516,0.38376450538635254,-0.8269227743148804,0.2616569995880127,0.4977291524410248,-0.5590432286262512,-0.28719362616539,-0.7778113484382629
410,1648718559.0597272,-352.8013916015625,-207.5355224609375,1473.22314453125,-0.10919100791215897,0.7939468026161194,-0.5981018543243408,-0.8041658997535706,-0.424237459897995,-0.4163409471511841,-0.5842897891998291,0.4355124235153198,0.6847878694534302
300,1648718559.1097586,41.65831756591797,-55.46737289428711,1610.095947265625,0.9987998604774475,-0.045686233788728714,0.01765303686261177,0.048941824585199356,0.9448602795600891,-0.32379579544067383,-0.001886642654426396,0.32427117228507996,0.9459623098373413
4,1648718559.1097856,-356.1603088378906,-64.39083099365234,1592.708740234375,-0.06185251101851463,-0.9271135926246643,0.3696412146091461,-0.8262847065925598,0.25530168414115906,0.5020703077316284,-0.5598462224006653,-0.2743745744228363,-0.7818508744239807
410,1648718559.109804,-353.84552001953125,-207.1422576904297,1472.9937744140625,-0.11329466104507446,0.7939053177833557,-0.5973932147026062,-0.8012857437133789,-0.4285148084163666,-0.4175119400024414,-0.5874567627906799,0.4313807785511017,0.684693455696106
300,1648718559.1599236,41.66617202758789,-55.467342376708984,1610.1005859375,0.9987918734550476,-0.04556948319077492,0.018389089033007622,0.04907010495662689,0.9448505640029907,-0.32380473613739014,-0.002619328675791621,0.3243158757686615,0.9459452033042908
4,1648718559.1599503,-356.32647705078125,-64.40247344970703,1592.681396484375,-0.06165505200624466,-0.9290561079978943,0.36476486921310425,-0.8270785808563232,0.2521264851093292,0.5023676753044128,-0.5586946606636047,-0.27071571350097656,-0.783947229385376
410,1648718559.1599689,-354.33880615234375,-206.71519470214844,1473.31884765625,-0.11104077100753784,0.7955270409584045,-0.5956564545631409,-0.8028576970100403,-0.42506107687950134,-0.4180222153663635,-0.5857383608818054,0.4318098723888397,0.6858941316604614
300,1648718559.2099764,41.65569305419922,-55.47124481201172,1610.086669921875,0.9987972378730774,-0.04546729847788811,0.018350670114159584,0.04896104335784912,0.9448487162590027,-0.3238266110420227,-0.002615086268633604,0.32433560490608215,0.9459384679794312
4,1648718559.210003,-356.53631591796875,-64.4014892578125,1592.6912841796875,-0.06373544037342072,-0.9300126433372498,0.36195889115333557,-0.8267339468002319,0.2523541748523712,0.5028204321861267,-0.5589712262153625,-0.2671962082386017,-0.7849569320678711
410,1648718559.2100203,-353.528076171875,-206.45559692382812,1474.29833984375,-0.11264979839324951,0.7923067808151245,-0.5996332168579102,-0.8023838400840759,-0.42848604917526245,-0.4154272973537445,-0.5860803127288818,0.43433821201324463,0.6840030550956726
300,1648718559.2600796,41.65823745727539,-55.467918395996094,1610.09423828125,0.9987950921058655,-0.04555213823914528,0.01825828291475773,0.04901205375790596,0.9447520971298218,-0.3241007328033447,-0.002486069453880191,0.3246051073074341,0.9458463788032532
4,1648718559.2601056,-356.4218444824219,-64.38148498535156,1592.68505859375,-0.06164218857884407,-0.9303820729255676,0.36137160658836365,-0.8269450664520264,0.25034546852111816,0.5034769177436829,-0.558893620967865,-0.26779904961586,-0.7848067283630371
410,1648718559.2601242,-352.8948059082031,-204.667724609375,1475.31103515625,-0.1078992635011673,0.7956690788269043,-0.5960440039634705,-0.8018595576286316,-0.42406725883483887,-0.42093729972839355,-0.5876895189285278,0.43252474069595337,0.6837714314460754
300,1648718559.31019,41.67342758178711,-55.47040939331055,1610.085693359375,0.9987917542457581,-0.04555553197860718,0.018431229516863823,0.049069568514823914,0.9449726939201355,-0.3234483301639557,-0.0026821482460945845,0.32396194338798523,0.9460663199424744
4,1648718559.3102329,-356.423583984375,-64.3373794555664,1592.650634765625,-0.06325169652700424,-0.9303514361381531,0.3611723482608795,-0.8262665867805481,0.2517842650413513,0.5038732290267944,-0.5597167015075684,-0.2665538191795349,-0.7846440672874451
410,1648718559.3102558,-351.6336975097656,-202.99227905273438,1477.1195068359375,-0.10345678776502609,0.7921804189682007,-0.601453959941864,-0.8018746972084045,-0.4241950213909149,-0.42077967524528503,-0.5884671807289124,0.4387582242488861,0.6791152954101562
300,1648718559.3604343,41.6558952331543,-55.46584701538086,1610.1094970703125,0.9987999200820923,-0.04553425684571266,0.01803656853735447,0.04892059788107872,0.9451175332069397,-0.32304733991622925,-0.002336957724764943,0.3235419988632202,0.9462109208106995
4,1648718559.360464,-356.3308410644531,-64.36068725585938,1592.6844482421875,-0.0615527480840683,-0.9304336309432983,0.36125415563583374,-0.826443076133728,0.2504541873931885,0.5042465329170227,-0.5596455335617065,-0.26751822233200073,-0.7843665480613708
410,1648718559.360483,-350.43206787109375,-201.71737670898438,1478.9119873046875,-0.100342757999897,0.7864676117897034,-0.609425961971283,-0.8031347990036011,-0.4255732595920563,-0.416967511177063,-0.5872868299484253,0.447611540555954,0.674342691898346
300,1648718559.4102376,41.666690826416016,-55.46670913696289,1610.1077880859375,0.9987970590591431,-0.04563715308904648,0.017934871837496758,0.04898708313703537,0.9448140263557434,-0.3239239752292633,-0.0021621508058160543,0.32441288232803345,0.9459131360054016
4,1648718559.4102654,-356.2559814453125,-64.39237213134766,1592.70751953125,-0.06068187952041626,-0.9295984506607056,0.36354419589042664,-0.8272207379341125,0.2506587505340576,0.5028678178787231,-0.5585906505584717,-0.27021634578704834,-0.7841935753822327
410,1648718559.410283,-349.9214172363281,-199.82579040527344,1480.1094970703125,-0.09759294241666794,0.786388635635376,-0.609974205493927,-0.8024371862411499,-0.42472216486930847,-0.41917258501052856,-0.5887021422386169,0.4485577344894409,0.6724773645401001
300,1648718559.4603493,41.65732955932617,-55.4703369140625,1610.086669921875,0.998801052570343,-0.045589134097099304,0.017834097146987915,0.048908162862062454,0.9449427127838135,-0.3235602378845215,-0.002101369434967637,0.3240445554256439,0.9460394978523254
4,1648718559.4603765,-356.26727294921875,-64.38775634765625,1592.7298583984375,-0.05909942463040352,-0.929745614528656,0.3634285628795624,-0.8269413113594055,0.24952957034111023,0.503887951374054,-0.5591737627983093,-0.2707546055316925,-0.7835921049118042
410,1648718559.460395,-349.7314758300781,-197.90708923339844,1480.9451904296875,-0.09751524776220322,0.7865727543830872,-0.6097491979598999,-0.801372230052948,-0.42536431550979614,-0.4205564856529236,-0.5901638269424438,0.44762539863586426,0.6718170642852783
300,1648718559.5103965,41.661590576171875,-55.477684020996094,1610.09228515625,0.9988000392913818,-0.04547293111681938,0.018185535445809364,0.048912473022937775,0.9448956251144409,-0.3236970603466034,-0.002463978249579668,0.3241981267929077,0.9459859728813171
4,1648718559.5104222,-356.3114013671875,-64.42737579345703,1592.7347412109375,-0.06186174601316452,-0.929317057132721,0.36406442523002625,-0.8267476558685303,0.25206443667411804,0.502943217754364,-0.5591614246368408,-0.2698764503002167,-0.7839038372039795
410,1648718559.5104399,-349.3796691894531,-196.3255615234375,1482.4764404296875,-0.09991304576396942,0.7810837030410767,-0.6163811087608337,-0.8016597032546997,-0.4301333427429199,-0.4151228666305542,-0.5893717408180237,0.452651709318161,0.6691392660140991
300,1648718559.5605576,41.65618133544922,-55.46889114379883,1610.1031494140625,0.9988020658493042,-0.04555153846740723,0.01787320151925087,0.04888581484556198,0.9448614120483398,-0.3238010108470917,-0.002138064242899418,0.32428687810897827,0.9459563493728638
4,1648718559.5605845,-356.2907409667969,-64.48865509033203,1592.763427734375,-0.06294466555118561,-0.9280840754508972,0.36701223254203796,-0.8275360465049744,0.25409582257270813,0.5006190538406372,-0.5578728318214417,-0.27220454812049866,-0.7840169668197632
410,1648718559.5606031,-349.3488464355469,-194.53282165527344,1483.839599609375,-0.10315626114606857,0.7803081274032593,-0.6168290376663208,-0.8046879768371582,-0.42998775839805603,-0.4093749225139618,-0.5846675038337708,0.454125314950943,0.6722604632377625
300,1648718559.6106079,41.650028228759766,-55.471553802490234,1610.0992431640625,0.9987984299659729,-0.04558205232024193,0.018000664189457893,0.048955801874399185,0.9448888301849365,-0.32371047139167786,-0.0022532381117343903,0.3242027461528778,0.945984959602356
4,1648718559.610634,-356.2489318847656,-64.4780044555664,1592.777099609375,-0.06298625469207764,-0.9279766082763672,0.36727669835090637,-0.8270393013954163,0.25451233983039856,0.5012280344963074,-0.5586043000221252,-0.27218177914619446,-0.7835038900375366
410,1648718559.610652,-349.27508544921875,-192.74461364746094,1485.0831298828125,-0.10564611107110977,0.7791067361831665,-0.617925226688385,-0.8048735857009888,-0.4319173991680145,-0.4069715440273285,-0.5839669108390808,0.45435672998428345,0.6727128624916077
300,1648718559.6607106,41.663970947265625,-55.467411041259766,1610.099365234375,0.998794674873352,-0.04565081745386124,0.018033478409051895,0.049032632261514664,0.9447200894355774,-0.3241909146308899,-0.002237010048702359,0.32468438148498535,0.9458197951316833
4,1648718559.6607504,-356.22412109375,-64.431396484375,1592.7376708984375,-0.06276340782642365,-0.92694091796875,0.3699205815792084,-0.826508641242981,0.25603196024894714,0.5013293027877808,-0.5594141483306885,-0.2742774486541748,-0.7821941375732422
410,1648718559.6607692,-349.3619079589844,-190.5925750732422,1486.344482421875,-0.10624523460865021,0.7799010872840881,-0.6168195009231567,-0.8053042888641357,-0.4313660264015198,-0.40670421719551086,-0.5832640528678894,0.45351698994636536,0.6738882660865784
300,1648718559.710783,41.63957977294922,-55.474117279052734,1610.1278076171875,0.9987958669662476,-0.04554371163249016,0.01823608949780464,0.04899478331208229,0.9450260996818542,-0.32330361008644104,-0.002509133890271187,0.32380780577659607,0.9461195468902588
4,1648718559.7108092,-356.2850341796875,-64.4130859375,1592.715087890625,-0.06528322398662567,-0.9259772896766663,0.37189263105392456,-0.8259804844856262,0.259260892868042,0.5005397796630859,-0.5599057078361511,-0.27449920773506165,-0.781764566898346
410,1648718559.7108262,-349.44775390625,-188.4851837158203,1487.9114990234375,-0.10569989681243896,0.7811196446418762,-0.6153695583343506,-0.8029380440711975,-0.4321071207523346,-0.4105775058269501,-0.5866156816482544,0.4507056176662445,0.6728643774986267
300,1648718559.760941,41.65030288696289,-55.475284576416016,1610.1103515625,0.9987990856170654,-0.04551727697253227,0.018125083297491074,0.048936955630779266,0.9446026086807251,-0.3245474696159363,-0.0023484837729483843,0.325044721364975,0.9456957578659058
4,1648718559.7609673,-356.3712463378906,-64.31023406982422,1592.6209716796875,-0.06448354572057724,-0.9266588687896729,0.37033119797706604,-0.8261867165565491,0.25771191716194153,0.5009990930557251,-0.5596939921379089,-0.2736565172672272,-0.782211422920227
410,1648718559.7609851,-349.15460205078125,-186.6656951904297,1489.3453369140625,-0.10887621343135834,0.778708815574646,-0.6178661584854126,-0.8016184568405151,-0.4363412857055664,-0.40867364406585693,-0.5878382921218872,0.45079806447029114,0.6717345118522644
300,1648718559.810984,41.662315368652344,-55.475372314453125,1610.1134033203125,0.998802900314331,-0.045429494231939316,0.01813538745045662,0.048856258392333984,0.9447462558746338,-0.3241412341594696,-0.0024077666457742453,0.324639230966568,0.9458348751068115
4,1648718559.8110104,-356.4984130859375,-64.2598648071289,1592.5731201171875,-0.06566976755857468,-0.9280719757080078,0.36656492948532104,-0.8253436088562012,0.2569790482521057,0.5027620196342468,-0.5607988834381104,-0.26952576637268066,-0.7828540802001953
410,1648718559.8110273,-348.8502197265625,-184.7036590576172,1490.2879638671875,-0.10983166843652725,0.7776776552200317,-0.6189947724342346,-0.8017670512199402,-0.43739137053489685,-0.40725719928741455,-0.5874577760696411,0.451559841632843,0.6715556979179382
300,1648718559.8611624,41.65031433105469,-55.47806930541992,1610.1097412109375,0.998801052570343,-0.04549574851989746,0.018072741106152534,0.04889792948961258,0.9448360204696655,-0.3238733410835266,-0.002340916311368346,0.32436874508857727,0.9459277987480164
4,1648718559.8611872,-356.3633728027344,-64.41630554199219,1592.69970703125,-0.06292346119880676,-0.9278654456138611,0.3675682246685028,-0.8268123269081116,0.2547328472137451,0.5014903545379639,-0.5589472651481628,-0.2723544239997864,-0.7831992506980896
410,1648718559.8612294,-348.3017578125,-182.83937072753906,1491.748291015625,-0.10717654973268509,0.7765600085258484,-0.6208604574203491,-0.8025906682014465,-0.43614405393600464,-0.4069724977016449,-0.5868231654167175,0.4546789228916168,0.6700042486190796
300,1648718559.9111252,41.67811965942383,-55.46928405761719,1610.109375,0.9987894296646118,-0.04569784551858902,0.018204117193818092,0.049132611602544785,0.9447029232978821,-0.3242257535457611,-0.002381065394729376,0.3247276842594147,0.9458045363426208
4,1648718559.911224,-356.22723388671875,-64.47925567626953,1592.77392578125,-0.06438053399324417,-0.9281279444694519,0.3666519224643707,-0.8263735771179199,0.2555539011955261,0.5017956495285034,-0.559429943561554,-0.2706855833530426,-0.7834331393241882
410,1648718559.911245,-347.4051208496094,-181.22512817382812,1493.47412109375,-0.10177935659885406,0.7758522629737854,-0.6226509213447571,-0.8053075671195984,-0.4317266047000885,-0.4063149392604828,-0.5840553641319275,0.46007105708122253,0.6687405705451965
300,1648718559.961253,41.66175842285156,-55.4725227355957,1610.12744140625,0.9987895488739014,-0.0455591157078743,0.018540918827056885,0.04910906031727791,0.9449052810668945,-0.32363924384117126,-0.002774694934487343,0.3241580128669739,0.9459989070892334
4,1648718559.9612808,-356.1859436035156,-64.53144836425781,1592.8238525390625,-0.062283169478178024,-0.9274068474769592,0.36883246898651123,-0.8272051215171814,0.2547389566898346,0.5008389949798584,-0.5584375262260437,-0.27390629053115845,-0.7830216288566589
410,1648718559.961299,-346.6581115722656,-179.8056640625,1495.1728515625,-0.0977526381611824,0.7748245000839233,-0.6245729923248291,-0.8063130378723145,-0.4295235276222229,-0.4066556692123413,-0.5833555459976196,0.46384966373443604,0.6667381525039673
300,1648718560.0113044,41.659576416015625,-55.4727668762207,1610.1080322265625,0.9987972378730774,-0.045521099120378494,0.0182197168469429,0.048968587070703506,0.9449626207351685,-0.3234930634498596,-0.002491191029548645,0.3239961564540863,0.9460551142692566
4,1648718560.011331,-356.17828369140625,-64.5733642578125,1592.864990234375,-0.06283657252788544,-0.9274507164955139,0.36862823367118835,-0.8271084427833557,0.25509509444236755,0.5008174777030945,-0.5585187673568726,-0.2734258770942688,-0.7831315994262695
410,1648718560.0113494,-346.1571044921875,-178.98687744140625,1496.313232421875,-0.09831755608320236,0.773347020149231,-0.6263130307197571,-0.8059026002883911,-0.4311016798019409,-0.40579843521118164,-0.5838276147842407,0.46485018730163574,0.6656272411346436
300,1648718560.0613813,41.66524124145508,-55.47179412841797,1610.1044921875,0.998797595500946,-0.045504406094551086,0.018239015713334084,0.04895920678973198,0.9449423551559448,-0.32355356216430664,-0.0025117052718997,0.32405751943588257,0.9460340738296509
4,1648718560.0614076,-356.23052978515625,-64.4229736328125,1592.714599609375,-0.06122849881649017,-0.9273737072944641,0.3690922260284424,-0.8269032835960388,0.25422894954681396,0.5015960335731506,-0.5590009093284607,-0.2744916081428528,-0.782414436340332
410,1648718560.0614257,-346.2783203125,-178.24850463867188,1496.3328857421875,-0.09859584271907806,0.7739805579185486,-0.6254861950874329,-0.8066117763519287,-0.43026986718177795,-0.40527185797691345,-0.5828003883361816,0.4645663797855377,0.666724681854248
300,1648718560.111466,41.648681640625,-55.4741325378418,1610.0965576171875,0.9988035559654236,-0.04553334414958954,0.017838574945926666,0.04885729029774666,0.944875180721283,-0.3237650990486145,-0.0021131194662302732,0.324249267578125,0.9459693431854248
4,1648718560.1114926,-356.2996826171875,-64.32955169677734,1592.62939453125,-0.06562366336584091,-0.9280154705047607,0.36671629548072815,-0.8254606127738953,0.2569699287414551,0.502574622631073,-0.5606321096420288,-0.26972904801368713,-0.7829034924507141
410,1648718560.1115105,-346.5212707519531,-177.58619689941406,1496.1947021484375,-0.10182620584964752,0.7758108973503113,-0.6226948499679565,-0.8062071800231934,-0.43106773495674133,-0.40522903203964233,-0.582804799079895,0.46075811982154846,0.6693583130836487
300,1648718560.1614912,41.665733337402344,-55.466495513916016,1610.0989990234375,0.9987947344779968,-0.04556440934538841,0.018248163163661957,0.04901931434869766,0.9448906779289246,-0.3236953914165497,-0.00249353121034801,0.32419976592063904,0.9459853768348694
4,1648718560.1615176,-356.16900634765625,-64.4035873413086,1592.699462890625,-0.062141310423612595,-0.9269620180130005,0.369972825050354,-0.826181173324585,0.2557503879070282,0.502012312412262,-0.559967041015625,-0.27446889877319336,-0.7817312479019165
410,1648718560.161536,-346.8316955566406,-177.10232543945312,1496.4725341796875,-0.1025710254907608,0.7762083411216736,-0.6220769882202148,-0.8066714406013489,-0.43082520365715027,-0.40456247329711914,-0.5820311903953552,0.46031537652015686,0.6703352928161621
300,1648718560.211573,41.65645217895508,-55.46847915649414,1610.094482421875,0.9987940788269043,-0.04565172642469406,0.018063709139823914,0.04904353246092796,0.9446872472763062,-0.3242848813533783,-0.00226039276458323,0.3247797191143036,0.9457870125770569
4,1648718560.2116,-356.26434326171875,-64.42655181884766,1592.71875,-0.06298130005598068,-0.9274961352348328,0.3684891164302826,-0.8267608880996704,0.25529944896698,0.5012869834899902,-0.5590168237686157,-0.2730806767940521,-0.7828966379165649
410,1648718560.211618,-347.0032043457031,-176.43553161621094,1496.9814453125,-0.1032368540763855,0.7772448658943176,-0.6206710338592529,-0.8063607215881348,-0.4307374358177185,-0.40527477860450745,-0.5823439955711365,0.45864546298980713,0.6712077260017395
300,1648718560.2615962,41.65321350097656,-55.468875885009766,1610.09814453125,0.9987987875938416,-0.04560074955224991,0.017931614071130753,0.04895130172371864,0.9448587894439697,-0.323798805475235,-0.002177375601604581,0.32428762316703796,0.9459560513496399
4,1648718560.2616234,-356.3340148925781,-64.39620208740234,1592.6705322265625,-0.06426730006933212,-0.9273750185966492,0.3685719072818756,-0.8264374732971191,0.2564750611782074,0.501220166683197,-0.5593485832214355,-0.27238956093788147,-0.7829004526138306
410,1648718560.2616415,-347.0833435058594,-175.76751708984375,1497.6148681640625,-0.10529086738824844,0.7780214548110962,-0.6193516254425049,-0.8055312633514404,-0.43193507194519043,-0.40564945340156555,-0.5831236839294434,0.4561959207057953,0.6721994280815125
300,1648718560.3116677,41.661563873291016,-55.47016525268555,1610.0986328125,0.9987987279891968,-0.045585330575704575,0.017972828820347786,0.04895036667585373,0.9448172450065613,-0.3239201009273529,-0.0022150345612317324,0.3244107663631439,0.9459137320518494
4,1648718560.3116946,-356.32470703125,-64.3890609741211,1592.65380859375,-0.06404469907283783,-0.9271954298019409,0.3690621554851532,-0.8265547752380371,0.25651443004608154,0.501006543636322,-0.5592007637023926,-0.2729632556438446,-0.7828062176704407
410,1648718560.311712,-347.08404541015625,-175.15512084960938,1498.13818359375,-0.10451166331768036,0.7777662873268127,-0.6198039650917053,-0.8071338534355164,-0.4304434359073639,-0.40404626727104187,-0.58104407787323,0.45803719758987427,0.6727478504180908
300,1648718560.3617282,41.648277282714844,-55.46927261352539,1610.095947265625,0.9988011121749878,-0.045519884675741196,0.01800740696489811,0.04889897257089615,0.9449200630187988,-0.3236278295516968,-0.002284058602526784,0.3241203725337982,0.9460130929946899
4,1648718560.36177,-356.44964599609375,-64.40211486816406,1592.6900634765625,-0.06740693002939224,-0.9271629452705383,0.3685447573661804,-0.8256691694259644,0.25920650362968445,0.5010811686515808,-0.5601130723953247,-0.2705197036266327,-0.7830021977424622
410,1648718560.3617892,-347.0606384277344,-174.5346221923828,1498.5574951171875,-0.1053299605846405,0.7780126929283142,-0.6193559765815735,-0.8064126372337341,-0.4312700629234314,-0.404604434967041,-0.5818970799446106,0.45683953166007996,0.6728249788284302
300,1648718560.4117813,41.655364990234375,-55.47180938720703,1610.0948486328125,0.9987973570823669,-0.04551363363862038,0.018231544643640518,0.04896543174982071,0.9449533820152283,-0.3235205411911011,-0.0025033634155988693,0.32402417063713074,0.9460455179214478
4,1648718560.4118078,-356.20330810546875,-64.45181274414062,1592.773681640625,-0.06173025444149971,-0.9260778427124023,0.3722488284111023,-0.8266596794128418,0.2564358413219452,0.5008736848831177,-0.5593059659004211,-0.2768040597438812,-0.7813810706138611
410,1648718560.4118252,-347.0696105957031,-173.8207550048828,1498.67333984375,-0.10594389587640762,0.7792664170265198,-0.617672860622406,-0.8063949346542358,-0.43077823519706726,-0.40516334772109985,-0.5818102359771729,0.4551636576652527,0.6740347743034363
300,1648718560.4618852,41.66224670410156,-55.47002410888672,1610.0936279296875,0.9987937211990356,-0.04564714431762695,0.018095845356583595,0.04904915392398834,0.9447556734085083,-0.32408469915390015,-0.0023026098497211933,0.3245813548564911,0.9458549618721008
